0 0.8547386749999999 0.596921403125 0.8644990828125 0.615250078125 0.901968640625 0.6393220640624999 0.9574721234375 0.636837828125 0.9673374156250001 0.6100474109375 0.9276537453125 0.58620305625 0.8547386749999999 0.596921403125
0 0.7663051125 0.6403814031249999 0.774408265625 0.623438215625 0.743882365625 0.6050964046875 0.6992987890625 0.6032359515625 0.6774589765625 0.611925325 0.6969143125 0.6314052890624999 0.735995346875 0.6424235109375 0.7663051125 0.6403814031249999
0 0.6716354109375 0.64581826875 0.683629634375 0.6327710734374999 0.6604338890625 0.612601646875 0.630962603125 0.61670556875 0.5982880671874999 0.615768775 0.605297203125 0.6386763359375001 0.6465923515625 0.6494669265625 0.6716354109375 0.64581826875
0 0.48667149375 0.8603035718750001 0.49711972031249996 0.8774875265625001 0.51115769375 0.8921544078125001 0.542391115625 0.8782032578125 0.5380480703125 0.8646876656250001 0.513090190625 0.8543654703125 0.48667149375 0.8603035718750001
0 0.488787690625 0.652802575 0.465120265625 0.654161790625 0.473740878125 0.664015590625 0.509016025 0.6571669640625 0.5160448640624999 0.6489262859375 0.50185623125 0.6310528703125 0.488787690625 0.652802575
0 0.6879860156250001 0.5045163140625 0.7189638921875 0.532477725 0.7697181296875 0.5551839265625 0.7918789625 0.5217593796875 0.7099110078125 0.48185608750000003 0.6734960640625001 0.48022983437500005 0.6879860156250001 0.5045163140625
0 0.7170820390625 0.5256256640625 0.7024469875 0.5082391562499999 0.6851559703125 0.4978496640625 0.6853092890625 0.48934890937500003 0.6695083359375 0.48008698125000004 0.6446654140625 0.48071992343750003 0.6404783546874999 0.4974800046875 0.6447698390625 0.5135285078125 0.682251934375 0.5372112234374999 0.7027467093750001 0.5381459671875 0.7180828734375 0.5445739828125 0.743813390625 0.5440098812499999 0.744338728125 0.5410741734375 0.7170820390625 0.5256256640625
0 0.6384072375 0.53339395 0.658598315625 0.5466871734375001 0.6898086765625 0.5545249703125 0.703721196875 0.5447697390624999 0.6949184875000001 0.536229175 0.6827870296875 0.536836021875 0.64264215 0.512946784375 0.640728325 0.4980946828125 0.6393242046875 0.487032440625 0.6154040296875001 0.486129671875 0.6110978609375 0.49329634218749996 0.6098040390625 0.505756615625 0.6313826546875 0.520348034375 0.6384072375 0.53339395
0 0.6436956703125001 0.5565442 0.653154578125 0.553170325 0.661456396875 0.5439919234375 0.63977231875 0.5342141734375 0.6320651953125 0.520758146875 0.6138992796875 0.5082172843749999 0.6072818718749999 0.4991318640625 0.592310903125 0.491065359375 0.5738412921875 0.49088297656249996 0.5675324171875 0.4977752609375 0.567263875 0.508529184375 0.5842697625 0.5199085546875 0.5936270953125 0.5331949234375 0.6234088875 0.5506251515625 0.6436956703125001 0.5565442
0 0.53240191875 0.4722402328125 0.531747709375 0.46302202656249997 0.5114765625000001 0.4503774140625 0.49610524375000004 0.445553953125 0.485934515625 0.4408362 0.4847813140625 0.446878246875 0.4663439203125 0.44973434218749997 0.45927830781249995 0.44757905468750003 0.4525144046875 0.4541979328125 0.44985550312499994 0.4658379828125 0.45802741406249997 0.482127921875 0.477000853125 0.495386234375 0.5021865156249999 0.4926368265625 0.5254463296874999 0.4843316265625 0.53240191875 0.4722402328125
0 0.44602264375 0.44797488750000003 0.45965620156250003 0.4438580359375 0.466567546875 0.43802447187500004 0.4663556671875 0.4311622046875 0.46417660625 0.42544033125 0.44045760312500004 0.412349715625 0.42362843437500003 0.40943717187499995 0.41602478906249996 0.412300121875 0.409712975 0.4238354390625 0.39985694843749997 0.42534502031250004 0.392968059375 0.4316565578125 0.3810738765625 0.43496061093750005 0.3767032734375 0.4360503265625 0.3845158609375 0.4446926828125 0.40620969999999995 0.4570309375 0.41830600156250003 0.458028646875 0.44128390156249997 0.455346125 0.44602264375 0.44797488750000003
0 0.3967628390625 0.42696949218749997 0.41041826718749996 0.424259221875 0.41953055156249996 0.41115523437499996 0.41518827500000005 0.403436853125 0.393471978125 0.3906206234375 0.379033171875 0.386821953125 0.372169678125 0.38896843125 0.3651558046875 0.394972628125 0.3613537609375 0.40035204999999996 0.3511224828125 0.4014039171875 0.3403531703125 0.407474021875 0.3303142484375 0.41026714999999997 0.32489590625 0.412585240625 0.335300971875 0.42464323437499996 0.35337705625 0.4352722 0.3732117484375 0.43627480625 0.38657353906249997 0.4336203421875 0.3967628390625 0.42696949218749997
0 0.35205499375 0.40242870625 0.361331303125 0.3998740765625 0.3711778640625 0.39533968750000004 0.373868984375 0.3867381171875 0.3661589234375 0.37792512500000003 0.34839042343750004 0.36678425312499996 0.334964196875 0.3633617609375 0.3218777734375 0.3624658453125 0.302540084375 0.3673356296875 0.2853300890625 0.3727871390625 0.275938553125 0.37759493593750004 0.2707447859375 0.3846927640625 0.28101510625000004 0.3938829140625 0.2915353984375 0.40368774218750003 0.303491078125 0.41110368125 0.32373588125 0.411423746875 0.33557245 0.409246275 0.35205499375 0.40242870625
0 0.28148265 0.3725583234375 0.2913292125 0.368023934375 0.3001052875 0.36470425156249997 0.3090095765625 0.3565845703125 0.30664754843750003 0.3486626015625 0.29705976875 0.33988256250000004 0.284751590625 0.33202258281249997 0.26765028750000003 0.32755308437499997 0.2547659828125 0.3309589296875 0.24643194375 0.3370988546875 0.23345780781249997 0.33859280625 0.22680912968750003 0.3429585171875 0.21938514687500002 0.3496452578125 0.223692265625 0.358968196875 0.2342379515625 0.3646079625 0.24770615624999998 0.3736294359375 0.2589021609375 0.37664083593750003 0.27328629375 0.3769230546875 0.28148265 0.3725583234375
0 0.462886784375 0.309242053125 0.46027573593750004 0.31719501875 0.44246326874999997 0.32158780781249996 0.42321834843749995 0.32372645 0.4145445109375 0.327339803125 0.4129685 0.33614691875 0.41614781093750003 0.3473468421875 0.43666687968750006 0.360609546875 0.44844290156250005 0.3642016953125 0.45979904843749997 0.3659158765625 0.47238259375 0.370225471875 0.486596825 0.36924440468749997 0.5039767234375 0.365056184375 0.5159861296875 0.35949896406250004 0.5212375078125 0.35127454999999996 0.511329446875 0.34508894687499997 0.5012417265625 0.33507955312500004 0.48952625625 0.3257177890625 0.48592707187500006 0.3126399015625 0.4763109609375 0.3126679578125 0.4730808578125 0.3097981546875 0.462886784375 0.309242053125
0 0.4867794234375 0.3684251625 0.47192756718749995 0.369952065625 0.49605374375 0.3870031765625 0.5100951390625 0.3894018546875 0.5224189531250001 0.3905362734375 0.532112196875 0.39450264062499996 0.552472225 0.39256953906250003 0.558691271875 0.38376536250000004 0.5633499390625001 0.3770427328125 0.5703062015625 0.3721651171875 0.5597829734374999 0.3670033234375 0.5493876671875 0.3575058328125 0.5377366328125001 0.3542210265625 0.5271753140625 0.355306825 0.5205198125 0.35246899531250003 0.5141435640625 0.3579273578125 0.500881365625 0.3650542234375 0.4867794234375 0.3684251625
0 0.572805909375 0.37831189374999996 0.558864109375 0.38038561406250004 0.5556955046875001 0.388235803125 0.551219434375 0.3941391875 0.5347076125 0.3932752421875 0.533759465625 0.3989760203125 0.54080944375 0.40785687187499997 0.5574091140624999 0.41736648125000003 0.567467553125 0.41969436250000003 0.5770582703125 0.4238313671875 0.58846909375 0.42906199999999994 0.5987677453125 0.42944405625000004 0.61335693125 0.42938500468749996 0.626526365625 0.42498927656249996 0.63594035625 0.42065945468750005 0.6424894437499999 0.4118213453125 0.6387847921875001 0.40355712656250003 0.6219038875 0.3924850953125 0.60763791875 0.385306675 0.5965991125000001 0.3856410921875 0.5866305046875 0.38522510625 0.572805909375 0.37831189374999996
0 0.627266515625 0.42427280625 0.6145872671875 0.4273373828125 0.6041284765625 0.42825254687500003 0.6033404703125 0.43265610624999995 0.6119830421875 0.44249388593749994 0.62132085 0.45065924687500003 0.633356603125 0.45742657500000006 0.6500289296874999 0.460012640625 0.6633331078125 0.458484759375 0.676582609375 0.453440425 0.68999225 0.4470988703125 0.70502670625 0.44475272187500003 0.712306184375 0.4326376359375 0.7081142890625001 0.4210615328125 0.69298611875 0.40964920937500005 0.676967415625 0.40281108125 0.6619902093750001 0.40101130625000003 0.649528709375 0.40165208281250003 0.6414573406249999 0.4063241546875 0.6403138984375001 0.4149267046875 0.6352578156249999 0.42024934375 0.627266515625 0.42427280625
0 0.21239058437499997 0.3529229234375 0.2232264625 0.3375305234375 0.22982207968749999 0.3307800234375 0.21828154375 0.31670340625 0.1897780171875 0.30338601875000004 0.16631353437500002 0.2911917671875 0.145122328125 0.2815538296875 0.1282574453125 0.274753490625 0.11226041718749999 0.27918815625 0.1116337671875 0.2923821203125 0.11805317500000001 0.30600052031249997 0.1384265609375 0.31752784843750004 0.1486037359375 0.329118725 0.17401616875 0.3417691890625 0.190381553125 0.345174375 0.2004135984375 0.34644066093750003 0.21239058437499997 0.3529229234375