0 0.3663111625 0.5218724140625 0.40077468906249997 0.5061192 0.40644341875 0.49157219531249996 0.40190142656249994 0.48440972968749996 0.3668044015625 0.49719182812499996 0.35205168593749997 0.4974139 0.3416095375 0.5114255890625 0.345842965625 0.5274242578125 0.3663111625 0.5218724140625
0 0.5250075234375 0.1786958640625 0.5570153796875 0.1752058015625 0.579985996875 0.166608040625 0.5883733796875 0.14810110625 0.5826882906249999 0.1420045953125 0.56935684375 0.14375079531249998 0.5505413453125 0.14419961718750002 0.53328620625 0.14746760625 0.517483896875 0.1671901 0.5250075234375 0.1786958640625
0 0.5199407328125 0.18128360937500002 0.5077067984375 0.1991032796875 0.511878278125 0.21159785625 0.53270179375 0.20642704531249997 0.5563059078125 0.20080039843750003 0.5676597265625001 0.1923499046875 0.5743944109375 0.1789459953125 0.5678595953125 0.170792378125 0.5523810484375 0.175965528125 0.5364232875 0.1737494625 0.5199407328125 0.18128360937500002
0 0.551039246875 0.22494567031249998 0.5578510718749999 0.209332709375 0.512728003125 0.21365496093749997 0.4977590546875 0.21479104375000002 0.48623575781249995 0.23337277968749998 0.489202196875 0.24342921875 0.506596421875 0.24145626875 0.535190184375 0.23545092968749998 0.551039246875 0.22494567031249998
0 0.5319934890625 0.2583783 0.5397321796875 0.24261339531249998 0.5197116359375 0.24062408125 0.4982546265625 0.2428237765625 0.482776078125 0.247996928125 0.47103655 0.26749267187500003 0.483781253125 0.271992590625 0.5074473140625 0.26987003593750003 0.5319934890625 0.2583783
0 0.48214608124999997 0.3240957921875 0.4425690125 0.333219515625 0.42746214374999997 0.359417215625 0.44862578124999997 0.3603405796875 0.4717469203125 0.3530272 0.4860861359375 0.343217521875 0.493963915625 0.32874765625 0.48214608124999997 0.3240957921875
0 0.4652286046875 0.3826138859375 0.47488297343749997 0.370049184375 0.4791038046875 0.3597018515625 0.47320248437499995 0.354519346875 0.435189540625 0.3607597578125 0.42178862031250003 0.3704068328125 0.41874620625 0.388916103125 0.4436944515625 0.387022634375 0.4652286046875 0.3826138859375
0 0.44284472656249996 0.38496553125 0.41638663906250006 0.3875545796875 0.399023965625 0.40445790312499996 0.4020523515625 0.4180184359375 0.4244362265625 0.41566679375 0.4523964953125 0.40669033906249996 0.463780703125 0.38681356093749997 0.44284472656249996 0.38496553125
0 0.4391547875 0.43257348906250004 0.45018368124999997 0.412315678125 0.4432783515625 0.40949417187500003 0.406203703125 0.4155719765625 0.3925017484375 0.42265028750000005 0.3835199546875 0.44171151562500005 0.402096365625 0.4421980234375 0.43140076250000003 0.436954746875 0.4391547875 0.43257348906250004
0 0.365583 0.47411017187500004 0.39717455 0.46744646406249996 0.42057290781249995 0.46201169062499997 0.4318495828125 0.45577024687499995 0.43617418125 0.43749006250000005 0.4301185796875 0.43672565937499996 0.399176678125 0.44135881875000005 0.388409603125 0.44356319062500005 0.37246053749999997 0.4562988203125 0.365583 0.47411017187500004
0 0.4199908859375 0.46326680312499996 0.375362221875 0.4692651296875 0.36292725312499996 0.48228566875 0.3585559046875 0.49134861875 0.364866821875 0.4947244234375 0.40896199375000003 0.4835246140625 0.418539221875 0.47316896093749994 0.4199908859375 0.46326680312499996
0 0.441881640625 0.11095944687499999 0.434977478125 0.1344945984375 0.4501474609375 0.13815765 0.47880316875 0.1356564015625 0.49785009375 0.12858043125000002 0.5081708765624999 0.10178799218750001 0.451381728125 0.10281284375 0.441881640625 0.11095944687499999
0 0.3523668890625 0.3312086359375 0.39436923749999997 0.32124804687499997 0.4061707125 0.3052563921875 0.4061391578125 0.290326015625 0.3842954125 0.29431109218749996 0.3602131140625 0.301808396875 0.3523668890625 0.3312086359375
0 0.37147692656250003 0.35399341562500003 0.3828307453125 0.3455429234375 0.3942997640625 0.32914891874999996 0.3889157125 0.3256211703125 0.3469495734375 0.3369727390625 0.33411369999999996 0.366751671875 0.37147692656250003 0.35399341562500003
0 0.34681281406250003 0.3883910171875 0.36664751875 0.379868059375 0.37545216406250004 0.36524625 0.3687011203125 0.3580066421875 0.32924506875000004 0.372004115625 0.3180076140625 0.39886775625 0.34681281406250003 0.3883910171875
0 0.3296293453125 0.41937466562500003 0.3463166984375 0.410937171875 0.3560482109375 0.39616341718750003 0.34886470625 0.39075182656249996 0.3168645171875 0.39993371093749996 0.3060366609375 0.42499065312499995 0.3296293453125 0.41937466562500003
0 0.3216554640625 0.4474692046875 0.3389295609375 0.4327855890625 0.34543658125 0.42030635 0.34103367812499996 0.4144389234375 0.304244875 0.428798634375 0.29590424375 0.4565228 0.3216554640625 0.4474692046875
0 0.3099464640625 0.472635453125 0.324097103125 0.46727585625 0.33378953125 0.448976690625 0.328664559375 0.44235785937500005 0.29036591093749997 0.45741315312499997 0.2785340453125 0.48483109375 0.3099464640625 0.472635453125
0 0.3182768265625 0.47127860625 0.273478684375 0.487408175 0.2735721875 0.50584264375 0.30693937031249996 0.5003726187499999 0.31982199218749996 0.47981092031249994 0.3182768265625 0.47127860625
0 0.6691600906249999 0.1098096015625 0.6705498046875 0.0964033546875 0.64106333125 0.0854318734375 0.62728423125 0.0947192328125 0.6186806203125 0.1141401765625 0.6410607328125 0.117491015625 0.6691600906249999 0.1098096015625
0 0.5221812921875 0.5446408515625001 0.49600904375 0.55551180625 0.4740284015625 0.5938183734375 0.49370505937500003 0.5954159984375 0.5221812921875 0.5446408515625001
0 0.48673504687499997 0.6040527531250001 0.48118904375 0.599251284375 0.46414637187499996 0.6073077453125 0.44876132812499997 0.6309153640625 0.45728896093750004 0.64006013125 0.47742846562499996 0.6284034562499999 0.48673504687499997 0.6040527531250001
0 0.4520726421875 0.05579316875 0.47589181875 0.0228958546875 0.45121305625 0.0124277078125 0.419442721875 0.05630145625000001 0.4520726421875 0.05579316875
0 0.45572582500000003 0.057373121875 0.48116847656250006 0.05715572343749999 0.5061307515625 0.02319245625 0.47999266093750004 0.01693464375 0.45572582500000003 0.057373121875
0 0.8565651796875 0.4322868578125 0.8739430468749999 0.4096703921875 0.8782019359375 0.3935886 0.8690104140624999 0.392899 0.85280226875 0.4087257109375 0.8381669453124999 0.43662080156250005 0.8565651796875 0.4322868578125