0 0.9204545453125 0.6884469703125 0.9481534093749999 0.6827651515625 0.9524147734374999 0.6609848484375 0.9602272734374999 0.6202651515625 0.9311079546875 0.5568181828125 0.9012784093749999 0.5 0.8828125 0.48768939375000003 0.8465909093749999 0.48390151562500006 0.8075284093749999 0.49337121249999993 0.7954545453125 0.5303030296875 0.84943181875 0.6666666671875 0.8544034093749999 0.6875 0.8742897734374999 0.6884469703125 0.9204545453125 0.6884469703125
0 0.7073863640625 0.8996212124999999 0.7024147734375 0.8636363640625 0.6548295453125 0.8020833328125001 0.5738636359375 0.7045454546875 0.5482954546875 0.6875 0.5127840906250001 0.7026515156250001 0.489346590625 0.7395833328125 0.49573863593749995 0.7698863640625 0.5326704546875 0.8399621203125 0.609375 0.9327651515625 0.6789772734375 0.9450757578125 0.6981534093749999 0.9337121203125 0.7073863640625 0.8996212124999999
0 0.49076704531250004 0.8371212124999999 0.465909090625 0.7840909093749999 0.42542613593749995 0.7225378796874999 0.3948863625 0.6884469703125 0.37357954531250004 0.69981060625 0.34872159062499997 0.7272727265625 0.3416193171875 0.75 0.34446022656249997 0.7869318171875 0.39346590937500003 0.8816287875000001 0.495028409375 0.8986742421875 0.5028409093749999 0.8702651515625 0.49076704531250004 0.8371212124999999
0 0.3046875 0.7253787875000001 0.2791193171875 0.6846590906250001 0.2180397734375 0.7178030296875 0.2180397734375 0.7481060609375 0.2230113625 0.7774621203125001 0.25 0.8645833328125001 0.34446022656249997 0.8731060609375 0.35227272656249997 0.8475378796875 0.3394886375 0.8125 0.31889204531250004 0.7604166671875 0.3046875 0.7253787875000001
0 0.1867897734375 0.740530303125 0.1683238625 0.6884469703125 0.14204545468750002 0.6638257578125 0.1186079546875 0.6714015156250001 0.083096590625 0.6979166671875 0.078835228125 0.7244318171875 0.08451704531250001 0.7660984843749999 0.12286931875 0.8948863640625 0.19389204531249998 0.8986742421875 0.2244318171875 0.8551136359375 0.2009943171875 0.79356060625 0.1867897734375 0.740530303125
0 0.07599431875 0.7859848484375 0.065340909375 0.7424242421875 0.053267045312500004 0.7035984843749999 0.044034090625 0.6846590906250001 0.0213068171875 0.6704545453125 0.004971590624999999 0.6666666671875 0 0.6676136359375 0.0007102265624999999 0.8778409093749999 0.03125 0.8816287875000001 0.059659090625 0.8683712124999999 0.07954545468749999 0.8503787875000001 0.0816761375 0.8143939390625 0.07599431875 0.7859848484375
0 0.08380681875 0.5558712124999999 0.09588068125 0.5340909093749999 0.1079545453125 0.5151515156250001 0.12286931875 0.49147727343750003 0.13920454531249998 0.4820075765625 0.1448863625 0.4678030296875 0.1328125 0.44602272656249997 0.12002840937499999 0.4375 0.1015625 0.4337121203125 0.088778409375 0.440340909375 0.06818181875 0.4554924234375 0.049715909375 0.47443181718750005 0.0376420453125 0.5075757578125 0.0213068171875 0.53125 0.0142045453125 0.5558712124999999 0.0234375 0.5767045453125 0.05255681875 0.5861742421875 0.07599431875 0.571969696875 0.08380681875 0.5558712124999999
0 0.16619318125 0.5473484843749999 0.1803977265625 0.5236742421875 0.19034090937499998 0.49431818281249995 0.1995738625 0.4668560609375 0.1839488625 0.46212121249999993 0.16548295468750002 0.4611742421875 0.14701704531249998 0.4696969703125 0.1285511375 0.4867424234375 0.11221590937499999 0.5056818171875 0.09588068125 0.5303030296875 0.088778409375 0.5577651515625 0.0816761375 0.584280303125 0.1086647734375 0.5946969703125 0.13068181875 0.5918560609375 0.14630681875 0.5710227265625 0.16619318125 0.5473484843749999
0 0.25639204531250004 0.5321969703125 0.265625 0.5009469703125 0.27485795468749996 0.4696969703125 0.28125 0.45643939375000003 0.2691761375 0.4356060609375 0.2521306828125 0.42329545468749996 0.229403409375 0.428030303125 0.213778409375 0.440340909375 0.19389204531249998 0.47537878750000007 0.1867897734375 0.5056818171875 0.17400568125 0.5359848484375 0.17045454531249998 0.5577651515625 0.208096590625 0.5795454546875 0.2251420453125 0.5757575765625 0.2464488625 0.5615530296875 0.25639204531250004 0.5321969703125
0 0.3338068171875 0.5227272734375 0.35298295468749996 0.47727272656249997 0.3551136375 0.4507575765625 0.34232954531250004 0.43181818281249995 0.31889204531250004 0.4270833328125 0.30184659062499997 0.4327651515625 0.2933238625 0.446969696875 0.27840909062499997 0.4706439390625 0.2713068171875 0.49337121249999993 0.26065340937500003 0.5151515156250001 0.25284090937500003 0.5388257578125 0.2485795453125 0.5558712124999999 0.25852272656249997 0.571969696875 0.2776988625 0.5785984843749999 0.2990056828125 0.571969696875 0.31747159062499997 0.5615530296875 0.3338068171875 0.5227272734375
0 0.40198863593749995 0.5511363640625 0.40980113593749995 0.5255681828125 0.42116477343750003 0.497159090625 0.421875 0.4678030296875 0.416903409375 0.4450757578125 0.40980113593749995 0.43181818281249995 0.3927556828125 0.4327651515625 0.37642045468749996 0.4384469703125 0.3671875 0.4450757578125 0.36008522656249997 0.45265151562500006 0.3551136375 0.4706439390625 0.34872159062499997 0.48863636406250005 0.34303977343750003 0.51231060625 0.33451704531250004 0.5274621203125001 0.3302556828125 0.5492424234375 0.3316761375 0.5662878796874999 0.34090909062499997 0.58143939375 0.36079545468749996 0.5890151515625 0.38565340937500003 0.5757575765625 0.40198863593749995 0.5511363640625
0 0.489346590625 0.5691287875000001 0.495028409375 0.5482954546875 0.5042613640625 0.5104166671875 0.5078125 0.4554924234375 0.5014204546875 0.4356060609375 0.49147727343750003 0.4299242421875 0.473721590625 0.4299242421875 0.46022727343750003 0.434659090625 0.453125 0.4422348484375 0.450284090625 0.46022727343750003 0.44602272656249997 0.48106060624999997 0.434659090625 0.5056818171875 0.43181818125 0.5246212124999999 0.43323863593749995 0.5549242421875 0.434659090625 0.57481060625 0.44744318125 0.5804924234375 0.46164772656249997 0.5785984843749999 0.47798295468749996 0.5757575765625 0.489346590625 0.5691287875000001
0 0.5887784093749999 0.5331439390625 0.5887784093749999 0.4981060609375 0.5859375 0.4649621203125 0.5816761359375 0.4384469703125 0.5738636359375 0.42613636406250005 0.5511363640625 0.42613636406250005 0.5383522734375 0.4299242421875 0.5305397734375 0.4393939390625 0.5234375 0.45738636406250005 0.5248579546875 0.49147727343750003 0.5234375 0.5246212124999999 0.5269886359375 0.571969696875 0.5490056812499999 0.5776515156250001 0.5731534093749999 0.5738636359375 0.5866477265625 0.5577651515625 0.5887784093749999 0.5331439390625
0 0.8607954546875 0.4356060609375 0.8480113640625 0.39772727343750003 0.8288352265625001 0.3702651515625 0.8117897734374999 0.3645833328125 0.7897727265625 0.365530303125 0.7720170453125 0.3702651515625 0.7677556812499999 0.3797348484375 0.765625 0.4024621203125 0.7734375 0.41856060624999997 0.7840909093749999 0.45643939375000003 0.7869318187500001 0.478219696875 0.8188920453125 0.48106060624999997 0.8451704546875 0.4725378796875 0.8586647734374999 0.4649621203125 0.8607954546875 0.4356060609375
0 0.7982954546875 0.28977272656249997 0.7933238640625 0.259469696875 0.7784090906250001 0.2443181828125 0.7599431812499999 0.2481060609375 0.7428977265625 0.2547348484375 0.7336647734375 0.271780303125 0.7329545453125 0.2878787875 0.7478693187500001 0.328598484375 0.7734375 0.32954545468749996 0.7982954546875 0.32954545468749996 0.8032670453125 0.3125 0.7982954546875 0.28977272656249997
0 0.6321022734375 0.3115530296875 0.6164772734375 0.30492424218749997 0.6072443187500001 0.3115530296875 0.5973011359375 0.321969696875 0.5980113640625 0.3456439390625 0.5973011359375 0.37215909062499997 0.6044034093749999 0.3806818171875 0.6264204546875 0.3768939390625 0.640625 0.3702651515625 0.640625 0.3380681828125 0.6321022734375 0.3115530296875
0 0.5774147734375 0.3058712125 0.5717329546875 0.29829545468749996 0.5575284093749999 0.30018939375000003 0.5376420453125 0.3058712125 0.5340909093749999 0.3181818171875 0.53125 0.35227272656249997 0.53125 0.37215909062499997 0.5532670453125 0.3787878796875 0.5681818187500001 0.3740530296875 0.5774147734375 0.3617424234375 0.578125 0.33143939375000003 0.5774147734375 0.3058712125
0 0.5184659093749999 0.32007575781250003 0.5142045453125 0.297348484375 0.49573863593749995 0.29545454531250004 0.47585227343750003 0.2992424234375 0.46875 0.3077651515625 0.46306818125 0.3323863640625 0.46022727343750003 0.3570075765625 0.46519886406250005 0.3759469703125 0.47514204531250004 0.3787878796875 0.49786931875 0.3740530296875 0.5056818187500001 0.3683712125 0.5142045453125 0.3418560609375 0.5184659093749999 0.32007575781250003
0 0.45525568125 0.2992424234375 0.44744318125 0.2926136359375 0.43394886406250005 0.296401515625 0.4140625 0.2992424234375 0.40980113593749995 0.3106060609375 0.39772727343750003 0.334280303125 0.39559659062499997 0.353219696875 0.39772727343750003 0.3712121203125 0.41335227343750003 0.3740530296875 0.42826704531250004 0.3787878796875 0.44318181875 0.3702651515625 0.45099431875 0.3503787875 0.458096590625 0.32102272656249997 0.45525568125 0.2992424234375
0 0.39914772656249997 0.3333333328125 0.39559659062499997 0.3125 0.37997159062499997 0.3068181828125 0.35795454531250004 0.30965909062499997 0.34659090937500003 0.32102272656249997 0.33735795468749996 0.3418560609375 0.3316761375 0.3645833328125 0.3380681828125 0.38352272656249997 0.35227272656249997 0.38352272656249997 0.3785511375 0.3787878796875 0.38778409062499997 0.358901515625 0.39914772656249997 0.3333333328125
0 0.34517045468749996 0.32007575781250003 0.3238636375 0.3087121203125 0.3068181828125 0.30965909062499997 0.28977272656249997 0.32007575781250003 0.28053977343750003 0.3323863640625 0.27272727343750003 0.3484848484375 0.26704545468749996 0.365530303125 0.2713068171875 0.3797348484375 0.28125 0.384469696875 0.3082386375 0.3787878796875 0.32315340937500003 0.359848484375 0.34375 0.334280303125 0.34517045468749996 0.32007575781250003
0 0.3558238625 0.234848484375 0.34303977343750003 0.2414772734375 0.34375 0.26420454531250004 0.35298295468749996 0.271780303125 0.43394886406250005 0.259469696875 0.4296875 0.2149621203125 0.3806818171875 0.215909090625 0.3558238625 0.234848484375
0 0.5333806812499999 0.23768939375000003 0.546875 0.22632575781250003 0.5490056812499999 0.2045454546875 0.5369318187500001 0.203598484375 0.5142045453125 0.1950757578125 0.49076704531250004 0.19981060625 0.47017045468749996 0.2168560609375 0.46875 0.2462121203125 0.48082386406250005 0.26231060624999997 0.5056818187500001 0.2566287875 0.5333806812499999 0.23768939375000003
0 0.6306818187500001 0.2206439390625 0.6164772734375 0.20549242343750002 0.5923295453125 0.202651515625 0.5710227265625 0.2017045453125 0.5525568187500001 0.2140151515625 0.5369318187500001 0.2386363640625 0.5390625 0.2481060609375 0.5667613640625 0.2604166671875 0.5880681812499999 0.25 0.6157670453125 0.2357954546875 0.6306818187500001 0.2206439390625
0 0.7223011359375 0.1818181828125 0.7123579546875 0.1676136359375 0.6867897734375 0.1647727265625 0.6690340906250001 0.17045454531249998 0.6498579546875 0.1827651515625 0.6448863640625 0.2045454546875 0.6313920453125 0.21780302968749998 0.6306818187500001 0.2329545453125 0.6306818187500001 0.24053030312499998 0.6512784093749999 0.25 0.6704545453125 0.24053030312499998 0.6974431812499999 0.2140151515625 0.7223011359375 0.1818181828125
0 0.7677556812499999 0.21875 0.7705965906250001 0.1941287875 0.7634943187500001 0.1761363640625 0.7443181812499999 0.16950757656249998 0.7315340906250001 0.17329545468750002 0.7180397734375 0.1799242421875 0.7109375 0.1950757578125 0.7009943187500001 0.2102272734375 0.6960227265625 0.22821969687500002 0.6924715906250001 0.2462121203125 0.7173295453125 0.2556818171875 0.7301136359375 0.2509469703125 0.7485795453125 0.234848484375 0.7677556812499999 0.21875
0 0.28764204531250004 0.3106060609375 0.2769886375 0.3011363640625 0.25284090937500003 0.30018939375000003 0.2308238625 0.30397727343750003 0.2151988625 0.3238636359375 0.2009943171875 0.3494318171875 0.1988636375 0.3768939390625 0.2194602265625 0.38352272656249997 0.2457386375 0.3816287875 0.26278409062499997 0.3645833328125 0.27982954531250004 0.33522727343750003 0.28764204531250004 0.3106060609375
0 0.208096590625 0.334280303125 0.2173295453125 0.3172348484375 0.2130681828125 0.3087121203125 0.1960227265625 0.3087121203125 0.17400568125 0.3087121203125 0.1555397734375 0.3125 0.1363636375 0.3323863640625 0.125 0.3551136359375 0.1257102265625 0.37784090937500003 0.13423295468750002 0.3882575765625 0.16903409062500002 0.3863636359375 0.1953125 0.37784090937500003 0.1988636375 0.35606060624999997 0.208096590625 0.334280303125
0 0.1292613625 0.3475378796875 0.14701704531249998 0.321969696875 0.14204545468750002 0.3172348484375 0.1285511375 0.3162878796875 0.11221590937499999 0.32007575781250003 0.09375 0.321969696875 0.080965909375 0.32954545468749996 0.069602271875 0.3456439390625 0.0625 0.36268939375000003 0.0625 0.3816287875 0.07670454531250001 0.38920454531250004 0.1029829546875 0.38731060624999997 0.1157670453125 0.3806818171875 0.1242897734375 0.3636363640625 0.1292613625 0.3475378796875
0 0.06463068125 0.353219696875 0.0745738625 0.3428030296875 0.086647728125 0.327651515625 0.071022728125 0.32670454531250004 0.051846590625 0.327651515625 0.036221590625 0.33617424218749997 0.0234375 0.3484848484375 0.014914771875 0.36268939375000003 0.012784090625 0.3797348484375 0.024147728125 0.3863636359375 0.044034090625 0.38352272656249997 0.0589488625 0.3712121203125 0.06463068125 0.353219696875
0 0.2173295453125 0.2556818171875 0.2066761375 0.23674242343750002 0.1867897734375 0.233901515625 0.1647727265625 0.23768939375000003 0.14275568125 0.247159090625 0.12642045468750002 0.2556818171875 0.1328125 0.2869318171875 0.16193181875 0.28882575781250003 0.19673295468750002 0.2803030296875 0.21875 0.26893939375000003 0.2173295453125 0.2556818171875
0 0.30965909062499997 0.24053030312499998 0.29403409062499997 0.23674242343750002 0.27627840937500003 0.22821969687500002 0.2613636375 0.234848484375 0.2521306828125 0.24242424218749997 0.2379261375 0.2481060609375 0.2279829546875 0.25852272656249997 0.2272727265625 0.2698863640625 0.2386363625 0.2803030296875 0.2791193171875 0.27367424218749997 0.3046875 0.2698863640625 0.31107954531250004 0.2556818171875 0.30965909062499997 0.24053030312499998
0 0.08380681875 0.2301136359375 0.0738636375 0.2301136359375 0.06036931875 0.2329545453125 0.0433238640625 0.2357954546875 0.0326704546875 0.2509469703125 0.0248579546875 0.2613636359375 0.028409090625 0.27272727343750003 0.044034090625 0.27272727343750003 0.061079545312500004 0.271780303125 0.07599431875 0.2632575765625 0.094460228125 0.25 0.0980113625 0.24053030312499998 0.08380681875 0.2301136359375
0 0.13920454531249998 0.19034090937499998 0.12784090937499998 0.1912878796875 0.11221590937499999 0.1931818171875 0.096590909375 0.1988636359375 0.086647728125 0.2073863640625 0.08025568125 0.221590909375 0.0816761375 0.22916666718749998 0.109375 0.234848484375 0.12784090937499998 0.221590909375 0.1448863625 0.2140151515625 0.15056818125 0.203598484375 0.13920454531249998 0.19034090937499998