0 0.6878607 1 0.6872426765624999 0.9923920203125001 0.686006628125 0.9766324093750001 0.68415255625 0.9571646546875 0.68415255625 0.9432591140625 0.6804444125 0.9191561796875 0.6637577640625001 0.9135939625 0.6433629734374999 0.9094223015624999 0.62729435 0.9117398906249999 0.6167879421875 0.9261089484375 0.613697821875 0.958091690625 0.6124617734375 1 0.6878607 1
0 0.5865047671875 0.969216121875 0.5970111734375 0.9451131859374999 0.5988652453125 0.9210102515624999 0.605663509375 0.8843923296874999 0.6019553656250001 0.8487014437499999 0.571672190625 0.8417486734375 0.5494233265624999 0.84128515625 0.5401529671875 0.8732678984375 0.533354703125 0.9071047109375 0.5253203921875 0.9483578125 0.5271744640625 0.9715337125 0.559929734375 0.9845122156249999 0.5852687171875 0.9835851796874999 0.5865047671875 0.969216121875
0 0.5203761984375 0.9084952656249999 0.5302645828125 0.8904180625 0.5308826078125 0.8681692 0.5296465593749999 0.8398946015625001 0.5284105109375 0.8139375937500001 0.5277924875 0.7958603937500001 0.5228482953125 0.7824183703125 0.5061616484375 0.7768561546874999 0.48267673593750005 0.7763926359375 0.4727883515625 0.781954853125 0.4659900890625 0.8004955718750001 0.4591918234375 0.8482379265625 0.4536296078125 0.8959802796874999 0.4727883515625 0.9112763734374999 0.49998140781249995 0.9117398906249999 0.5203761984375 0.9084952656249999
0 0.4276726015625 0.8380405296875001 0.4381790078125 0.827843134375 0.443741225 0.8093024140624999 0.4511575125 0.7875170687499999 0.45486565625 0.758778953125 0.45671972812500006 0.7407017515625001 0.4486854171875 0.7277232484375 0.42952667343749995 0.7235515859375 0.41036792968749997 0.72308806875 0.3998615203125 0.7332854640625001 0.39429930468749996 0.7541437734375 0.38873708906250004 0.78010078125 0.3837928984375 0.8018861265625 0.3788487046875 0.82969720625 0.3893551140625 0.8352594218749999 0.4097499046875 0.8380405296875001 0.4276726015625 0.8380405296875001
0 0.33867714531250004 0.7615600609375 0.3603079859375 0.759242471875 0.3701963703125 0.7504356296875 0.372668465625 0.7416287875 0.3745225375 0.7249421390624999 0.3769946328125 0.7101095640625 0.380084753125 0.6924958796875 0.3794667296875 0.6739551609375 0.3745225375 0.66514831875 0.35536379375 0.6619036921875 0.3374410984375 0.6619036921875 0.3300248109375 0.6702470171875 0.31890037968749996 0.6924958796875 0.3046858265625 0.7249421390624999 0.3046858265625 0.751362665625 0.30653989843749996 0.7527532203125 0.3238445703125 0.76109654375 0.33867714531250004 0.7615600609375
0 0.2799648671875 0.5956206203125001 0.2589520515625 0.6072085703125001 0.2299049234375 0.6285303984375 0.21198222812499998 0.64614408125 0.208274084375 0.6563414765625 0.2107461796875 0.6623672109375 0.2249607328125 0.66839294375 0.24411947656250002 0.6721010890625 0.3133381625 0.6178694828125 0.3121021140625 0.6062815328125 0.2991236109375 0.597011175 0.2799648671875 0.5956206203125001
0 0.2694337390625 0.574715959375 0.25089301875 0.5710078140625 0.2379145140625 0.570544296875 0.22617205937499998 0.5751794765625 0.2150476265625 0.5812052109375 0.20145110000000002 0.5867674265625 0.18785457187500001 0.5960377859375 0.1754940921875 0.608089253125 0.1674597796875 0.61457850625 0.1662237328125 0.62616645625 0.17487606718749998 0.633119225 0.1884725953125 0.6372908875000001 0.20392319531249997 0.6359003328124999 0.2243179875 0.6247759015625001 0.262635475 0.5988188953125 0.2725238578125 0.586303909375 0.2694337390625 0.574715959375
0 0.1779661890625 0.60299055625 0.18970864375000002 0.5941837140625 0.20145110000000002 0.5835228 0.2150476265625 0.577497065625 0.2286441546875 0.5672996703125001 0.23606044218750002 0.5529306125 0.23544241875 0.5427332171875 0.2212278671875 0.53346285625 0.2057772671875 0.536243965625 0.18661852343750002 0.545514325 0.1680778046875 0.558956346875 0.14582894062500001 0.5788876203125 0.13408648437499998 0.593256678125 0.14335684531249998 0.604381109375 0.14891906093750001 0.6076257359375 0.1662237328125 0.608552771875 0.1779661890625 0.60299055625
0 0.1581894203125 0.5482954328125 0.14891906093750001 0.5376345203125 0.1334684609375 0.5325358203125 0.1241981015625 0.5316087859375 0.10874750156249999 0.533926375 0.0945329484375 0.5408791453124999 0.07413815781250001 0.5487589515625 0.0605416296875 0.5575657921875 0.050035221875 0.5672996703125001 0.0667218703125 0.58815798125 0.08031839843750001 0.5867674265625 0.10442133281249999 0.5807416921875 0.13408648437499998 0.56915374375 0.1526272046875 0.5566387578125 0.1581894203125 0.5482954328125
0 0.14335684531249998 0.4681068203125 0.1124556453125 0.4657892296875 0.084644565625 0.4685703390625 0.06795791718750001 0.4759866265625 0.0475631265625 0.4801582890625 0.035820670312500004 0.4889651296875 0.0382927671875 0.49869900781250004 0.0525073171875 0.5033341874999999 0.1173998375 0.5005530796875 0.1520091796875 0.4908192015625 0.1569533734375 0.47923125312500003 0.14335684531249998 0.4681068203125
0 0.27375990625 0.4625446046875 0.2595453546875 0.4546647984375 0.2403866109375 0.4565188703125 0.21999182031250003 0.456055353125 0.2002150515625 0.45976349687500007 0.1754940921875 0.4625446046875 0.164987684375 0.4685703390625 0.1662237328125 0.481085325 0.1785842125 0.49220975625 0.21381157968750003 0.49174623906250003 0.26078140312500003 0.48479346718749994 0.279322121875 0.4755231078125 0.27375990625 0.4625446046875
0 0.41899554375000003 0.4273172359375 0.40169087187499997 0.42407261093750004 0.3837681765625 0.4259266828125 0.3633733859375 0.4273172359375 0.3442146421875 0.43380648906249997 0.3324721859375 0.4389051859375 0.33494428125 0.44910258281250004 0.3442146421875 0.4546647984375 0.354103025 0.45976349687500007 0.3899484171875 0.451420171875 0.4227036875 0.444467403125 0.4264118328125 0.43658759687500004 0.41899554375000003 0.4273172359375
0 0.5611410609374999 0.39626153125 0.5419823171875 0.390699315625 0.5147892625 0.397652084375 0.49130435156249996 0.40414133750000003 0.48636015937500005 0.412948178125 0.49315842343750005 0.42129150312499997 0.50304680625 0.424999646875 0.5271497421875 0.4199009484375 0.5518707015625 0.41480225156249995 0.5629951328125 0.410167071875 0.5611410609374999 0.39626153125
0 0.6371580125 0.37725729375 0.6266516046875 0.37354915 0.6118190296875 0.3726221140625 0.6000765734375 0.37354915 0.581535853125 0.37957488281249996 0.5753556140625 0.383746546875 0.5710294453125 0.390699315625 0.5759736375 0.3971885671875 0.5840079484375 0.3995061578125 0.6031666921875 0.39626153125 0.616145196875 0.39208986874999996 0.6340678921875 0.3842100640625 0.6371580125 0.37725729375
0 0.734805803125 0.45929997812499995 0.7292435859374999 0.44817554687500005 0.7150290359375 0.44261333125 0.6995784359375 0.43797815 0.68659993125 0.43797815 0.6730034046875 0.43473352500000007 0.6575528046875 0.43334297031249996 0.64828244375 0.4389051859375 0.6445743 0.444003884375 0.650754540625 0.4546647984375 0.6723853796875 0.463008121875 0.696488315625 0.4699608921875 0.711938915625 0.47227848124999994 0.7255354421875 0.46671626718750003 0.734805803125 0.45929997812499995
0 0.8151489218749999 0.5056517781250001 0.8256553296875 0.5005530796875 0.8305995203125001 0.49174623906250003 0.8194750890625 0.48432994999999995 0.8052605375 0.4769136625 0.7898099375000001 0.47274200000000005 0.77868550625 0.47088792812499997 0.76694305 0.4694973734375 0.7582907140625 0.46903385625 0.749638378125 0.47042440937499996 0.7397499953125 0.474596071875 0.7354238265624999 0.4796947703125 0.7409860421875 0.489428646875 0.7595267625 0.49591789999999997 0.78610179375 0.5037977046875 0.80155239375 0.5079693671875 0.8151489218749999 0.5056517781250001
0 0.9152688078125 0.5529306125 0.9282473109374999 0.5580293109375 0.9455519828125001 0.5622009734375 0.9548223421875001 0.5603469 0.9653287515625 0.5561752390625 0.9721270140625 0.5501495046875 0.9733630625 0.5427332171875 0.9653287515625 0.53346285625 0.9554403671875 0.5255830515625 0.9368996468749999 0.5172397281250001 0.9152688078125 0.5107504765625 0.8985821609375 0.508896403125 0.8818955125000001 0.5065788140625 0.8658268890624999 0.509359921875 0.8553204796875 0.516312690625 0.8522303609374999 0.52604656875 0.8652088640625 0.536243965625 0.8788053921874999 0.5385615546875 0.9004362328125 0.546904878125 0.9152688078125 0.5529306125
0 0 0.4694973734375 0.0222241421875 0.4639351578125 0.0339665984375 0.44817554687500005 0.029640429687499997 0.4259266828125 0.0098636625 0.42221853906250006 0 0.4263902 0 0.4694973734375
0 0.0203700703125 0.3758667390625 0.0012113265625 0.37957488281249996 0.0049194703125 0.3999696765625 0.0698119890625 0.3953344953125 0.06919396562499999 0.3818924734375 0.0450910296875 0.37957488281249996 0.0203700703125 0.3758667390625
0 0.9684435921875 0.8301607234375 0.9431046078125 0.819963328125 0.9165295765625 0.8153281484375 0.8955167609375 0.832014796875 0.8627614890625 0.8626069828125 0.8491649609374999 0.884855846875 0.8497829859375001 0.8996884218750001 0.8609074171875 0.9135939625 0.8738859218749999 0.9224008046875 0.9066411921875 0.9210102515624999 0.9363063453124999 0.8918086171875 0.9610273046875 0.8593623578124999 0.9702976640625 0.8440662640625 0.9684435921875 0.8301607234375
0 0.8368044828125001 0.8496284796875001 0.8763580171875001 0.8148646296875001 0.8967528093749999 0.7967874296875 0.8979888578124999 0.7865900328125 0.8825382578125 0.774075046875 0.8571992734375 0.7643411703125 0.8466928656249999 0.7624870968749999 0.8287701703125 0.7745385640625 0.8021951390625001 0.7958603937500001 0.7824183703125 0.8134740765625 0.7669677703125 0.8273796156250001 0.762641603125 0.8440662640625 0.7725299875 0.8551906953125 0.7929247796875 0.8681692 0.8108474734375 0.8723408625 0.8368044828125001 0.8496284796875001
0 0.8114654984375 0.7407017515625001 0.8028131625 0.7281867656250001 0.7830363953125 0.721233996875 0.7638776515625 0.7216975140625 0.7397747156250001 0.736066571875 0.7144357328125001 0.75368025625 0.6958950125000001 0.770366903125 0.686006628125 0.7773196734375001 0.6847705796875 0.7902981765625 0.686006628125 0.8023496437500001 0.6983671078125 0.808838896875 0.7261781875 0.812547040625 0.751517171875 0.797250946875 0.7836544187500001 0.7736115296875 0.8071393296875 0.7559978453125 0.8114654984375 0.7407017515625001
0 0.75337124375 0.7105730828125 0.7441008828125 0.6952769890625 0.7230880671875 0.6855431109375 0.7070194437499999 0.68415255625 0.6866246515625 0.6971310609375 0.6643757890625 0.7105730828125 0.6427449484375 0.7254056578125 0.626676325 0.7388476796875 0.629148421875 0.749045075 0.6340926140625001 0.759242471875 0.6489251890625 0.76851283125 0.6693199812499999 0.7717574578125 0.7057833953125 0.748118040625 0.7465729796875 0.7193799234375 0.75337124375 0.7105730828125
0 0.6161699171875 0.7300408375 0.632856565625 0.7203069609375 0.655723453125 0.705474384375 0.6742641734375 0.6948134703125 0.6884787234374999 0.682762003125 0.6890967484375 0.6674659078125 0.6872426765624999 0.6581955500000001 0.6705560296875 0.6484616703125 0.657577525 0.6466076000000001 0.613697821875 0.6707105343750001 0.582796621875 0.6915688453125 0.5692000953125 0.7082554921875001 0.5784704546875 0.7249421390624999 0.59639315 0.7337489828125 0.6161699171875 0.7300408375
0 0.556221590625 0.7003756859375 0.57723440625 0.6924958796875 0.60010129375 0.6776633046875 0.6198780609375001 0.659586103125 0.6297664453125 0.6512427796875 0.6260583015625001 0.6428994546875 0.6112257265625 0.6299209515624999 0.5970111734375 0.6285303984375 0.5883588390625001 0.6336290953125 0.5648739265625 0.6452170453125 0.5382988953125001 0.6568049953124999 0.5111058390625 0.674882196875 0.510487815625 0.6887877375 0.5290285359375 0.701302721875 0.556221590625 0.7003756859375
0 0.5735262624999999 0.598401728125 0.5586936859375 0.5923759937499999 0.5463332078125 0.590521921875 0.5234663187499999 0.6035004265625 0.4975093109375 0.6183330015624999 0.4783505671875 0.63038446875 0.4709342796875 0.641045384375 0.47464242343749996 0.651706296875 0.48267673593750005 0.659586103125 0.5049256 0.6665388734375 0.552513446875 0.63872779375 0.58465069375 0.6178694828125 0.5815605734375 0.605354496875 0.5735262624999999 0.598401728125
0 0.48700290468749996 0.5552945546875 0.47340637656249995 0.548341784375 0.4591918234375 0.5506593750000001 0.43694296093749996 0.5613202875 0.4208743359375 0.57012713125 0.40356966562499996 0.579397490625 0.3899731375 0.5858867421875 0.3819388265625 0.5988652453125 0.38873708906250004 0.6095261609375 0.4004795453125 0.6127707859375 0.42458248125000003 0.6160154125 0.460427871875 0.5933030296874999 0.48700290468749996 0.5770799 0.4962732640625 0.56595546875 0.48700290468749996 0.5552945546875
0 0.4579557765625 0.5298010640624999 0.4462133203125 0.5186766328125 0.42952667343749995 0.5168225609375 0.4085138578125 0.525165884375 0.3837928984375 0.5362903171875 0.3664882265625 0.5455606765625001 0.35103762656250004 0.5534404828125 0.349801578125 0.56595546875 0.3578358890625 0.5761528640625 0.3794667296875 0.5812515625 0.41654816875 0.5664189859375 0.453011584375 0.5497323390625 0.4653720640625 0.5386079078125 0.4579557765625 0.5298010640624999
0 0.43941505625 0.4853033375 0.41840224062500003 0.48993851875 0.40418768906249997 0.4968912875 0.39368128125 0.5052346109375 0.380702778125 0.5135779359375 0.3732864890625 0.5200671875 0.3757585859375 0.5307280999999999 0.3856469703125 0.5362903171875 0.4029516421875 0.5270199578125 0.426436553125 0.5172860796875 0.445595296875 0.515895525 0.45424763281249997 0.5135779359375 0.4678441609375 0.5056981296874999 0.46475404062500003 0.4917925890625 0.4511575125 0.4853033375 0.43941505625 0.4853033375
0 0.5506593750000001 0.4713977984375 0.5500413515625 0.463054475 0.5401529671875 0.45563818593749994 0.5247023671875 0.4523935609375 0.4993633828125 0.4579557765625 0.4820587109375 0.46629909999999997 0.4727883515625 0.4732518703125 0.46104589531249995 0.47974112187499995 0.4598098484375 0.4885479640625 0.47526044843750004 0.4973548046875 0.495037215625 0.49411017968750004 0.5172860796875 0.48483981875 0.5395349421875 0.47788705 0.5506593750000001 0.4713977984375
0 0.6050454859375 0.48576685625 0.6031914140625 0.4783505671875 0.587122790625 0.47417890625 0.5685820703125 0.47464242343749996 0.5481872796875 0.479277603125 0.533354703125 0.4866938921875 0.5265564390625 0.4959642515625 0.5253203921875 0.5015264687500001 0.535208775 0.5094062734375 0.5500413515625 0.506161646875 0.571672190625 0.4964277703125 0.59639315 0.4904020359375 0.6050454859375 0.48576685625
0 0.62296818125 0.5117238625 0.6396548296875 0.50477109375 0.640272853125 0.4973548046875 0.6297664453125 0.489475 0.6081356062500001 0.487620928125 0.590830934375 0.49411017968750004 0.5722902140625 0.50106295 0.56178380625 0.50894275625 0.5568396140625 0.5149684890625 0.5605477578125 0.5214577421875 0.5729082390625 0.52794699375 0.5840326703125001 0.529337546875 0.598247221875 0.5223847765625 0.62296818125 0.5117238625
0 0.6563414765625 0.55112289375 0.6792083640625 0.5404619796875 0.7033113 0.5298010640624999 0.697749084375 0.517749596875 0.6804444125 0.5084792375 0.6643757890625 0.507088684375 0.6452170453125 0.51218738125 0.6334745890625 0.5182131156249999 0.61555189375 0.527483475 0.6062815328125 0.5362903171875 0.6038094375 0.5441701234375 0.6180239890625 0.5552945546875 0.6297664453125 0.55853918125 0.6458350687500001 0.5557580718749999 0.6563414765625 0.55112289375
0 0.7373026203124999 0.5715176843750001 0.7669677703125 0.5534404828125 0.762641603125 0.54277956875 0.74533693125 0.5330456921875 0.7237060921875 0.5316551375 0.7008392046874999 0.5325821734375 0.6798263890625 0.5399984609375 0.6588135734375 0.55112289375 0.648307165625 0.5710541671875 0.6662298609375 0.5840326703125001 0.6853886046875 0.5877408140625 0.709491540625 0.5844961890625 0.7373026203124999 0.5715176843750001
0 0.77623813125 0.6104531953125 0.804667234375 0.5942300656249999 0.8194998109375 0.5826421171875 0.8139375953125001 0.5738352734375 0.7966329234375 0.5673460218749999 0.7805642984375 0.564564915625 0.770057890625 0.57012713125 0.75337124375 0.5761528640625 0.7286502828125 0.58866785 0.716907828125 0.5974746921875 0.7144357328125001 0.6067450515624999 0.7249421390624999 0.6132343031249999 0.7403927390625 0.6197235562500001 0.7583154359375001 0.6201870734375 0.77623813125 0.6104531953125
0 0.8510190328125 0.6299209515624999 0.8707958015624999 0.6104531953125 0.8652335859375 0.5965476562500001 0.8454568171875 0.590521921875 0.8337143625 0.590985440625 0.8219719062499999 0.5974746921875 0.8040492109375 0.6058180156249999 0.7836544187500001 0.6201870734375 0.7725299875 0.6313115046875 0.77623813125 0.6401183484375 0.7885986109374999 0.6475346359375 0.8077573546875 0.651706296875 0.8244440015625001 0.64614408125 0.8510190328125 0.6299209515624999
0 0.8763580171875001 0.6836890390625 0.888718496875 0.679053859375 0.9029330484375 0.6688564625 0.9128214328125 0.6591225859375001 0.9220917921874999 0.649852225 0.9356883203124999 0.64197241875 0.9437226328125 0.6322385421875001 0.9356883203124999 0.624358734375 0.9220917921874999 0.6174059656249999 0.9091132890625 0.6127707859375 0.8986068812499999 0.6123072671875 0.8893365203125001 0.6174059656249999 0.8757399937500001 0.6257492890624999 0.8442207703125 0.6475346359375 0.8349504109374999 0.662830728125 0.8479289140624999 0.6697834984375 0.8615254421874999 0.6795173765625 0.8763580171875001 0.6836890390625
0 1 0.6642212828125 0.9783319765625 0.6512427796875 0.9628813765625001 0.6456805640625001 0.9542290390625 0.651706296875 0.938778440625 0.6656118375 0.9097313125 0.686470146875 0.8961347859375 0.6999121671874999 0.9122034078124999 0.7119636359375 0.9245638890625001 0.721233996875 0.9461947281249999 0.72308806875 0.9554650875 0.716598815625 0.980804071875 0.7003756859375 1 0.6813714484375 1 0.6642212828125
0 0.09707502031250001 0.442190990625 0.094219871875 0.42693379531250003 0.0895802578125 0.4202420421875 0.0799441328125 0.4175653421875 0.0667390765625 0.418636021875 0.0546046984375 0.42184806249999995 0.0510357640625 0.42559544374999997 0.0506788703125 0.4333578765625 0.053534017187500005 0.4392466203125 0.056032271875 0.44540303124999997 0.062099460937499996 0.454771484375 0.0731631578125 0.45637750625000006 0.0860113234375 0.45396847500000004 0.0960043390625 0.4512917734375 0.09707502031250001 0.442190990625
0 0.15453486562500002 0.44540303124999997 0.1538210796875 0.43790826875000005 0.1516797171875 0.4301458359375 0.1502521453125 0.4231864140625 0.147040103125 0.41783301093749997 0.139902234375 0.41274727968749997 0.12776785625 0.4132826203125 0.1177748390625 0.4164946609375 0.11206454531250001 0.4207773828125 0.109566290625 0.427469134375 0.11242143906249999 0.43416088750000004 0.11349211875000001 0.440852640625 0.1149196921875 0.4464737125 0.1184886265625 0.453433134375 0.1302661109375 0.45396847500000004 0.1427573828125 0.452094784375 0.1520366109375 0.4499534234375 0.15453486562500002 0.44540303124999997
0 0.215206753125 0.44138797968750004 0.21627743281249998 0.4368375875 0.21484985937499998 0.4314841859375 0.21021024531250002 0.42532777343749995 0.2052137359375 0.4205097125 0.199860334375 0.41488864062499997 0.1977189734375 0.40899989843749995 0.193079359375 0.404717178125 0.185227703125 0.404717178125 0.1727364328125 0.40659086875000006 0.1641709890625 0.41033825 0.1609589484375 0.4132826203125 0.162743415625 0.4189036921875 0.1648847765625 0.4242570953125 0.1705950703125 0.43041350625 0.17345021875 0.4354992390625 0.177376046875 0.4419233203125 0.1827294484375 0.448347403125 0.1887966375 0.4488827421875 0.20093101406249997 0.4464737125 0.20985335156249998 0.44460002187500003 0.215206753125 0.44138797968750004
0 0.3065714765625 0.4272014640625 0.31513692031249996 0.4242570953125 0.32049032187500004 0.4215803921875 0.320847215625 0.41622699062499996 0.31727828125 0.41007057968750005 0.31228177343749997 0.404717178125 0.3033594359375 0.3969547453125 0.2944371 0.392136684375 0.28337340312500003 0.38919231249999997 0.27266659843749996 0.389727653125 0.2623166890625 0.3932073640625 0.2587477546875 0.3972224140625 0.25910464843750003 0.40337882656249996 0.2630304765625 0.41033825 0.2737372796875 0.4202420421875 0.2851578703125 0.4280044765625 0.29479399375000004 0.42880748593750007 0.3065714765625 0.4272014640625
0 0.358321028125 0.4081968890625 0.36652957812500003 0.404717178125 0.37045540625 0.400969796875 0.3654588984375 0.3964194046875 0.3576072421875 0.39133367343750003 0.3486849046875 0.38678328125 0.3351229546875 0.38410658125 0.3233454703125 0.3827682296875 0.31370934687499996 0.383571240625 0.3040732234375 0.3865156109375 0.3019318625 0.3907983328125 0.3051439046875 0.394813384375 0.31049730468750003 0.3982930953125 0.3169213875 0.40070212656250004 0.3215610015625 0.40418183750000003 0.3315540203125 0.40926756875 0.3390487828125 0.4119442703125 0.3486849046875 0.411141259375 0.358321028125 0.4081968890625
0 0.16666924375 0.37795016875 0.162386521875 0.3683140453125 0.1495383578125 0.36429899374999997 0.1341919390625 0.364834334375 0.1159903734375 0.36697569375 0.109566290625 0.372596765625 0.0952905515625 0.37500579843750004 0.09100783125 0.381162209375 0.0927922984375 0.387318621875 0.09707502031250001 0.3905306625 0.116704159375 0.3902629921875 0.1481107828125 0.38812163125 0.162029628125 0.385980271875 0.16666924375 0.37795016875
0 0.2637442625 0.372596765625 0.2623166890625 0.3608192828125 0.2508960984375 0.352521509375 0.23554967968749999 0.3495771390625 0.21841879375 0.34877412812499997 0.1873690640625 0.35145082968749997 0.17666226093749998 0.3541275296875 0.1748777921875 0.36162229218749997 0.1748777921875 0.368849384375 0.177019153125 0.37420278749999997 0.1834432359375 0.380091528125 0.20200169531249998 0.3808945390625 0.22662734375000002 0.377414828125 0.2516098859375 0.376344146875 0.2637442625 0.372596765625
0 0.3390487828125 0.3452944171875 0.3311971265625 0.33913800625 0.321204109375 0.33806732500000003 0.3083559453125 0.3383349953125 0.2930095265625 0.341279365625 0.28337340312500003 0.3455620875 0.2733803859375 0.3519861703125 0.26767009062499997 0.3560012203125 0.2708821328125 0.361354621875 0.2765924265625 0.36429899374999997 0.28194582968750004 0.3664403546875 0.2990767140625 0.3637636546875 0.32370236406249997 0.3565365609375 0.335836740625 0.3519861703125 0.3390487828125 0.3452944171875
0 0.38044842343749996 0.3222747890625 0.3761657015625 0.316386046875 0.36224685624999997 0.3177243984375 0.35011247968750003 0.31933041875 0.343688396875 0.3228101296875 0.3294126578125 0.326289840625 0.32512993749999997 0.33191091250000004 0.3272712984375 0.33672897343749997 0.3372643140625 0.3386026640625 0.3483280109375 0.3383349953125 0.3654588984375 0.3369966453125 0.3800915296875 0.33592596406249997 0.3825897828125 0.331375571875 0.38044842343749996 0.3222747890625
0 0.3783070609375 0.308623615625 0.36010549531249997 0.3070175953125 0.3454728640625 0.30835594375 0.336193634375 0.31183565625 0.336193634375 0.32066876875 0.33976256875 0.3222747890625 0.351183159375 0.3171890578125 0.3683140453125 0.31585070625 0.37509502031249997 0.316386046875 0.3833035703125 0.3233454703125 0.38722939843750004 0.3246838203125 0.3954379484375 0.32441615 0.3972224140625 0.31799206875 0.39186901406249997 0.3107649765625 0.3783070609375 0.308623615625
0 0.3611761765625 0.3918690125 0.3725967671875 0.39775775625 0.38473114375 0.39775775625 0.39293969375 0.3945457140625 0.3954379484375 0.3883893015625 0.3865156109375 0.382232890625 0.3797346359375 0.3782178375 0.374024340625 0.376344146875 0.3676002578125 0.37447045625 0.3597486015625 0.3720614265625 0.35011247968750003 0.3731321078125 0.3376212078125 0.37447045625 0.33226780625 0.3782178375 0.3315540203125 0.383571240625 0.3351229546875 0.3838389109375 0.3486849046875 0.3865156109375 0.3611761765625 0.3918690125
0 0.42256185 0.366708025 0.41007057968750005 0.3600162734375 0.40043445625 0.357339571875 0.3843742515625 0.3557335515625 0.3672433640625 0.3584102515625 0.3633175359375 0.3637636546875 0.365815790625 0.37045540625 0.373667446875 0.37420278749999997 0.3840173578125 0.3790208484375 0.4011482421875 0.38410658125 0.4132826203125 0.3846419203125 0.4239894234375 0.38062686874999996 0.42791525156250004 0.37447045625 0.42256185 0.366708025
0 0.4593218765625 0.3618899640625 0.45325468750000003 0.3560012203125 0.43969273593749997 0.351183159375 0.4282721453125 0.34877412812499997 0.418636021875 0.3490417984375 0.4086430046875 0.3517185 0.4025758171875 0.35493054062499996 0.4107843671875 0.3592132625 0.4204204890625 0.3634959828125 0.4254169984375 0.36858171562500003 0.43326865468750003 0.3731321078125 0.4471874984375 0.372596765625 0.456466728125 0.3683140453125 0.4593218765625 0.3621576328125 0.4593218765625 0.3618899640625
0 0.4782372296875 0.3482387890625 0.472526934375 0.3439560671875 0.46610285156250003 0.341011696875 0.456466728125 0.33806732500000003 0.4500426453125 0.3377996546875 0.4389789484375 0.3364613046875 0.4282721453125 0.33940567499999996 0.4236325296875 0.3444914078125 0.4236325296875 0.34877412812499997 0.43184107968749996 0.3490417984375 0.441120309375 0.351183159375 0.4500426453125 0.3543952 0.457180515625 0.357339571875 0.46289081093749995 0.36162229218749997 0.4703855734375 0.3637636546875 0.47859412343749996 0.3608192828125 0.4853750984375 0.3584102515625 0.48466131093750003 0.3527891796875 0.4782372296875 0.3482387890625
0 0.5271316328125 0.3428853875 0.5249902718749999 0.3364613046875 0.5196368703124999 0.330037221875 0.5085731734375 0.326022171875 0.4932267546875 0.3241484796875 0.4693148921875 0.32441615 0.4621770234375 0.32682518125 0.45860808906250006 0.33191091250000004 0.46289081093749995 0.335122953125 0.46967178593750003 0.3388703359375 0.47680965468750003 0.341011696875 0.4825199515625 0.34315305625 0.48965782031250005 0.34663276875000004 0.49394054218749994 0.35145082968749997 0.5050042390625 0.35225383906249996 0.5132127875 0.349844809375 0.524276484375 0.3463650984375 0.5271316328125 0.3428853875
0 0.5596089359375 0.3278958625 0.5649623390625 0.32521916093750003 0.5656761265625 0.3204010984375 0.563177871875 0.3169213875 0.5596089359375 0.31317400625 0.5506865999999999 0.308623615625 0.5428349453125 0.3046085625 0.5331988203125 0.30086118125 0.5192799765625 0.29684613125000003 0.5142834671875 0.2984521515625 0.5114283203125 0.30086118125 0.509286959375 0.3059469140625 0.5085731734375 0.30969429531250003 0.5096438531249999 0.3126386671875 0.5103576390625 0.31585070625 0.5299867796875 0.32307779999999997 0.5424780515625 0.32682518125 0.5510434937500001 0.3278958625 0.5596089359375 0.3278958625
0 0.5938707078125 0.30835594375 0.584948371875 0.3032702140625 0.5763829296874999 0.2992551609375 0.5646054453125 0.29818448124999997 0.5531848546875 0.2976491421875 0.5485452390625001 0.2984521515625 0.5417642640625 0.3013965234375 0.5460469859375 0.3059469140625 0.554612428125 0.31049730625 0.5596089359375 0.31451235624999996 0.5638916578125001 0.31906274843750004 0.5724571015625 0.319865759375 0.5831639046875 0.32066876875 0.5942276015625 0.31933041875 0.59672585625 0.313977015625 0.5938707078125 0.30835594375
0 0.3568934546875 0.306749925 0.366172684375 0.3070175953125 0.374024340625 0.307552934375 0.3836604640625 0.30889128593750004 0.3907983328125 0.3091589546875 0.39222590625 0.303805553125 0.3925828 0.29898749062499996 0.3850880375 0.2960431203125 0.37509502031249997 0.295240109375 0.3683140453125 0.2939017609375 0.3611761765625 0.2920280703125 0.35225383906249996 0.29068971875 0.3426177171875 0.2909573890625 0.3336953796875 0.2917603984375 0.3254868296875 0.29416942968750004 0.32477304375 0.3005935125 0.32370236406249997 0.30969429531250003 0.3276281921875 0.311300315625 0.335836740625 0.3134416765625 0.3426177171875 0.30808827499999997 0.34797111875 0.306749925 0.3568934546875 0.306749925
0 0.5149972546875 0.26552873125 0.5082162796875 0.262584359375 0.4975094765625 0.2580339671875 0.48466131093750003 0.2572309578125 0.472526934375 0.2566956171875 0.46574595781249994 0.2580339671875 0.4636045984375 0.263922709375 0.4618201296875 0.269008440625 0.4632477046875 0.2743618421875 0.49037160625 0.2727558234375 0.5107145328125 0.2743618421875 0.517495509375 0.2727558234375 0.5149972546875 0.26552873125
0 0.585305265625 0.27971524531249997 0.5892310937499999 0.2735588328125 0.5845914796875 0.2687407703125 0.5688881671875 0.26552873125 0.5514003875 0.267402421875 0.5421211578125 0.27114980312500003 0.5299867796875 0.27596786406249996 0.5253471656250001 0.2791799046875 0.5267747390624999 0.28319495625 0.5331988203125 0.2858716578125 0.5467607734375 0.287477678125 0.5596089359375 0.28453330625 0.585305265625 0.27971524531249997
0 0.6391961765625 0.3021995328125 0.64240821875 0.2944371 0.6363410296875001 0.2882806875 0.6206377171875 0.2834626265625 0.6045775124999999 0.2815889359375 0.5935138140625 0.28399796718750003 0.5795949703125001 0.2872100078125 0.5831639046875 0.295240109375 0.5985103234375 0.29952283281250003 0.6163549953125 0.30567924375 0.6274186921875 0.30621458437500004 0.6391961765625 0.3021995328125
0 0.6577546359374999 0.2799829140625 0.6470478328125 0.277573884375 0.6377686031249999 0.2754325234375 0.6320583078124999 0.2754325234375 0.6242066515625 0.2765032046875 0.615998103125 0.2765032046875 0.608146446875 0.277573884375 0.6056481921875 0.2823919453125 0.6145705296874999 0.28319495625 0.6252773328125001 0.28613932656249996 0.63419966875 0.2885483578125 0.6409806453125 0.2922957390625 0.6466909390625 0.2979168109375 0.6563270640625001 0.2957754515625 0.6620373578125001 0.29256340937499997 0.6616804640625 0.2858716578125 0.6577546359374999 0.2799829140625
0 0.6977267046875 0.3543952 0.6884474734375 0.35064781875 0.6777406703125 0.34930946875 0.667747653125 0.3503801484375 0.6509736609375001 0.35225383906249996 0.6356272421875 0.35680423125 0.6306307343750001 0.3645666640625 0.6334858828125001 0.369920065625 0.64240821875 0.3739351171875 0.6484754078125 0.37795016875 0.6666769734375 0.3739351171875 0.6820233921875001 0.36858171562500003 0.6987973843749999 0.3621576328125 0.6977267046875 0.3543952
0 0.6841647515625 0.41488864062499997 0.6938008765625 0.4114089296875 0.7030801046875 0.406055528125 0.7077197203125001 0.40204047656249997 0.706649040625 0.39802542500000004 0.6995111703125 0.39427804375000003 0.691302621875 0.392136684375 0.67988203125 0.39267202343749996 0.6702459078125 0.3950810546875 0.6588253171875 0.400969796875 0.6524012359375 0.408732228125 0.6552563828125 0.4138179609375 0.6623942515625 0.41569165156250004 0.67167348125 0.41676233125 0.6841647515625 0.41488864062499997
0 0.7526882953125 0.38437425 0.7633950984375 0.37982385937499996 0.7758863703125 0.376344146875 0.7805259859375 0.3715260859375 0.7755294765625 0.3659050140625 0.766964034375 0.36296064375000003 0.7566141234375 0.36296064375000003 0.7430521734375 0.3634959828125 0.736271196875 0.36697569375 0.721281671875 0.3733997765625 0.714143803125 0.3795561890625 0.714143803125 0.3875862921875 0.7327022624999999 0.389727653125 0.7419814921875 0.38812163125 0.7526882953125 0.38437425
0 0.7673209265625001 0.341279365625 0.7723174359375 0.33565829375 0.765893353125 0.329769553125 0.7555434437499999 0.32736052031249996 0.7451935328125 0.326289840625 0.7355574109374999 0.3284312015625 0.7234230328125 0.33191091250000004 0.7127162296875 0.3364613046875 0.706649040625 0.3452944171875 0.7152144828125 0.35091548906250003 0.7262781796875 0.3517185 0.7387694515625001 0.34877412812499997 0.7673209265625001 0.341279365625
0 0.6880905796875 0.2783768953125 0.6788113515624999 0.2735588328125 0.6670338671875 0.27114980312500003 0.6563270640625001 0.27114980312500003 0.6449064734375 0.27195281250000003 0.6370548171875 0.275164853125 0.6484754078125 0.27703854375 0.65739774375 0.2791799046875 0.661323571875 0.283730296875 0.6645356125 0.2920280703125 0.6741717359375 0.2917603984375 0.6855923265625 0.2904220484375 0.6916595140624999 0.28533631718749997 0.6880905796875 0.2783768953125
0 0.5845914796875 0.260175328125 0.5799518640625 0.25589260625 0.570315740625 0.25455425625 0.5578244703124999 0.252145225 0.54426251875 0.253751246875 0.5331988203125 0.2561602765625 0.5274885265625 0.26124600781249996 0.5267747390624999 0.2660640703125 0.5296298859374999 0.26954378125 0.5335557140625 0.2703467921875 0.5524710671874999 0.2687407703125 0.5745984609375 0.266331740625 0.5824501171875001 0.2649933890625 0.5845914796875 0.260175328125
0 0.6359841359375 0.248933184375 0.633842775 0.24250910312500001 0.62670490625 0.23581734999999998 0.6131429546875 0.23635269062500003 0.60422061875 0.23956473125 0.5988672171875 0.24438279375 0.5906586671875 0.248130175 0.5870897328125 0.25294823593750004 0.5910155609375 0.25642794687500003 0.59601206875 0.2583016375 0.608146446875 0.25937231875 0.6174256765624999 0.25642794687500003 0.629916946875 0.25294823593750004 0.6359841359375 0.248933184375
0 0.713430015625 0.2277872484375 0.705578359375 0.222166175 0.6923733015625 0.2218985046875 0.6784544578125 0.2296609390625 0.6691752265625001 0.23554967968749999 0.6691752265625001 0.241438421875 0.6759562031249999 0.24465046406250002 0.68666300625 0.2435797828125 0.702009425 0.2406354125 0.713430015625 0.2368880296875 0.713430015625 0.2277872484375
0 0.7951586171875 0.2572309578125 0.7919465765625 0.2505392046875 0.7808828796875 0.24465046406250002 0.7683916078124999 0.241438421875 0.7534020828125 0.24197376249999997 0.7426952796874999 0.2467918234375 0.7369849828125 0.2534835765625 0.74055391875 0.2561602765625 0.7583985906249999 0.26124600781249996 0.7776708375 0.2647257203125 0.7912327890624999 0.26552873125 0.7951586171875 0.2572309578125
0 0.79230346875 0.331375571875 0.8080067812499999 0.3289665421875 0.8158584375 0.323613140625 0.8147877578125 0.3169213875 0.8090774609375 0.3115679859375 0.7969430843749999 0.309426625 0.7833811328125 0.30969429531250003 0.7730312234375 0.31317400625 0.765893353125 0.31906274843750004 0.7612537390624999 0.32548683125 0.7708898609375 0.3327139234375 0.7808828796875 0.3332492625 0.79230346875 0.331375571875
0 0.7412677046875 0.219489475 0.7269919671875 0.21627743281249998 0.7177127375000001 0.2178834546875 0.7077197203125001 0.221363165625 0.7112886546875 0.2259135578125 0.7166420578125 0.23367598906249998 0.728419540625 0.2323376390625 0.744122853125 0.2285902578125 0.7462642140625 0.224039865625 0.7412677046875 0.219489475
0 0.83120485625 0.316118378125 0.842268553125 0.313977015625 0.8504771015625 0.30889128593750004 0.8590425453125 0.2791799046875 0.85297535625 0.2783768953125 0.8451237 0.28051825625000004 0.8319186421874999 0.285068646875 0.8237100937499999 0.2904220484375 0.8169291171875 0.2973814703125 0.8090774609375 0.3046085625 0.8072929953125 0.309961965625 0.8119326093750001 0.31237099687500003 0.8219256265625001 0.316386046875 0.83120485625 0.316118378125