0 0.2583079953125 0.7904809953124999 0.2670876953125 0.783703684375 0.2726327671875 0.767684584375 0.2832608234375 0.7522816031249999 0.291578434375 0.7368786218750001 0.2998960453125 0.7196272828125 0.3022064921875 0.7005275859375 0.2920405234375 0.691285796875 0.2786399296875 0.691285796875 0.2592321734375 0.714698328125 0.2328930765625 0.7633717484375 0.2375139703125 0.7775424921874999 0.245369490625 0.7892487578125 0.2583079953125 0.7904809953124999
0 0.30128231250000004 0.8003389046875 0.318379621875 0.7701490609375 0.3276214109375 0.7565944375 0.331780215625 0.7485848875000001 0.329007678125 0.737494740625 0.32069006875 0.7319496671875 0.312372459375 0.730101309375 0.3022064921875 0.7362625015625001 0.29527515000000004 0.7473526484375 0.2837229140625 0.75721055625 0.272170678125 0.7707651796875 0.2666256046875 0.7874004 0.261542621875 0.7984905453125 0.2592321734375 0.8138935265624999 0.2680118734375 0.82559979375 0.2777157515625 0.8286803890625001 0.2892679875 0.8206708390624999 0.30128231250000004 0.8003389046875
0 0.3567330453125 0.8058839765625001 0.3655127453125 0.791713234375 0.3650506546875 0.7787747296875 0.359967671875 0.7670684640625 0.351187971875 0.7602911531250001 0.3419461828125 0.7615233921875 0.32669723125 0.7812392078125 0.315144996875 0.7972583078125 0.3082136546875 0.8157418859375 0.298971865625 0.8323771046875 0.29435097187500003 0.8483962046875 0.2966614171875 0.8613347093750001 0.3059032078125 0.8699603796875 0.321152159375 0.8705764984375 0.3322423046875 0.8601024703125001 0.3567330453125 0.8058839765625001
0 0.4080249734375 0.980245725 0.42234974531249997 0.9722361734374999 0.4232739234375 0.9562170734375 0.42466019218750006 0.9365012578125 0.42512228125 0.9198660390625 0.42512228125 0.9019985796875 0.42650855 0.8816666453125 0.424198103125 0.8662636640624999 0.4205013875 0.84962844375 0.4140321359375 0.845931728125 0.40063154062499995 0.8471639671875 0.3881551265625 0.8502445640625 0.38307214218749996 0.865031425 0.37706497968749997 0.9217143953125 0.37706497968749997 0.9716200546874999 0.38353423124999997 0.9820940828125 0.39508646875000003 0.9833263203125 0.4080249734375 0.980245725
0 0.48473181875 0.93403678125 0.475027940625 0.9241788734374999 0.45977898906250003 0.9198660390625 0.44545421718749995 0.9284917078125 0.443605859375 0.9968809453125 0.48704226562499997 1 0.4879664453125 0.96484274375 0.48473181875 0.93403678125
0 0.4325157125 0.7701490609375 0.44453003906250005 0.7658362265624999 0.457006453125 0.7541299609375 0.4708691359375 0.7411914562499999 0.4828834609375 0.7270207140625 0.49304942812499997 0.7079210171875 0.4939736078125 0.690669678125 0.4838076390625 0.6740344578124999 0.47271749375 0.6734183390624999 0.45793063125 0.6851246046874999 0.43990914375 0.7036081828125 0.432977803125 0.71839504375 0.4144942234375 0.7461204109375 0.41680467187500003 0.7547460796875 0.42188765625 0.7652201078124999 0.4325157125 0.7701490609375
0 0.5101467390625001 0.8268320328125001 0.5226231515624999 0.8120451703124999 0.534637478125 0.7966421890625 0.5489622515625 0.7787747296875 0.5586661281249999 0.7646039874999999 0.56236284375 0.7504332453125 0.5609765765625 0.7381108609375 0.55635568125 0.7282529515625 0.54711389375 0.721475640625 0.5397204609374999 0.71839504375 0.5290924046875001 0.7270207140625 0.5119950953125 0.7473526484375 0.49582196562499997 0.7769263734375 0.4865801765625 0.799722784375 0.4856559984375 0.807116215625 0.4953598765625 0.8206708390624999 0.5101467390625001 0.8268320328125001
0 0.573452990625 0.8514768015625 0.592860746875 0.8194386015624999 0.6021025359375 0.8028033812500001 0.6007162671875 0.783703684375 0.5882398515625 0.7701490609375 0.5720667234375 0.7664523453125 0.55774195 0.7806230890625 0.534637478125 0.8138935265624999 0.5216989734374999 0.8391544171875 0.5170780796875001 0.8471639671875 0.52354733125 0.8637991859374999 0.534637478125 0.8742732140625 0.5526589656249999 0.8736570953125 0.573452990625 0.8514768015625
0 0.6261311859375 0.86441530625 0.6413801390625 0.8391544171875 0.6483114796875 0.8182063625 0.640455959375 0.8028033812500001 0.63075208125 0.791097115625 0.6215102921875 0.7849359234375 0.6118064140625 0.79540995 0.5956332843750001 0.8138935265624999 0.5813085109375 0.8397705359375 0.5679079171875 0.8674959015624999 0.5669837390625 0.8853633609375 0.58038433125 0.9019985796875 0.591474478125 0.9063114140625 0.6067234312500001 0.8976857453125 0.6261311859375 0.86441530625
0 0.63675924375 0.9519042390625 0.6483114796875 0.9414302125 0.6709538625 0.9063114140625 0.688513259375 0.876737690625 0.691285796875 0.8607185906250001 0.6894374390625 0.84962844375 0.676961025 0.8348415828125001 0.6649466984375 0.8292965078125001 0.65154610625 0.8446994890624999 0.6261311859375 0.8828988828125001 0.610882234375 0.9118564890625 0.6104201453125 0.9272594703125 0.6122685031249999 0.9278755890625 0.6242828296875 0.9438946890625 0.63675924375 0.9519042390625
0 0.688513259375 1 0.69636878125 0.984558559375 0.7069968390625 0.9716200546874999 0.7185490734375 0.9463591656249999 0.7342601140625 0.92602723125 0.7402672765625 0.9044630578125 0.7393430984375 0.88844395625 0.7231699671875 0.876121571875 0.7102314640625 0.8736570953125 0.6977550484374999 0.8872117171875 0.6811198296875001 0.9186338 0.6529323734375 0.9673072203125 0.655242821875 0.9833263203125 0.66956759375 0.9962648250000001 0.688513259375 1
0 0.7961801000000001 0.9777812484374999 0.8040356187500001 0.9617621468750001 0.8072702453125 0.9457430468749999 0.7947938296875 0.9291078265625 0.7781586109374999 0.9174015609374999 0.7661442859375 0.91924991875 0.7259425046875 0.9987293015625 0.786476221875 1 0.7892487578125 0.9968809453125 0.7961801000000001 0.9777812484374999
0 0.8936809703125 0.8995341031249999 0.8950672390625 0.8927567921874999 0.906157384375 0.8742732140625 0.9158612640625 0.8465478484375 0.9227926046875 0.821903078125 0.918171709375 0.8083484546875 0.9107782796875 0.7966421890625 0.8927567921874999 0.7923293546875 0.8835150015625001 0.8003389046875 0.8719627671874999 0.8243675546875 0.8608726203125 0.849012325 0.855327546875 0.873040975 0.8594863515625001 0.8865955984375 0.8788941093749999 0.9013824609375 0.8936809703125 0.8995341031249999
0 0.9565251328125 0.9377334968750001 0.96484274375 0.9174015609374999 0.97084990625 0.8902923140624999 0.9685394578125001 0.8755054515625 0.9560630437500001 0.8564057546875 0.9412761828124999 0.8483962046875 0.9324964828125 0.8601024703125001 0.9195579781250001 0.8915245531249999 0.91401290625 0.9180176796874999 0.9287997671875001 0.9383496156250001 0.9454349875 0.9469752859374999 0.9565251328125 0.9377334968750001
0 0.83638188125 0.8483962046875 0.8442374015624999 0.8311448671875 0.8544033671875001 0.8083484546875 0.8664176937500001 0.7892487578125 0.8668797828124999 0.7707651796875 0.8594863515625001 0.7627556296875 0.84839620625 0.7510493640625 0.8349956109375001 0.7473526484375 0.82760218125 0.75721055625 0.8183603921874999 0.78000696875 0.8026493515625001 0.8040356203125001 0.7952559203125 0.8262159125 0.7998768140625 0.8360738203125001 0.8142015875 0.8483962046875 0.8252917343749999 0.857021875 0.83638188125 0.8483962046875
0 0.7555162296875 0.7935615921875 0.7693789125 0.8052678578125001 0.7813932375 0.8040356203125001 0.7934075625 0.7898648765625 0.803111440625 0.7707651796875 0.8142015875 0.7492010062500001 0.8165120343750001 0.7319496671875 0.8086565140624999 0.71839504375 0.7961801000000001 0.7085371359375 0.7832415953125 0.7079210171875 0.7587508546875 0.7528977218749999 0.7485848875000001 0.7713812984375 0.7476607093750001 0.784319803125 0.7555162296875 0.7935615921875
0 0.7532057812499999 0.7393430984375 0.7642959281249999 0.721475640625 0.765682196875 0.706072659375 0.7619854796875 0.6937502734375001 0.7495090671875 0.6869729625 0.7370326515625 0.6869729625 0.7236320578125001 0.7042243015625 0.7037622125 0.737494740625 0.7005275859375 0.7553621984375 0.710693553125 0.7646039874999999 0.72640459375 0.7750780140625 0.7421156343749999 0.7590589140625 0.7532057812499999 0.7393430984375
0 0.6968308703125 0.717778925 0.70561056875 0.7029920625 0.718086984375 0.6857407234374999 0.7236320578125001 0.6740344578124999 0.7162386265625 0.6654087890625 0.7037622125 0.6561670000000001 0.6945204234375 0.6567831187500001 0.682506096875 0.667873265625 0.6677192359374999 0.6919019171875 0.6510840171875001 0.7171628046875 0.661249984375 0.72640459375 0.67557475625 0.7344141453125 0.6866649015624999 0.7276368328125 0.6968308703125 0.717778925
0 0.6566290890625 0.6888213203125 0.6709538625 0.667873265625 0.68158191875 0.64815745 0.6811198296875001 0.6333705875 0.6709538625 0.6235126796875 0.6533944640625 0.6167353671875 0.6386076015625 0.6284416328125 0.616427309375 0.64815745 0.6007162671875 0.6721861 0.6085717890625 0.68758908125 0.6252070078124999 0.7017598234375 0.63999386875 0.7036081828125 0.6566290890625 0.6888213203125
0 0.6002541781249999 0.6654087890625 0.610882234375 0.651854165625 0.622896559375 0.6395317796875 0.6372213328125 0.621664321875 0.6335246171875 0.6056452218749999 0.6289037234375 0.5945550749999999 0.616889396875 0.58716164375 0.6076476093750001 0.5877777640625 0.5923986578125 0.6031807453125 0.57714970625 0.6235126796875 0.5655974703125 0.6413801375 0.5706804546875001 0.6543186421875 0.5822326890625 0.6623281921874999 0.5923986578125 0.667873265625 0.6002541781249999 0.6654087890625
0 0.5619007546875 0.6179676062499999 0.5762255265625 0.6037968640625 0.585467315625 0.5902422406250001 0.5850052265625 0.5779198546875 0.5785359734375 0.5699103046875 0.5702183640625 0.568061946875 0.5619007546875 0.574839259375 0.54156881875 0.5933228359375 0.5314028515625 0.6111902953125 0.53232703125 0.621048203125 0.5374100140625 0.6265932765625 0.5485001609375 0.629673871875 0.5619007546875 0.6179676062499999
0 0.4449921265625 0.69436639375 0.4588548109375 0.6826601265625001 0.46393779375 0.6629443109375 0.46255152656250004 0.6493896890624999 0.454233915625 0.637067303125 0.44591630625 0.63275446875 0.43575033906250005 0.6358350640625 0.42373601406250005 0.64815745 0.40663870312499995 0.667257146875 0.38907930468749996 0.6869729625 0.3844584109375 0.7042243015625 0.3946243796875 0.7165466859375 0.40663870312499995 0.7171628046875 0.41957720781249996 0.7134660890625 0.432977803125 0.7029920625 0.4449921265625 0.69436639375
0 0.42234974531249997 0.6506219265625 0.43112944375 0.64076401875 0.442219590625 0.6346028265625 0.45377182656250004 0.6333705875 0.46116525781249995 0.621664321875 0.46347570468750005 0.6081096984375 0.46070316875 0.5945550749999999 0.45007511093749997 0.5883938828125 0.438984965625 0.5914744796875 0.42466019218750006 0.6037968640625 0.4205013875 0.6155031296875 0.40756288281249997 0.6278255140625 0.3978590046875 0.6426123765625 0.398783184375 0.653086403125 0.3997073625 0.653086403125 0.41264586718749996 0.660479834375 0.42234974531249997 0.6506219265625
0 0.482421371875 0.5902422406250001 0.49582196562499997 0.5779198546875 0.5106088265625 0.56313299375 0.519850615625 0.54834613125 0.5166159890625 0.537255984375 0.503215396875 0.5354076265625001 0.4916631609375 0.5378721046875 0.47549003125 0.5514267265624999 0.46208943593749996 0.5643652328125001 0.458392721875 0.5803843328125 0.46116525781249995 0.5927067171875 0.4708691359375 0.5976356703125 0.482421371875 0.5902422406250001
0 0.634448796875 0.49782435312500006 0.6145789515625 0.4922792796875 0.6067234312500001 0.490430921875 0.5933228359375 0.4935115171875 0.58592940625 0.505217784375 0.5896261218750001 0.5181562890625 0.6326004390625 0.5415688203125 0.6520081953125 0.5273980765624999 0.649235659375 0.513227334375 0.634448796875 0.49782435312500006
0 0.7176248953125001 0.54834613125 0.7065347484375 0.5384882234374999 0.694058334375 0.53232703125 0.68158191875 0.5298625546875 0.66679505625 0.5273980765624999 0.6570911796875001 0.5384882234374999 0.6543186421875 0.5495783703125 0.70237594375 0.574839259375 0.7139281796875 0.5717586625 0.72039743125 0.5588201578125 0.7176248953125001 0.54834613125
0 0.8243675546875 0.5964034328125 0.81281531875 0.5822326890625 0.7795448796875 0.5705264234375 0.7619854796875 0.57114254375 0.7504332453125 0.57114254375 0.7439639921875 0.5797682140625 0.7425777250000001 0.586545525 0.74442608125 0.5970195515625 0.8044977093749999 0.6321383484374999 0.8192845703125 0.6321383484374999 0.82482964375 0.6161192484375 0.8243675546875 0.5964034328125
0 0.8858254499999999 0.6253610375 0.8590242625 0.6333705875 0.8497824734374999 0.6506219265625 0.86041053125 0.6703377421875001 0.8719627671874999 0.6783472921875 0.8728869453125 0.6789634125 0.9509800593750001 0.668489384375 0.9389657343750001 0.6302899921875 0.9186338 0.6284416328125 0.8858254499999999 0.6253610375
0 0.9763949796875 0.668489384375 0.918171709375 0.6820440078125001 0.9121645484375 0.6974469890624999 0.931110215625 0.7307174296875 1 0.7171628046875 0.997189003125 0.683276246875 0.9763949796875 0.668489384375
0 0.5434171765625 0.586545525 0.55635568125 0.5588201578125 0.5438792671875 0.5501944890625 0.5193885265625 0.5619007546875 0.5022912171875 0.5939389562499999 0.51476763125 0.6068774609375 0.52955449375 0.6050291015625 0.5434171765625 0.586545525
0 0.0443605859375 0.683892365625 0.044822675 0.7110016124999999 0.063306253125 0.7202434015625 0.1326196671875 0.6691055046875001 0.1182948953125 0.6438446140625 0.0716238625 0.6629443109375 0.0443605859375 0.683892365625
0 0.14740653125 0.6438446140625 0.1524895140625 0.6580153578125 0.178366521875 0.652470284375 0.23705188124999999 0.629673871875 0.230582628125 0.598867909375 0.16265548125 0.6161192484375 0.14740653125 0.6438446140625
0 0.243983221875 0.5883938828125 0.24213486562500003 0.6081096984375 0.2532250109375 0.629057753125 0.3234626046875 0.6037968640625 0.3202279796875 0.5705264234375 0.3045169390625 0.5637491125 0.243983221875 0.5883938828125
0 0.37105781718749997 0.5230852421875001 0.3581193125 0.5378721046875 0.3687473703125 0.55635568125 0.37706497968749997 0.5619007546875 0.430205265625 0.5249336 0.421425565625 0.5046016640625 0.3941622890625 0.5119950953125 0.37105781718749997 0.5230852421875001
0 0.48334555156250003 0.45839272031249995 0.47317958281249994 0.467018390625 0.46855868906250003 0.4805730140625 0.4736416734375 0.490430921875 0.48426972968750004 0.4935115171875 0.5226231515624999 0.46886674843750004 0.5161539015625001 0.44791869375 0.5004428609375 0.447302575 0.48334555156250003 0.45839272031249995
0 0.58592940625 0.452231528125 0.5882398515625 0.4645539140625 0.6057992515625 0.46886674843750004 0.6298279015625 0.43559630781249997 0.61596521875 0.4269706390625 0.6025646250000001 0.43436407031249996 0.58592940625 0.452231528125
0 0.52955449375 0.428202878125 0.524009421875 0.44114138281250004 0.5387962828124999 0.4528476484375 0.573452990625 0.41711273125000004 0.5637491125 0.4097193 0.546651803125 0.4084870609375 0.52955449375 0.428202878125
0 0.5729909015625 0.4109515390625 0.586853584375 0.40910318125 0.616427309375 0.38569065 0.5997920890625 0.37028766874999997 0.5642112015625 0.39493243906250003 0.5729909015625 0.4109515390625
0 0.6302899921875 0.3752166234375 0.6617120734374999 0.3450267796875 0.64877356875 0.3333205140625 0.6141168609375 0.3610458796875 0.6302899921875 0.3752166234375
0 0.011552235937499999 0.5957873140625 0.04158805 0.651854165625 0.06700296875 0.6346028265625 0.0429743171875 0.5736070203125 0.011552235937499999 0.5957873140625
0 0.0702375953125 0.63275446875 0.103508034375 0.6173514875 0.0970387828125 0.5662135890625 0.0628441625 0.5828488093749999 0.0702375953125 0.63275446875
0 0.11136355312499999 0.6148870109375 0.14186145625 0.6056452218749999 0.138164740625 0.5508106078125 0.10720475 0.5588201578125 0.11136355312499999 0.6148870109375
0 0.14740653125 0.5514267265624999 0.16126921249999998 0.5908583593750001 0.1885324890625 0.578535975 0.1755939859375 0.5347915078125001 0.14740653125 0.5514267265624999
0 0.1926912953125 0.5310947921875 0.20239517343750002 0.583464928125 0.231968896875 0.5760714984375 0.2208787515625 0.5224691234375001 0.1926912953125 0.5310947921875
0 0.2301205390625 0.5156918109374999 0.2458315796875 0.5655974703125 0.2772536609375 0.5532750859375 0.2578459046875 0.5021371875 0.2301205390625 0.5156918109374999
0 0.29758559687499997 0.48118913281250003 0.325773053125 0.5243174796875001 0.3502637921875 0.50953061875 0.324386784375 0.467634509375 0.29758559687499997 0.48118913281250003
0 0.3308560359375 0.474411821875 0.363202296875 0.49844047187499996 0.3849205 0.4774924171875 0.351187971875 0.45469600468750004 0.3308560359375 0.474411821875
0 0.020794025 0.5064500234375 0.019869845312500002 0.54033658125 0.0845623671875 0.5335592703125001 0.09056952968750001 0.5033694265624999 0.052216106250000005 0.49720823281250004 0.020794025 0.5064500234375
0 0.10073549687500001 0.5002888296875 0.1025838546875 0.520620765625 0.1598829453125 0.505833903125 0.158958765625 0.4879664453125 0.1284608625 0.48550196718749994 0.10073549687500001 0.5002888296875
0 0.1816011484375 0.5009049484375 0.233355165625 0.479340775 0.2282721828125 0.4509992890625 0.17466980625 0.4781085375 0.1816011484375 0.5009049484375
0 0.243983221875 0.47379570156249995 0.30313067031249996 0.44853481406249995 0.2920405234375 0.420193328125 0.2342793453125 0.4386769046875 0.243983221875 0.47379570156249995
0 0.3132966390625 0.44175750156250004 0.3544225984375 0.40725482343749997 0.340559915625 0.3924679609375 0.301744403125 0.42512228125 0.3132966390625 0.44175750156250004
0 0.34471871875 0.3967807953125 0.3567330453125 0.3961646765625 0.3872309484375 0.3832261734375 0.3756787109375 0.3598136421875 0.340097825 0.381993934375 0.34471871875 0.3967807953125
0 0.3876930375 0.474411821875 0.4029419890625 0.45654436406250004 0.3668990125 0.43436407031249996 0.353960509375 0.45346376718750003 0.3876930375 0.474411821875
0 0.412183778125 0.44853481406249995 0.4260464609375 0.43436407031249996 0.3844584109375 0.4084870609375 0.37151990625 0.42943511718750005 0.412183778125 0.44853481406249995
0 0.43575033906250005 0.43066735468750006 0.44684048593750003 0.41711273125000004 0.409411240625 0.39493243906250003 0.396934825 0.4115676578125 0.43575033906250005 0.43066735468750006
0 0.4149563140625 0.3955485578125 0.44684048593750003 0.4158804921875 0.454233915625 0.4121837765625 0.45469600625 0.412799896875 0.46208943593749996 0.4023258703125 0.4380607859375 0.38076169531250004 0.4200392984375 0.381993934375 0.4149563140625 0.3955485578125
0 0.44037123281249996 0.36227811875000004 0.438522875 0.3789133375 0.46855868906250003 0.40109363125 0.48750435625 0.38261005312499996 0.47872465625 0.3604297609375 0.4588548109375 0.3567330453125 0.44037123281249996 0.36227811875000004
0 0.4888906234375 0.32223036718750003 0.47456585156250003 0.3216142484375 0.46809659843749996 0.3351688703125 0.476414209375 0.3456428984375 0.48334555156250003 0.3505718515625 0.5046016640625 0.3598136421875 0.51754016875 0.34933961406249997 0.5041395750000001 0.3333205140625 0.4888906234375 0.32223036718750003
0 0.4916631609375 0.324078725 0.5101467390625001 0.3382494671875 0.524471509375 0.34933961406249997 0.5392583734375 0.3370172296875 0.5184643484375 0.3136046984375 0.5004428609375 0.3173014140625 0.4916631609375 0.324078725
0 0.5230852421875001 0.30313067031249996 0.5341753890625001 0.3148369359375 0.551272696875 0.3265432015625 0.5665216484375 0.312988578125 0.55312105625 0.2926566421875 0.5309407625 0.29696947812499996 0.5230852421875001 0.30313067031249996
0 0.430205265625 0.274173065625 0.43436407031249996 0.29142440468749997 0.44083332343750004 0.29696947812499996 0.47317958281249994 0.2877276890625 0.4708691359375 0.273556946875 0.4449921265625 0.2680118734375 0.430205265625 0.274173065625
0 0.47826256718750004 0.26986023124999997 0.48519390781249994 0.2840309734375 0.5226231515624999 0.26986023124999997 0.5166159890625 0.2526088921875 0.4879664453125 0.2600023234375 0.47826256718750004 0.26986023124999997
0 0.65154610625 0.3351688703125 0.66679505625 0.3425623015625 0.6931341546875001 0.320382009375 0.676498934375 0.3062112671875 0.65154610625 0.3216142484375 0.65154610625 0.3351688703125
0 0.6959066921875 0.2729408265625 0.682506096875 0.30313067031249996 0.6954446015625 0.316069175 0.7125419109375 0.30313067031249996 0.7185490734375 0.26185067968750003 0.7139281796875 0.258770084375 0.6959066921875 0.2729408265625