0 0.8447761578125 0.42163186562500005 0.815130025 0.42740486874999994 0.8044673359375001 0.44767570156250003 0.7920057515625001 0.477484825 0.7807985093750001 0.502512409375 0.7752365765625 0.526395309375 0.772381628125 0.5463934921875 0.7879482890625 0.56480083125 0.8128902484375 0.5667724796875 0.82682175 0.5587056046875001 0.8434760062500001 0.526854978125 0.851992034375 0.4858130734375 0.8629679343750001 0.4541607390625 0.8593686328125001 0.43249285000000004 0.8447761578125 0.42163186562500005
0 0.7920242625 0.4612231015625 0.80144803125 0.443163646875 0.80048340625 0.43411592343749994 0.7964675625 0.42128271875 0.7813098671875001 0.41446042031249997 0.767380403125 0.4149468484375 0.740064465625 0.43146887187500005 0.7278236140625001 0.461735246875 0.7236058703125 0.489559209375 0.7162693828125 0.5209516625 0.7130608265625 0.5405238703124999 0.7198111421875 0.548072209375 0.730222503125 0.5490059796875 0.7502917625000001 0.5478726984375 0.7593089749999999 0.536746609375 0.7711360765624999 0.5224952609375 0.775851559375 0.508924703125 0.7872943875 0.49295698125 0.79096263125 0.47726075312500005 0.7920242625 0.4612231015625
0 0.7186195843750001 0.5139504234375 0.7226117671875001 0.4982428828125 0.726038684375 0.475635915625 0.7294734859374999 0.462542528125 0.7292544375000001 0.4469820484375 0.726534359375 0.4341035921875 0.7175164578125 0.426634440625 0.7003475859375 0.4272339921875 0.6811826187500001 0.4356873109375 0.6672689265625 0.4552009015625 0.6617403390625001 0.482638190625 0.6524752875 0.514530440625 0.649251646875 0.5336707281249999 0.651798615625 0.5508797078125001 0.6560328171875 0.56067815 0.665728765625 0.5689885203125 0.67302138125 0.5734907859375 0.6917043781250001 0.569811225 0.6971812078124999 0.5687550734375 0.7048272437499999 0.5555146265625 0.7126011390625 0.5366478906250001 0.7186195843750001 0.5139504234375
0 0.6649259265625 0.45312048125000004 0.6590943 0.4347288609375 0.64585008125 0.42697484531249996 0.6272123328125 0.4319501703125 0.6131097609375 0.4367671234375 0.6051778359375 0.46039630625 0.5931862 0.5070870046875 0.589940278125 0.5348770296875001 0.590761959375 0.5491191203125 0.597708353125 0.5622824375000001 0.6073741375 0.569728965625 0.6236013515625001 0.5700271953125 0.6360993046875 0.5656987250000001 0.6426226859375 0.5481730015624999 0.6509690484374999 0.527124034375 0.6562491125000001 0.5018576625 0.6614085125 0.473135921875 0.6649259265625 0.45312048125000004
0 0.5940424890625 0.4387303109375 0.5818677921875001 0.42445222656250003 0.558016821875 0.42874470625 0.5432591671875 0.44266594374999996 0.5416480359375 0.47083132968749997 0.5337096046875 0.5221374140624999 0.5324145296875 0.54077790625 0.536069065625 0.561840240625 0.549561809375 0.5674233359375 0.5680113625 0.566346615625 0.5771492406250001 0.558675896875 0.5795066375 0.5425929968750001 0.5866700140625001 0.51553106875 0.5918595796874999 0.48767316875000005 0.5965068437500001 0.4628613453125 0.5972897859375 0.44813077031250004 0.5940424890625 0.4387303109375
0 0.505836971875 0.55986883125 0.5101976578125 0.526850503125 0.5128560296875 0.5008107875000001 0.5147458515625 0.47133832499999995 0.5159202625 0.4492424640625 0.5144506984375 0.435022996875 0.497213609375 0.4243812796875 0.48434646875 0.4274252984375 0.46635660156250003 0.4323779984375 0.46386345625000003 0.4445736078125 0.46137819999999996 0.466282796875 0.46042214843749996 0.485343896875 0.4593985640625 0.511758971875 0.45720777031250004 0.5511882484374999 0.4606360609375 0.5657717625 0.4645836859375 0.5673637015625 0.473172065625 0.5718207171875 0.483304734375 0.574061565625 0.49032585468749995 0.5707892453125 0.49927554062499996 0.56701713125 0.505836971875 0.55986883125
0 0.4392381203125 0.491705484375 0.44048006093750003 0.462255646875 0.4385809765625 0.44502404218749997 0.43707405 0.4390223921875 0.4277925390625 0.4332922375 0.4096065953125 0.4326299609375 0.39366595625 0.44053823750000004 0.383503809375 0.4560287890625 0.3865636 0.48792309375 0.3872128578125 0.5250909546875 0.38864505625 0.5475282390625 0.3924877875 0.5646919703125 0.398853828125 0.5705239359375 0.41412430625 0.5712880218749999 0.42699144687499996 0.568244003125 0.43523291718749996 0.562766828125 0.43869788437499996 0.5505372828125 0.43942049375 0.534079025 0.44021063125 0.5102667890625 0.4392381203125 0.491705484375
0 0.9052315078125 0.28515549687499997 0.9240968781250001 0.3238494765625 0.9436769703125 0.3365716125 0.9845905437500001 0.31006089375 0.989885690625 0.28522644375 0.9501797625 0.16985203437500002 0.93207643125 0.162267703125 0.9114576734375 0.1755287203125 0.8916225453125 0.19265440312499998 0.8849942703125 0.22575191874999997 0.9052315078125 0.28515549687499997
0 0.832046190625 0.15840921875 0.8189600015625 0.1458927578125 0.80367444375 0.14469674999999999 0.7824832171875 0.1601399953125 0.7631077796875 0.1811416609375 0.7604867734375 0.1989635578125 0.768360428125 0.22939241406250002 0.7778387062500001 0.2593327890625 0.790081621875 0.2848521390625 0.798919215625 0.30573347812499996 0.81532023125 0.3202964234375 0.8268391640624999 0.32508355 0.8495373109375001 0.3156419515625 0.8683553671875 0.29725444218749997 0.8700347171875 0.2803303234375 0.8619577843749999 0.25336815 0.832046190625 0.15840921875
0 0.716443815625 0.14514822031250002 0.7024612171875 0.1348253046875 0.6736081890625 0.144481834375 0.6527035421875 0.16813158749999998 0.6515894624999999 0.191955134375 0.7072439140625 0.30893485 0.722763603125 0.326123259375 0.7327756078125 0.32490873750000004 0.7498762640625001 0.3130679203125 0.766735590625 0.2943163609375 0.7715566546875 0.283769253125 0.7611065531250001 0.2538628140625 0.7488787203125 0.22877538749999998 0.7363643078125001 0.19548145156250002 0.7282650953124999 0.1771690171875 0.721062290625 0.1566630375 0.716443815625 0.14514822031250002
0 0.6069884328125 0.122158709375 0.5956426125000001 0.11304105625000001 0.58114068125 0.11570971562500001 0.5633095328125 0.1344952109375 0.5505106078125 0.148780496875 0.546985309375 0.15928235625 0.551227396875 0.17859438125 0.5608184515625 0.20247654375000002 0.57857625 0.23731716875000003 0.60328833125 0.2948346890625 0.6156289421875 0.3138639078125 0.62221334375 0.3166611109375 0.6330312578124999 0.310661515625 0.651322096875 0.29575200156250003 0.661913765625 0.2832735875 0.6614311093749999 0.26945210468749997 0.6153257671875 0.1376526125 0.6069884328125 0.122158709375
0 0.562266421875 0.24394099218749998 0.5544459015625 0.22432148125 0.5063031140625001 0.1274045109375 0.49577828593750006 0.1139337078125 0.485570203125 0.1095332546875 0.47199484687500004 0.11087221249999998 0.45802802031249995 0.11957645624999999 0.44096541718750004 0.1417946984375 0.4404008359375 0.1534905109375 0.44650395468750004 0.17965671562500002 0.4536615125 0.19886693125 0.47151700781250006 0.227217421875 0.5233050703125001 0.2984926625 0.5298291374999999 0.29956218125 0.541988065625 0.2948131015625 0.55708474375 0.2813124734375 0.56505471875 0.26806071249999996 0.5663275140625 0.25806996249999997 0.562266421875 0.24394099218749998
0 0.3468926 0.0949158203125 0.3330608328125 0.0889121140625 0.3078465703125 0.1006038171875 0.29618538125 0.11960630000000001 0.2907695703125 0.1409853796875 0.2941303328125 0.1629228703125 0.3227441 0.20214132343750002 0.4113119828125 0.3049982359375 0.42710967499999997 0.30228432656250004 0.4378370921875 0.2936932046875 0.44370539375 0.28527176718749997 0.4512910953125 0.270303634375 0.45179534375 0.25688013593750003 0.4476739203125 0.24102348125 0.3685750546875 0.12140287812499999 0.3468926 0.0949158203125
0 0.1308613171875 0.0942432859375 0.0567988046875 0.081693925 0.0579444265625 0.0959247046875 0.059166151562500005 0.1309103328125 0.06554145312500001 0.1834463625 0.07659487499999999 0.230629653125 0.08245735625 0.268480359375 0.0947074703125 0.2849180484375 0.1082152953125 0.2909330671875 0.1249022 0.295107275 0.13893724375 0.297644296875 0.15433558281249998 0.2927820953125 0.161228153125 0.2765408234375 0.16469243281249998 0.2457160359375 0.15238129843749998 0.2089554203125 0.1308613171875 0.0942432859375
0 0.189924215625 0.5038713015625 0.200094246875 0.49789433125000004 0.2068137078125 0.4859835859375 0.20593169375000003 0.47001380781249996 0.1912237359375 0.40176818281250004 0.1849547015625 0.37085084375 0.1833644765625 0.35317600625 0.1789191109375 0.3373306625 0.1718068046875 0.3194162125 0.1520837671875 0.31188844375 0.11237477031250001 0.31716714375 0.095944278125 0.3203356 0.09289443750000001 0.35374059999999996 0.09879428125 0.3833734875 0.109131603125 0.41933813750000004 0.12385395937499999 0.4694204421875 0.13310598906249999 0.492881996875 0.1464256234375 0.5027956171875 0.1676024515625 0.505515690625 0.189924215625 0.5038713015625
0 0.2179576265625 0.5357584046875 0.19251643125 0.5223760453125 0.1682811875 0.5249521515625 0.15348548281250002 0.5284959640625 0.1515504109375 0.5566726625 0.1610588546875 0.587476878125 0.17049976875 0.6256350703125 0.1805878765625 0.6451753953125 0.1957304921875 0.6515657734375 0.21800700625 0.64862561875 0.2275894890625 0.6443989593749999 0.230745596875 0.6326126484375 0.23033835468750002 0.6209507734375 0.2259152734375 0.596455690625 0.220768890625 0.569823628125 0.2181314265625 0.5500231203125 0.2179576265625 0.5357584046875
0 0.2441505953125 0.709985184375 0.23482383593749998 0.7029592640625 0.2160654234375 0.7044792203125 0.195619778125 0.713409709375 0.193458459375 0.7351075875 0.197911709375 0.760466509375 0.2072240734375 0.7856557515625 0.21441899375 0.796648146875 0.2274822140625 0.7992191046875 0.2423533328125 0.7978348984375 0.25206367812499997 0.78798195 0.2529823671875 0.7771386671875 0.254179746875 0.7649883078124999 0.25103014687499997 0.7490977156249999 0.24617034375000002 0.730672159375 0.24416567812499998 0.7104171046875 0.2441505953125 0.709985184375
0 0.2872381890625 0.8014568609375001 0.26567708749999996 0.797020415625 0.24663278437499997 0.8089291062499999 0.22800360937500003 0.8420132546874999 0.22077201406250002 0.8578339156249999 0.2210513953125 0.87512208125 0.22577545156249998 0.8896603484375 0.23797242968750001 0.8952886937500001 0.2531674921875 0.8938931734375 0.2643768765625 0.8805282921875 0.2747423015625 0.8615710562500001 0.2851228078125 0.84304574375 0.2918271859375 0.8307030765625001 0.29629414062500004 0.8193034390625 0.2942521109375 0.807266203125 0.2872381890625 0.8014568609375001
0 0.33472245625 0.8145019078125 0.3198664203125 0.8163180375 0.3017939421875 0.8281927890624999 0.28198897968750003 0.846182315625 0.27105108906250003 0.86732178125 0.26650151875 0.8856434734375 0.27393776718749996 0.9035466124999999 0.28740034531249997 0.908265865625 0.2948359046875 0.9075737609375001 0.31539432968750003 0.8925850609375001 0.33291662187500004 0.8742428 0.3461824328125 0.8547518328124999 0.3538435484375 0.8419433062499999 0.3511687203125 0.830360615625 0.34531481406250003 0.8206187343750001 0.33472245625 0.8145019078125
0 0.4258095203125 0.7944556031250001 0.39539711875 0.8058963796875 0.37454491875 0.8217602375 0.3555911140625 0.8362604546875 0.35620951875 0.85396923125 0.36829371875 0.8656557875 0.3836396109375 0.86857948125 0.3938699765625 0.864330196875 0.40217177812499993 0.8605807078125001 0.41506908749999993 0.8584005296875 0.4263538859375 0.8471952546875 0.433766478125 0.8365576499999999 0.43870820625 0.8294659109375001 0.440320025 0.81989576875 0.4426098921875 0.81116684375 0.44037966875 0.8030282109375 0.4258095203125 0.7944556031250001
0 0.5088145203125001 0.8123145109375001 0.504504903125 0.8003564609374999 0.4913361015625 0.794762053125 0.47266818749999995 0.7988735359375 0.450023171875 0.8191244796875001 0.43467796875 0.8347960265625 0.42701684999999995 0.8476045531249999 0.430015621875 0.85917593125 0.43895810781250005 0.8644854765625001 0.4520062453125 0.8666245124999999 0.46406747812500004 0.868365565625 0.4775674171875 0.8648670015625 0.4908863640625 0.8561853796875001 0.4966943328125 0.8460362578125 0.502223609375 0.837194209375 0.5061180984375 0.8279768031250001 0.508498465625 0.82183940625 0.5088145203125001 0.8123145109375001
0 0.546535996875 0.842998403125 0.5587329765625 0.84862675 0.58775191875 0.8437213515625 0.5982760593750001 0.8385969125000001 0.6115799203125001 0.8294833718750001 0.62310605 0.8251888375 0.6306766671874999 0.809788784375 0.62880775 0.793421021875 0.623014175 0.785406825 0.5549341171875 0.7955682984375 0.5411332062499999 0.8090236781250001 0.540764703125 0.82633446875 0.546535996875 0.842998403125
0 0.7017935453125 0.8215761125000001 0.7109615890625001 0.8147692375 0.7191728921875 0.8084282203125 0.729945559375 0.8011328609374999 0.7350754796875 0.79014251875 0.7353161187499999 0.77845801875 0.7263887171875 0.7735803953125 0.664523871875 0.78525461875 0.6587087046875 0.804485403125 0.6669357796875001 0.8171715484375 0.6820180625 0.8218342406250001 0.7017935453125 0.8215761125000001
0 0.8173630031249999 0.7595923015625 0.772237509375 0.7676548375000001 0.7510685640625 0.7744483468750001 0.74648883125 0.7919061968750001 0.74953285 0.8047733375 0.761940990625 0.8164485812500001 0.7739871390624999 0.8177577125 0.78916711875 0.815930271875 0.7994427328125 0.8129767515624999 0.8014539062500001 0.8055549046875001 0.8080605875 0.79970236875 0.8145092437500001 0.7986122796874999 0.82276579375 0.7935670265625 0.8273383328125 0.7851908375 0.8287016265625 0.7777916125 0.8258084374999999 0.769243684375 0.8173630031249999 0.7595923015625
0 0.9714107859375 0.415606015625 0.966573953125 0.4071259609375 0.9492319671875 0.4120560375 0.9283115515624999 0.41667862656250004 0.909464015625 0.45279753593749994 0.8899463203125 0.497588809375 0.8807416 0.5312087453125 0.8880722671875001 0.5460884328125 0.9017007578125 0.5555588203124999 0.9165869624999999 0.554606534375 0.928715721875 0.5489936125 0.9384260671875 0.5391406625 0.9483246062499999 0.5253891078125 0.9579968984375 0.5051587359374999 0.9654317703125 0.485871390625 0.96891901875 0.46499210625 0.976625384375 0.4534793453125 0.9808660953125001 0.43560088593749996 0.9801047468749999 0.42308648125000003 0.9714107859375 0.415606015625
0 0.34949688437500004 0.643168996875 0.34460040625 0.6515564984375 0.34489486875 0.669276584375 0.344292925 0.6891902156249999 0.3472241640625 0.7081155671875 0.3544341671875 0.7195398859375 0.36262319062500004 0.72184860625 0.37390079374999996 0.71972499375 0.38330227968749997 0.7103152765625 0.3836543234375 0.6553820796875 0.3809191625 0.64207170625 0.366620509375 0.6412736828125001 0.34949688437500004 0.643168996875
0 0.429834253125 0.640363553125 0.41534740625 0.643464134375 0.40317339375000005 0.647781290625 0.3984658 0.67086543125 0.398873728125 0.7011225484375 0.40038134375 0.725719440625 0.40390732968750004 0.7338128234375 0.42053390312500005 0.736259346875 0.42854192968750004 0.7333850109375 0.4393749265625 0.7278173375 0.44140838281250006 0.7117457515625001 0.44314806406249996 0.69654931875 0.4419421109375 0.680590853125 0.44281555 0.6684518078125 0.44197878749999997 0.6537777953125 0.43709670312500004 0.644001975 0.429834253125 0.640363553125
0 0.4700560703125 0.649770178125 0.463215946875 0.6582255515625001 0.45962311875 0.6760813859375 0.45686705312500003 0.708611234375 0.4581333390625 0.726297384375 0.4607176703125 0.735288546875 0.4718221625 0.7374954578125 0.4844256953125 0.7361904359375 0.494656059375 0.7319411515625001 0.502165659375 0.6962181703125 0.5056902703125 0.6671210703125 0.5061040203125 0.6511060421875 0.502683615625 0.6460361109375 0.49614446250000005 0.6445346703125 0.48088906875 0.6442025046875 0.4700560703125 0.649770178125
0 0.516132484375 0.687513925 0.5137757765625001 0.7221920671875 0.5161719125 0.7350818343750001 0.52244745625 0.738322271875 0.53927730625 0.7373021125 0.5517601734375 0.7325417203125 0.5612586671875001 0.69804663125 0.5667872578125001 0.670609340625 0.5634264953125 0.64867185 0.550641965625 0.644793815625 0.533488175 0.6458252875 0.5193252703125 0.6489145546875 0.516132484375 0.687513925
0 0.6187823531250001 0.636360028125 0.600701990625 0.6387212015625 0.58783485 0.64176521875 0.575608390625 0.6538682734375 0.5714962296875 0.684715684375 0.5688752234375001 0.7025375828125 0.5676778421875001 0.714687940625 0.5752268703125 0.72653286875 0.5853293734375 0.7279098734375 0.5978876578125 0.7253090875 0.60611404375 0.71939999375 0.6102721421874999 0.7084435874999999 0.616750275 0.6896221 0.6201922734374999 0.667447053125 0.6213896531249999 0.65529669375 0.6206433890625 0.6432142078124999 0.6187823531250001 0.636360028125
0 0.65683428125 0.63935570625 0.6329983953125 0.64408010625 0.6255491281250001 0.681530771875 0.6176775375 0.706887640625 0.618672328125 0.7167992062499999 0.6264547984375 0.72604129375 0.636820909375 0.7256793015625 0.6484224546874999 0.7235443734375 0.6572967234375 0.7176126546875 0.662163034375 0.7083613093750001 0.6698995671875 0.6977123890625 0.6728897640625 0.6811749453125 0.6762491500000001 0.6659219515625 0.6797593656250001 0.6549881703125 0.67693370625 0.639086265625 0.65683428125 0.63935570625
0 0.7198821125 0.63369444375 0.70093550625 0.6391130015625001 0.685989659375 0.65693284375 0.67524065 0.692768946875 0.669274653125 0.7076805171875 0.671007825 0.7201609875 0.678217828125 0.7315853046874999 0.6948142328125 0.7331679859375 0.706709553125 0.7301579046875 0.7145667484375 0.72296435625 0.7255426921875 0.712202315625 0.73278936875 0.6968135734375001 0.739606525 0.6784126968749999 0.74449511875 0.6605116140625 0.7441632921875 0.65100934375 0.7398235109375 0.6381874515625 0.7198821125 0.63369444375
0 0.8050196375 0.6661821156250001 0.8043035390625001 0.6549634734375 0.8054032234375 0.649303246875 0.8044989296875 0.6419832078125001 0.7991499609375 0.6374130703125 0.790591746875 0.6338198968750001 0.7731441828125 0.635726521875 0.7577386484375 0.6496703859374999 0.7440892531250001 0.686040221875 0.733708746875 0.704565534375 0.73376188125 0.7153748796875 0.7376570578125 0.7247527140625001 0.7462001875000001 0.727913965625 0.755594478125 0.727585909375 0.7649586 0.7263940109375 0.7738479515625001 0.7208942125 0.7822625328125 0.7110865093750001 0.7876639484375 0.707870753125 0.7935322499999999 0.699449315625 0.7996641609374999 0.689288878125 0.8040858671875 0.6765934765625 0.8050196375 0.6661821156250001
0 0.8630726078125001 0.65680324375 0.8620929 0.6473236 0.856811459375 0.6353994859375 0.840968515625 0.6368176296875 0.82652691875 0.6412139734375 0.8214271640625 0.6530681578124999 0.8122368390625001 0.668524771875 0.8003874578125 0.6914258609374999 0.7964326359375 0.69891558125 0.8013448859375 0.70955524375 0.807726009375 0.71581913125 0.8181072046875 0.7158890609374999 0.8312228718749999 0.710674121875 0.83937384375 0.7026054187499999 0.8469975984375001 0.6980147125 0.8521878515625 0.6887520546875 0.8569636656249999 0.6769091828125 0.862417528125 0.665907528125 0.8630726078125001 0.65680324375
0 1 0.5049178734375 0.9962041015624999 0.4290109984375 0.9794129921874999 0.45900382500000003 0.96506258125 0.48458693750000004 0.95737918125 0.506045203125 0.94152973125 0.5351402484375 0.934629275 0.5418679390625 0.9398202140624999 0.5512005249999999 0.948514175 0.5586809890625 0.9601839375000001 0.567787328125 0.9703769390625 0.5717558625 0.9821968421875 0.5665861734375001 0.9954403718749999 0.555744946875 1 0.54514626875 1 0.5049178734375
0 1 0.5433467671875001 0.9957944796874999 0.5565974765624999 0.986023803125 0.5647227390625 0.97070088125 0.57174455 0.96419189375 0.5711069515625 0.957592409375 0.5678778265625 0.9568619140625 0.5748225062500001 0.952040853125 0.5853696125 0.9628896203125 0.598829103125 0.96704840625 0.606467940625 0.975915478125 0.6096178796875 0.987177996875 0.60706234375 0.9950502765625 0.6003007171875 1 0.5963594578125 1 0.5433467671875001
0 0.9781004515625 0.616460746875 0.9766086093749999 0.6108910187500001 0.9664759406250001 0.608650171875 0.9640273578125 0.6035463015625 0.953043528125 0.6047947609375 0.9446059796874999 0.604656959375 0.9299388265624999 0.621169725 0.9140893718750001 0.6502647703125 0.9010871703125 0.6680167390625 0.8949178968749999 0.68639499375 0.9007114734374999 0.6944091890624999 0.9089759109375001 0.6988775171875 0.9139556890625 0.7021632046875 0.922845040625 0.6966634046875 0.9361941500000001 0.6888456265625 0.9479838890625001 0.6828120953125 0.9564286359375 0.6738682375 0.9628241546874999 0.6619688046875 0.9653323828125 0.6502051171875001 0.970447221875 0.6387828546875001 0.9800821515625 0.6267702984375 0.9781004515625 0.616460746875
0 0.9008976015625001 0.6347248609375 0.8839470890625 0.632289646875 0.8699500953125 0.64013005 0.86458673125 0.6537232328125 0.8591558375 0.674670390625 0.8510881671874999 0.69441228125 0.8448054265625 0.7002535046875 0.8440447640625001 0.706334340625 0.850132115625 0.71347338125 0.8642045234375001 0.707792584375 0.8794972796874999 0.699906934375 0.8915053765625001 0.690838640625 0.9003868421875 0.6758252609375 0.9066918640624999 0.6613342984374999 0.9082131859375 0.649172628125 0.901266790625 0.6360093109375 0.9008976015625001 0.6347248609375
0 1 0.7199325359375 0.9980000421874999 0.7126342 0.9929297640625 0.7067569859375 0.9829026765625001 0.7075395875 0.982917759375 0.7079715078125 0.9662236578125001 0.7128789609374999 0.9480836484375 0.7321076890625 0.92804524375 0.7527000562499999 0.9215290609375 0.76114411875 0.926087203125 0.7709312500000001 0.9330407953125001 0.7750129046875001 0.9443636453125 0.774185053125 0.9536825203125 0.7716973921875 0.9619994046875 0.7683798234375 0.9705949828125 0.763755178125 0.9799591046874999 0.7625632812500001 0.9893002578125 0.7514258796875 0.9957259453124999 0.7403902875 0.9983699187499999 0.7325138921875001 1 0.7222260890625 1 0.7199325359375
0 0.8116849593750001 0.8199008593749999 0.8018015046875 0.8340843359375001 0.7957902578125 0.8477001421875 0.7967398015625 0.8563159453125 0.8052075171874999 0.857317590625 0.819355340625 0.8537964 0.8302335859375001 0.8495244906250001 0.838987190625 0.8401374 0.8442600578125001 0.8239526890625 0.8431445999999999 0.810585753125 0.8333358734375 0.8083335937499999 0.8188490249999999 0.8114341734374999 0.8116849593750001 0.8199008593749999
0 0.9252288453125 0.7835022171875 0.9200005421874999 0.78238745 0.9093708203125 0.784488440625 0.898522740625 0.789624190625 0.88265031875 0.8087737359375 0.8724127578124999 0.8221046796874999 0.871945871875 0.8273103609374999 0.8784325765625001 0.8365976953125 0.8868701265625001 0.8367354984375 0.8952322609375001 0.83471369375 0.9035189796875001 0.8305322828125 0.912205053125 0.8284991671874999 0.920092415625 0.8221694609375 0.9257272765625 0.8163508625 0.928235503125 0.804587175 0.9328231234375 0.796642909375 0.9293574671875 0.7902772109375 0.9252288453125 0.7835022171875
0 0.8339110921874999 0.8805323296875001 0.8388233421875 0.891171990625 0.8453775765625 0.8931053515625 0.8569640375 0.8905385046875001 0.8717748249999999 0.8874266109375 0.881312059375 0.8819041875 0.8879862703124999 0.8686976765625 0.8917450125 0.855592978125 0.8871265375 0.8440781609375 0.8824706984375 0.8407811609375001 0.8636217875 0.8397095890624999 0.84875135625 0.8596890374999999 0.836276375 0.8739630109375 0.8339110921874999 0.8805323296875001
0 0.815289115625 0.9045348171875001 0.8065656765625 0.9147857515625001 0.795604815625 0.9259797140625 0.7897666812499999 0.9352649953125001 0.7936467765625 0.9442109078125 0.8017754671875 0.9447919453125 0.8104766250000001 0.9431907484375 0.8178518515625001 0.9407709593750001 0.8267562875 0.93570308125 0.8307714421875 0.9299410453125001 0.8341537953125 0.9246335546875001 0.8390502765625 0.9162460515624999 0.8377617078125 0.9072096406249999 0.83461999375 0.9008326328124999 0.8275083734375 0.9015134234375 0.815289115625 0.9045348171875001
0 0.781628040625 0.8693846515624999 0.7734547875 0.8861030937500001 0.7644677421875 0.8980930265625 0.762441484375 0.9050829531250001 0.766720934375 0.916177159375 0.7771021296875 0.916247090625 0.7893213890624999 0.91322569375 0.7977510515625 0.9038499156249999 0.8058718578124999 0.89491736875 0.809412240625 0.8848474328125 0.81145358125 0.878289425 0.8089145015625 0.870594028125 0.8067596921875 0.8646150031250001 0.7908262515625 0.8634416187499999 0.781628040625 0.8693846515624999
0 0.7538853343749999 0.9572755046875001 0.764364225 0.9508553015625001 0.7718069828125 0.9410815390625 0.7756260562499999 0.9297045234375 0.77461618125 0.9193610359375001 0.7682652234375 0.9139609921874999 0.7525429453125 0.91883450625 0.73903580625 0.93141473125 0.7332730859375001 0.94285961875 0.7353000328125 0.954464934375 0.7453723703125 0.9549780953125 0.7538853343749999 0.9572755046875001