0 0.3301801484375 0.32728291249999997 0.3415334796875 0.3120572703125 0.3389259109375 0.2771671171875 0.3275715921875 0.23718302812499997 0.3118928984375 0.20975152812500003 0.2754321 0.20189683593750002 0.2654065578125 0.21451246875000002 0.2657848125 0.24871945156250003 0.26384850000000004 0.283423909375 0.28446108593749997 0.32141810937500004 0.3092882953125 0.3404905796875 0.3301801484375 0.32728291249999997
0 0.4304375375 0.31154606406249996 0.4450677109375 0.2903857078125 0.461256934375 0.2555236453125 0.476288875 0.22091032031250002 0.4600986625 0.200562646875 0.43171435 0.1834170234375 0.4095554609375 0.1905042859375 0.389468125 0.232015746875 0.37426568125 0.26899035 0.355311128125 0.30270329375 0.366055934375 0.31957209375 0.38445095937499996 0.333053153125 0.3996906484375 0.3350080875 0.41578286249999996 0.325156640625 0.4304375375 0.31154606406249996
0 0.383028140625 0.4710932484375 0.3995593625 0.48671836874999996 0.40937814375 0.4927442109375 0.4234605484375 0.49494788125 0.44398689375 0.4789129859375 0.44794576093750005 0.46353317031249996 0.4305247671875 0.42078489374999994 0.41338403125 0.3820444828125 0.3878992984375 0.3799668984375 0.3694925171875 0.39031581875 0.3662401703125 0.40380030937500005 0.3735131265625 0.4214153171875 0.372575346875 0.4344023375 0.374232390625 0.45089974843749997 0.383028140625 0.4710932484375
0 0.522109890625 0.477813178125 0.5149584421875 0.442737334375 0.5112180890625 0.41564570156249997 0.48088472031249996 0.40182477656250004 0.460017365625 0.42258222187500005 0.465841025 0.4602680796875 0.463965465625 0.48624211875 0.480911196875 0.5197940234375 0.49883096250000003 0.5240787140625 0.5215258671874999 0.5174574015625 0.5359855359375 0.4986583234375 0.522109890625 0.477813178125
0 0.5809618249999999 0.5226986484375 0.584214171875 0.5092141578125 0.58394566875 0.48137631562500005 0.5828001406250001 0.45779507343750003 0.5795713046875 0.4236196109375 0.5613467828125 0.4077772765625 0.5303313921874999 0.40340145625 0.5199040875 0.42947005781250003 0.5196120750000001 0.4492921703125 0.5199413296875 0.4683995953125 0.532403934375 0.4930353890625 0.5427832296874999 0.5070769625 0.5577916593750001 0.5201235890625 0.5809618249999999 0.5226986484375
0 0.61495029375 0.5647918453125 0.636037153125 0.55677268125 0.6527506359374999 0.5462065468749999 0.651995115625 0.5330023140625 0.6557952328125001 0.496153796875 0.654990715625 0.46785000156249995 0.6549417171874999 0.45275044218750005 0.6432953875 0.43258846406250007 0.6210874984375 0.4245761671875 0.605141290625 0.42451655781250003 0.587355778125 0.43415078906250004 0.5852852125 0.454936325 0.5837751640625 0.483737590625 0.5823503671875 0.51135821875 0.5849089375000001 0.5311488093750001 0.586310221875 0.5511881359374999 0.59141461875 0.5593895609375 0.61495029375 0.5647918453125
0 0.6834985125 0.577954259375 0.7037935984375 0.573011059375 0.720166071875 0.567167478125 0.7355027656249999 0.544111796875 0.7298496125 0.5040646640625 0.7314204156249999 0.46653298125 0.71923806875 0.44590505 0.701038046875 0.4376124953125 0.67092418125 0.43652985468749994 0.6502518312500001 0.46247580624999995 0.6530054046875 0.4874549 0.65629499375 0.5128999453125 0.6560882343750001 0.53154141875 0.66222840625 0.5569549421875 0.6649329828125 0.566834478125 0.6834985125 0.577954259375
0 0.785997959375 0.5942803328124999 0.8049162578125 0.5768475859375 0.81562381875 0.5547868484375 0.817060371875 0.5033362453125 0.8219570171875 0.47496940781249997 0.80666833125 0.45791491406249996 0.7910386359375 0.44558297187499996 0.76741770625 0.441361325 0.7459898375 0.45410304375 0.7364885546875 0.491014603125 0.733565465625 0.5236065187500001 0.7379270859375 0.549983465625 0.744749278125 0.565951884375 0.7530942640625 0.5844987953125 0.7736941046875 0.5911132390625 0.785997959375 0.5942803328124999
0 0.9108757984375 0.6162574281250001 0.9482233984375 0.48560607187500004 0.9373080874999999 0.47109854999999995 0.8956821406250001 0.4637728515625 0.864776503125 0.465766171875 0.846967478125 0.5230603578124999 0.84101154375 0.5818750500000001 0.8401835171875 0.6012312109375 0.8502825546875 0.61126491875 0.8717839203125 0.621172540625 0.8897036859374999 0.62545723125 0.9108757984375 0.6162574281250001
0 1 0.49131696406250003 0.9996436281250001 0.491407834375 0.96678991875 0.5519355890625001 0.9416354296874999 0.6241751625 0.9491641453125 0.63824825625 0.9638070640624999 0.6484676578124999 0.9811055609375 0.653467034375 1 0.6526081109375 1 0.49131696406250003
0 0.2454054640625 0.310053025 0.25826983124999997 0.3212358484375 0.275373325 0.32104672343749996 0.2827432875 0.31365111562500003 0.2694036578125 0.293271921875 0.265553553125 0.259811146875 0.26412776875 0.23222204062500001 0.251945421875 0.2115941109375 0.22663119531249998 0.20715524843750002 0.21259778906250001 0.2200511375 0.2073111328125 0.23804096718749998 0.210710475 0.269855153125 0.21832443906250001 0.2827476078125 0.23564743593749998 0.2952967640625 0.2454054640625 0.310053025
0 0.3535237875 0.4931258984375 0.377765984375 0.4966328578125 0.392871421875 0.48466887031250006 0.377217225 0.46478715 0.3678119625 0.421478359375 0.35950323125 0.3866512515625 0.335882303125 0.3824296046875 0.321057121875 0.3984014578125 0.32511398593749996 0.41322075937499997 0.3276725546875 0.43301135 0.33254569218749996 0.45230446874999997 0.3361762921875 0.4730269625 0.3535237875 0.4931258984375
0 0.356459621875 0.4919137390625 0.34359525468749996 0.480730915625 0.33553052499999997 0.4661918703125 0.332752453125 0.43366299531249997 0.31852403906250004 0.4413703796875 0.32423794687499996 0.4726870953125 0.32696702499999997 0.4901164109375 0.339405128125 0.5072024234375 0.3596639578125 0.518539421875 0.3745381375 0.517667128125 0.3833211421875 0.5064808703125 0.37465964375 0.50020629375 0.356459621875 0.4919137390625
0 0.24125159218749997 0.3202443390625 0.2445039375 0.306759846875 0.23322311718750002 0.28942509375 0.21313479375000002 0.2757268234375 0.21218426875000002 0.257334084375 0.20838316250000002 0.23897286874999998 0.21310930468749997 0.21296730937500002 0.1907309109375 0.2073162875 0.174663196875 0.2247175140625 0.1746514421875 0.2485474921875 0.1839224515625 0.27793735937499997 0.1940704890625 0.3030706265625 0.20820189218750002 0.32037385625 0.22490362031250002 0.33363770000000004 0.24125159218749997 0.3202443390625
0 0.0974172234375 0.22156071875 0.1187363296875 0.2576595953125 0.1481074203125 0.27691775937499996 0.1693892828125 0.2740871 0.183252184375 0.26355248593749997 0.1430990453125 0.1884959859375 0.0974172234375 0.22156071875
0 0.2431046296875 0.3971399875 0.2069721 0.3531829875 0.176394725 0.31907399999999997 0.148583671875 0.3413238640625 0.151763509375 0.3603997671875 0.16411636093749998 0.3786664203125 0.186519253125 0.3918672203125 0.205365040625 0.40699486875 0.21848516718750002 0.41463577812499997 0.2431046296875 0.3971399875
0 0.134817778125 0.32684786093749996 0.16183705937499998 0.3076739609375 0.130077903125 0.2662639296875 0.0927028390625 0.22373630156250002 0.092788090625 0.2225556640625 0.0706537015625 0.23719270468749998 0.07008143125 0.2530069515625 0.08065573125 0.272237028125 0.0915102890625 0.29547497031250003 0.10787100624999998 0.3134613671875 0.134817778125 0.32684786093749996
0 0.1241592140625 0.36400815625 0.135317540625 0.3435940078125 0.11031982343749999 0.326882815625 0.0884049375 0.354258140625 0.1068244625 0.3752889765625 0.1241592140625 0.36400815625
0 0.0584978328125 0.334534025 0.0761373390625 0.3348108484375 0.0977964671875 0.3109774375 0.072128484375 0.279881371875 0.0436354078125 0.311576340625 0.0584978328125 0.334534025
0 0.11830028749999999 0.39781223125 0.134295496875 0.4129714 0.1563691328125 0.4070647765625 0.1764447140625 0.3893832953125 0.155881125 0.36648865 0.11974958437500001 0.37774138437500004 0.11830028749999999 0.39781223125
0 0.1897970859375 0.44114224375 0.17784698906250002 0.4646323546875 0.1848396859375 0.478239496875 0.19778930781249998 0.48824168281249997 0.2225430203125 0.48466481562499997 0.2390614984375 0.46891017812499997 0.22276153437500001 0.44219336406250004 0.1897970859375 0.44114224375
0 0.28659536874999997 0.457531359375 0.2645824875 0.45470756718749994 0.2649479953125 0.45753479218750004 0.24896553125 0.47375538125 0.2601856 0.49982055000000003 0.2832342578125 0.51985644375 0.3121300890625 0.5299182390625 0.32648000625 0.5047500171875 0.28659536874999997 0.457531359375
0 0.36720541562500003 0.5639922734375 0.3905950859375 0.5793056125 0.4103179015625 0.590176659375 0.406041534375 0.562619075 0.412655978125 0.5420192328125 0.39449221093750003 0.5174464796875 0.3642323375 0.5262748953124999 0.36720541562500003 0.5639922734375
0 0.40237566718749995 0.6133865125 0.3951272125 0.603321284375 0.37606191875 0.5754553546875 0.3562538515625 0.5657649453125 0.343353228125 0.5708623187499999 0.34151392343750003 0.580556159375 0.34272020625 0.5954069828125 0.354878053125 0.6084851328124999 0.367096653125 0.6128328640625 0.38707522656250004 0.6201619968750001 0.40237566718749995 0.6133865125
0 0.4286531625 0.6675978703125 0.4188706375 0.6452918296875 0.4058965171875 0.6277398640625 0.39074208125 0.6246042921875 0.3845294015625 0.6317511625 0.3836768734375 0.64355754375 0.388891021875 0.6581281109375 0.3990753125 0.6669811796875 0.41352322656249996 0.6720120765625001 0.4286531625 0.6675978703125
0 0.5177277265625 0.6647253890625 0.4690238296875 0.6449731859375001 0.45713448437500004 0.659732878125 0.461983121875 0.67147621875 0.47351970000000004 0.6852690546875 0.49958944687500006 0.70291215 0.5216630828125 0.6970055265624999 0.527059490625 0.6853848390625 0.5177277265625 0.6647253890625
0 0.6052559859375 0.706934371875 0.5476103343750001 0.6768997234375 0.5339424375 0.692622840625 0.5418121625000001 0.70197338125 0.54908511875 0.7195883890625 0.5634722796875 0.7333497062500001 0.5904798046875 0.7380057828125001 0.6093373484375 0.729303453125 0.6052559859375 0.706934371875
0 0.7147981171875 0.80717688125 0.734763946875 0.78312625625 0.732461134375 0.7597937499999999 0.6436050875 0.72019478125 0.632958278125 0.7335251 0.6370396406250001 0.7558941828125 0.6440078406249999 0.7619515453125 0.6605390625 0.777576665625 0.6624518640625 0.7905321625 0.692955740625 0.8019918109375 0.7147981171875 0.80717688125
0 0.44155180781250003 0.5520810296875001 0.42103721875 0.5442859453125 0.40867261250000003 0.5498492703125 0.40640704375 0.5654463015625 0.4107441640625 0.58427346875 0.4237790375 0.5930950171875 0.4411627875 0.5969137546875001 0.4421005671875 0.5839267359375 0.44155180781250003 0.5520810296875001
0 0.4802301640625 0.5844488625 0.47820760937499995 0.5651242234375 0.4517116 0.5533843171874999 0.43982225625 0.5681440109375 0.4414793 0.584641421875 0.4464376875 0.602753903125 0.46133636562499997 0.609431390625 0.470533878125 0.6161719203125 0.48870940156250003 0.6169146953125 0.4802301640625 0.5844488625
0 0.5386920890625 0.6189573265625 0.5378875703125 0.5906535328125 0.5230496484375 0.575245628125 0.5133161203125 0.568039146875 0.49023120625 0.5642834515625 0.48593132812500006 0.584385821875 0.4846525375 0.6020953921875 0.49130422500000004 0.6204250874999999 0.5063979078124999 0.632291078125 0.5229046312500001 0.6403664171875 0.5453682765625001 0.6448368015625 0.5386920890625 0.6189573265625
0 0.5897232984375 0.6695918140625 0.6082398296875 0.6656120375000001 0.60365870625 0.62649680625 0.5943269421874999 0.6058373546875 0.5804512984375 0.5849922125 0.5513849625 0.5772916921875 0.5378875703125 0.5906535328125 0.5350859875 0.6057846140625001 0.537729809375 0.6243945656250001 0.5378640609375 0.6383134874999999 0.5484138625 0.6499937828125 0.5653713484375 0.6597157140625 0.5897232984375 0.6695918140625
0 0.66559248125 0.6602590609375001 0.6583557796874999 0.62636385625 0.6447603921875 0.6095265765625 0.615523553125 0.6041873343749999 0.606314284375 0.62127678125 0.6030864375 0.642311053125 0.6108101546875 0.66157265 0.6226024921875 0.671823571875 0.644554621875 0.683377784375 0.66290065 0.6817592828125 0.66559248125 0.6602590609375001
0 0.7261132140625 0.6978119671874999 0.7250284406249999 0.66550030625 0.722530625 0.6369792984375 0.7137838750000001 0.631885359375 0.6959493625000001 0.62642003125 0.674643 0.6217009109375 0.6673827890624999 0.6354656609375 0.6675415390625 0.6569343609375 0.6665430046874999 0.6786517984375 0.6777140734375 0.6896174078125 0.6896769171875 0.6975070546875 0.7072556703124999 0.706514296875 0.7261132140625 0.6978119671874999
0 0.7464455421875 0.7317983031249999 0.76473081875 0.73891021875 0.7788132234375 0.7411138890625 0.7903615562499999 0.7310767484375 0.7964154875 0.7024611765625 0.7949897015625 0.6748720703125 0.78941004375 0.657474278125 0.769431471875 0.6501451453125 0.7425091984375001 0.64430843125 0.733190178125 0.6550287375 0.729682071875 0.6720551421875001 0.7309736078125 0.685725328125 0.7265884765624999 0.707008334375 0.729463559375 0.7145265937499999 0.7355547312499999 0.724840559375 0.7464455421875 0.7317983031249999
0 0.8041519484374999 0.7531025312499999 0.8205734203124999 0.762358509375 0.8401864828125 0.7668604125 0.8562179453125 0.7657393859375 0.8675105203125 0.7592441578125 0.87508724375 0.7332070765625 0.8753792578124999 0.713384965625 0.8794233765625 0.6968245109375 0.873051946875 0.6825026796875 0.8491507609375001 0.6742731671875 0.823556275 0.665826440625 0.8192073984375 0.6708292515625 0.8083900843749999 0.6865208453125 0.80575900625 0.69929065 0.8046507203125 0.7146389453124999 0.8008623609375001 0.7276574859375 0.8009966109375 0.7415764078125 0.8041519484374999 0.7531025312499999
0 0.916494675 0.7830042265625 0.9717875296875 0.719397075 0.9749791234374999 0.7146430015624999 0.95088293125 0.7012249859375 0.924216415625 0.69184635625 0.9058341328124999 0.7097450546874999 0.9011687453125001 0.7270201968750001 0.89731963125 0.7487691546875 0.8903396750000001 0.76654176875 0.8995616890625 0.780832078125 0.9107935109374999 0.78306726875 0.916494675 0.7830042265625
0 0.5004722968750001 0.343567165625 0.539210415625 0.3119948484375 0.6089501953124999 0.1982088609375 0.593381253125 0.1771465015625 0.5247115250000001 0.18144492343750002 0.45984488125 0.3145240296875 0.5004722968750001 0.343567165625
0 0.74628965 0.1896120171875 0.7231312390625 0.1632069796875 0.6535599859375 0.1642122234375 0.5557171390625 0.3200701890625 0.6022407203125 0.35423878593749997 0.74628965 0.1896120171875
0 0.7757977390625 0.1926467671875 0.683883578125 0.3122825953125 0.7414684765625 0.351047659375 0.894324909375 0.1827844109375 0.88323909375 0.17063816406250001 0.777000284375 0.1824301890625 0.7757977390625 0.1926467671875
0 0.916216284375 0.20306904218750002 0.8527734499999999 0.2533177875 0.8342696609375 0.28867732031250004 0.8363167140625001 0.315551740625 0.8594751234375 0.3419567765625 0.8767736218750001 0.346956153125 0.912234896875 0.321318546875 0.9931222359375 0.266158121875 0.916216284375 0.20306904218750002
0 0.4558929375 0.7163719875 0.446561171875 0.6957125359375 0.423488015625 0.6681268625000001 0.40996612499999996 0.6739389250000001 0.40527623593750006 0.6836642859375 0.40718904062499994 0.6966197843749999 0.4149735109375 0.7071509640625 0.42603482968749995 0.71174743125 0.43949596562500004 0.7146657890625 0.4558929375 0.7163719875
0 0.0783303984375 0.3517742109375 0.061762920312500004 0.352429290625 0.0696816453125 0.376879390625 0.0703519109375 0.39126426406250003 0.08877143750000001 0.41229510156250004 0.110248303125 0.41465294531249997 0.12462272031249999 0.397034503125 0.0783303984375 0.3517742109375
0 0 0.314001734375 0.013059024999999998 0.3326770859375 0.036424195312500005 0.340440646875 0.0515786296875 0.3435762203125 0.0639187375 0.3304631171875 0.023352078125000002 0.2926895640625 0 0.313157853125 0 0.314001734375
0 0.10292733750000001 0.43714811249999996 0.116547225 0.4615351703125 0.143213740625 0.47091379843750003 0.1672854328125 0.4767820359375 0.1801615546875 0.46413488125 0.13268744999999998 0.411573546875 0.10292733750000001 0.43714811249999996
0 0.21226172187499998 0.5008223609375 0.1837676546875 0.4773075953125 0.173912621875 0.4875619515625 0.17957752968750001 0.50377910625 0.17934627187500002 0.5148708015625 0.1955972359375 0.5264880546875 0.20781583750000002 0.5308357859374999 0.22337203749999998 0.5205183875 0.21226172187499998 0.5008223609375
0 0.21715935625 0.527665259375 0.2005066265625 0.529500975 0.199568846875 0.54248799375 0.20317495000000002 0.5556607078125 0.21942591406249998 0.5672779609374999 0.240598025 0.558078159375 0.21715935625 0.527665259375
0 0.23677143125 0.47695742812499997 0.201541415625 0.491503340625 0.2118354578125 0.50672555 0.22238525937500003 0.518405846875 0.24118205 0.518433934375 0.2617328921875 0.509948821875 0.2497210515625 0.486959615625 0.23677143125 0.47695742812499997
0 0.266752034375 0.5193308828125 0.2628901765625 0.5097000859375 0.22774541250000002 0.5230653578125 0.23499386875 0.5331305859375 0.2474927265625 0.5414861828124999 0.2669107859375 0.540799584375 0.2810539421875 0.5342728375 0.266752034375 0.5193308828125
0 0.8327195109375 0.7992666359375 0.7999010703125 0.788304459375 0.77604888125 0.7951745078125 0.7641232828125 0.8262143984374999 0.7842361062500001 0.8474624515625001 0.8088683124999999 0.8613464171875 0.828396125 0.867028959375 0.851261534375 0.858046371875 0.8705208421874999 0.8358910734375 0.8327195109375 0.7992666359375
0 0.27850811875 0.5458620046875 0.26414545624999997 0.5396504671875 0.235810140625 0.537604403125 0.23896548125 0.5491305265624999 0.24265683437500002 0.5611226015625 0.2614781234375 0.56870046875 0.27262469375 0.5721162984375 0.28513530781249996 0.55664191875 0.27850811875 0.5458620046875
0 0.26068635156250003 0.5717764328125 0.2657907453125 0.5799778578125 0.28212696249999997 0.5904144734375001 0.3020565375 0.5826440453124999 0.30657592031249997 0.575279959375 0.289167671875 0.563911440625 0.26068635156250003 0.5717764328125
0 0.3517491921875 0.7149282578125 0.3573896015625 0.7235956328125 0.37336030937500003 0.7312050218749999 0.39410615781249997 0.7279084109375 0.3882707421875 0.71405253125 0.3790732296875 0.707312003125 0.3517491921875 0.7149282578125
0 0.4814893984375 0.8352381828125001 0.49060165937500005 0.8431593515625 0.5113102640625 0.800933203125 0.4939872671875 0.7883840453125 0.483035703125 0.7901567203125001 0.4732296671875 0.815510634375 0.4814893984375 0.8352381828125001
0 0.4508365515625 0.6680603875 0.43911771093749996 0.6804588046875 0.44870523437500004 0.697576340625 0.455953690625 0.7076415703125 0.47537175 0.7069549703125 0.48319247499999995 0.7012059515625 0.469511834375 0.6855493125 0.45930304375000003 0.6691464625 0.4508365515625 0.6680603875