0 0.20703125 0.734375 0.2265625 0.7431640625 0.3138020828125 0.6796875 0.2825520828125 0.66015625 0.20703125 0.7109375 0.20703125 0.734375
0 0.3177083328125 0.759765625 0.31640625 0.7373046875 0.2825520828125 0.7314453125 0.1979166671875 0.80859375 0.21223958281250002 0.8271484375 0.2526041671875 0.8271484375 0.3177083328125 0.759765625
0 0.48046875 0.87890625 0.34375 0.8984375 0.3463541671875 0.951171875 0.4830729171875 0.92578125 0.48046875 0.87890625
0 0.6145833328125 0.8583984375 0.5065104171875 0.876953125 0.5104166671875 0.9169921875 0.6197916671875 0.9013671875 0.6145833328125 0.8583984375
0 0.76171875 0.8349609375 0.6731770828125 0.853515625 0.68359375 0.8955078125 0.78125 0.8740234375 0.76171875 0.8349609375
0 0.78125 0.845703125 0.8736979171874999 0.8759765625 0.8828125 0.84375 0.7838541671875 0.8076171875 0.78125 0.845703125
0 0.61328125 0.779296875 0.6848958328125 0.76953125 0.6640625 0.740234375 0.59765625 0.748046875 0.61328125 0.779296875
0 0.4153645828125 0.7646484375 0.5299479171875 0.7509765625 0.5182291671875 0.7060546875 0.4075520828125 0.7236328125 0.4153645828125 0.7646484375
0 0.5182291671875 0.6650390625 0.4049479171875 0.6708984375 0.4114583328125 0.708984375 0.5286458328125 0.7021484375 0.5182291671875 0.6650390625
0 0.5130208328125 0.6142578125 0.3958333328125 0.6171875 0.3984375 0.65234375 0.515625 0.6484375 0.5130208328125 0.6142578125
0 0.5078125 0.6064453125 0.51171875 0.578125 0.4075520828125 0.5703125 0.4036458328125 0.603515625 0.5078125 0.6064453125
0 0.4973958328125 0.5322265625 0.421875 0.5322265625 0.40234375 0.5380859375 0.39453125 0.5576171875 0.43319738750000003 0.5602510109375001 0.4830729171875 0.56640625 0.5104166671875 0.5537109375 0.4973958328125 0.5322265625
0 0.22716448281249998 0.6826821015625 0.32225659218749997 0.621664665625 0.296898696875 0.5998727234375 0.199165140625 0.6569279890625 0.22716448281249998 0.6826821015625
0 0.23456053593749998 0.6240419687500001 0.3275394875 0.5586661421875 0.29267238125 0.5376666359375 0.2028631671875 0.5951181171875 0.23456053593749998 0.6240419687500001
0 0.23191908906249997 0.5539115359375 0.2546355375 0.5507418000000001 0.31908685625 0.5107238703125 0.3153888296875 0.4948751859375 0.2916158015625 0.482988671875 0.2445980359375 0.5099314359375 0.21712698281249998 0.5249876875 0.2139572453125 0.5384590703125001 0.23191908906249997 0.5539115359375
0 0.270484221875 0.42078258437500005 0.2461829046875 0.4294993609375 0.2261079046875 0.44732913124999996 0.21448553593750003 0.4615929484375 0.220825009375 0.4722908109375 0.2409000109375 0.4825924546875 0.26467303750000004 0.47347946093750004 0.31750198749999997 0.4362350515625 0.313275671875 0.42593340625 0.29320067031249997 0.41523554375 0.270484221875 0.42078258437500005
0 0.2213532984375 0.3494635015625 0.215013825 0.356595409375 0.23139079843750002 0.379576003125 0.321728303125 0.369670575 0.32225659218749997 0.355406759375 0.30852106562500003 0.340746725 0.2213532984375 0.3494635015625
0 0.277880275 0.30270988125 0.2519940890625 0.301917446875 0.22663619375000002 0.3046909671875 0.215013825 0.3110304421875 0.2181835625 0.3256904734375 0.2255796140625 0.3344072515625 0.24248487968750002 0.33559590156249997 0.2810500125 0.332426165625 0.313275671875 0.328067778125 0.31750198749999997 0.3149926125 0.30429475 0.30152123125 0.277880275 0.30270988125
0 0.26308816875 0.259522215625 0.2229381671875 0.2690314265625 0.2123723765625 0.2757671171875 0.2181835625 0.2896347171875 0.23139079843750002 0.2963704078125 0.24512632656250002 0.29755905781249997 0.2768236953125 0.292804453125 0.3212000140625 0.2817103734375 0.31591711875 0.25991843124999997 0.2979552765625 0.2539751765625 0.26308816875 0.259522215625
0 0.3983302796875 0.49447896875 0.3867079109375 0.5031957453125 0.3904059375 0.5146860421875 0.3983302796875 0.5245914703125 0.4786302828125 0.5285536421875 0.49183752031249994 0.513497390625 0.48232831093749995 0.500422225 0.4427065984375 0.493686534375 0.3983302796875 0.49447896875
0 0.4390625 0.47109375 0.10625 0.04140625
0 0.37540843281249997 0.41354924375 0.47597446718749997 0.4199774703125 0.47083188593749997 0.38526504687499996 0.37083725 0.381836659375 0.37540843281249997 0.41354924375
0 0.47883145625 0.37626552968750004 0.473688875 0.3466956875 0.3799796171875 0.340696009375 0.38283660625000004 0.3711229484375 0.47883145625 0.37626552968750004
0 0.432548225 0.31669729687500003 0.42740564374999995 0.3385532671875 0.5131153312500001 0.3539810109375 0.51654371875 0.3274110078125 0.432548225 0.31669729687500003
0 0.5222576984375 0.349266978125 0.5336856562500001 0.35698085 0.6062531921875001 0.3672660125 0.6062531921875001 0.3398389125 0.5251146875 0.3282681046875 0.5222576984375 0.349266978125
0 0.5548273796875 0.3985500484375 0.6296805078125 0.40454972656250004 0.6165383546875 0.37540843281249997 0.5513989921875 0.3702658515625 0.5548273796875 0.3985500484375
0 0.5548273796875 0.4221202125 0.5633983484375 0.431976828125 0.6353944859375 0.4336910203125 0.6273949156249999 0.40712101875 0.5565415734375 0.40197843593749993 0.5548273796875 0.4221202125
0 0.6422512609375 0.4791171546875 0.6468224453125 0.46368941250000006 0.6388228734375 0.44440473281250004 0.5593985640625 0.4435476359375 0.5593985640625 0.4611181203125 0.5656839406249999 0.4735460265625 0.6422512609375 0.4791171546875
0 0.6096815796875 0.5202578046874999 0.6519650265625 0.5194007078125 0.659964596875 0.5078299015625001 0.6559648109375 0.4898308671875 0.5656839406249999 0.486831028125 0.5668267359375 0.48854522187500005 0.563969746875 0.5112582890625 0.6096815796875 0.5202578046874999
0 0.6062531921875001 0.5284002265625001 0.5713979203124999 0.531400065625 0.579397490625 0.556684421875 0.6576790046875 0.56096990625 0.6525364234375 0.5322571625 0.6062531921875001 0.5284002265625001
0 0.6273949156249999 0.5986821703125 0.6525364234375 0.5978250734375 0.6628215859375 0.5918253953125 0.6645357796875 0.579397490625 0.6519650265625 0.5695408765625001 0.5811116843749999 0.56825523125 0.5765405015625 0.5883970078125 0.5879684593750001 0.5995392671875 0.6273949156249999 0.5986821703125
0 0.5942538359375 0.6415370140625 0.5936824390625 0.6423941109375 0.6833919109375 0.6372515296875 0.6713925546875 0.605110396875 0.584540071875 0.6098244296875001 0.5942538359375 0.6415370140625
0 0.6782493296875 0.6501079828125 0.589682653125 0.653107821875 0.5908254484375 0.6865346 0.6793921265625 0.685677503125 0.6782493296875 0.6501079828125
0 0.6828205140625 0.6938199234375 0.5936824390625 0.7032479890625 0.599967815625 0.7332463812500001 0.6919628796875 0.7263896046875 0.6828205140625 0.6938199234375
0 0.8050996687499999 0.7568165453125 0.7942431078125 0.7713871906249999 0.7936717109375 0.7859578375 0.87709580625 0.8395263937499999 0.9028087125 0.8155276796875001 0.8262413921875 0.7611020296875 0.8050996687499999 0.7568165453125
0 0.775958375 0.6835347609375 0.7559594484375001 0.701105246875 0.7639590187499999 0.7161044421875 0.8279555859375 0.7589592875 0.8496687062499999 0.739246059375 0.8450975234375001 0.7251039593749999 0.775958375 0.6835347609375
0 0.7565308453124999 0.63682298125 0.7479598765625 0.6526792734375 0.8222416062500001 0.7023908921875 0.8416691359374999 0.677106534375 0.77767256875 0.6252521734375 0.7565308453124999 0.63682298125
0 0.762244825 0.531400065625 0.743960090625 0.5335428078125 0.7256753578125 0.5442565171875 0.726818153125 0.54382796875 0.7519596609375 0.605110396875 0.7873863328125 0.5995392671875 0.789671925 0.5811116843749999 0.762244825 0.531400065625
0 0.702819440625 0.4585468296875 0.723389765625 0.512543934375 0.7536738546875 0.510829740625 0.7365319171875 0.4564040875 0.702819440625 0.4585468296875
0 0.7348177234375 0.43111973125 0.7273895515625 0.40069279062499996 0.7108190109375 0.3878363375 0.6845347078125 0.390407628125 0.692534278125 0.4328339234375 0.7045336343749999 0.445690378125 0.7273895515625 0.44740457187500005 0.7348177234375 0.43111973125
0 0.789671925 0.36212343125 0.7331035296875 0.3591235921875 0.735389121875 0.37626552968750004 0.7691016 0.3874077890625 0.7965287 0.3822652078125 0.789671925 0.36212343125
0 0.623966528125 0.2785564859375 0.617109753125 0.2888416484375 0.6182525484375 0.299555359375 0.617109753125 0.3059835859375 0.6896772890625 0.32398262031249997 0.685677503125 0.2922700359375 0.6508222296875 0.2794135828125 0.623966528125 0.2785564859375
0 0.1765619578125 0.2061318 0.1839901296875 0.2421298671875 0.2691284203125 0.2477009984375 0.2611288484375 0.2091316375 0.19484669062499999 0.203560509375 0.1765619578125 0.2061318
0 0.11199399218749999 0.0719961375 0.10056603281250001 0.0758530734375 0.10799420781249999 0.086995334375 0.10742280781249999 0.100708884375 0.10570861406250001 0.11185114375 0.1942752921875 0.136706953125 0.2022748640625 0.10499436718749999 0.1525632453125 0.08056710624999999 0.11199399218749999 0.0719961375
0 0.270271215625 0.131564371875 0.2542720734375 0.125993240625 0.22741637187500002 0.1285645328125 0.21941680156249999 0.1371355015625 0.218845403125 0.1409924359375 0.3068406828125 0.188132765625 0.32455401875 0.169276634375 0.3068406828125 0.1495634046875 0.270271215625 0.131564371875
0 0.323411221875 0.182561634375 0.319982834375 0.2014177671875 0.40454972656250004 0.2412727703125 0.4222630625 0.2164169625 0.3531239140625 0.1748477640625 0.323411221875 0.182561634375
0 0.47197468125 0.25584341875 0.5542559828125 0.281556325 0.5599699609375001 0.25155793437499996 0.4828312421875 0.226702125 0.47197468125 0.25584341875
0 0.7016766453125001 0.321839878125 0.7662446109375 0.33512487968750004 0.7616734265625 0.3076977796875 0.7022480421874999 0.299555359375 0.7016766453125001 0.321839878125
0 0.1308501234375 0.00171419375 0.12456474687500001 0.0475688765625 0.1679909890625 0.055711296875 0.1714193765625 0 0.1308501234375 0.00171419375
0 0.2337017484375 0.033855326562499996 0.196560884375 0.018427582812500003 0.1662767953125 0.055711296875 0.1988464765625 0.0732817828125 0.2337017484375 0.033855326562499996
0 0.211988628125 0.0767101703125 0.21084583281249997 0.0822813 0.2457011046875 0.0955663015625 0.2759851953125 0.055711296875 0.24798669687500002 0.0424262953125 0.211988628125 0.0767101703125
0 0.2971269171875 0.06599645937500001 0.2731282046875 0.10456581875 0.306269284375 0.119136465625 0.3308393953125 0.0801385578125 0.2971269171875 0.06599645937500001
0 0.3468385375 0.09085226874999999 0.3159830484375 0.1298501765625 0.34855273124999997 0.146992115625 0.377694025 0.10499436718749999 0.3468385375 0.09085226874999999
0 0.3851221984375 0.1097084 0.3685516578125 0.160277115625 0.39883574843749997 0.17356211875 0.4222630625 0.124279046875 0.3851221984375 0.1097084
0 0.4714032828125 0.1431351796875 0.4605467234375 0.1915611515625 0.4971161890625 0.2048461546875 0.5062585562499999 0.158134375 0.4714032828125 0.1431351796875
0 0.5091155453125 0.1628484078125 0.5205435046875 0.2117029296875 0.548542003125 0.21127437968749999 0.543399421875 0.16627679374999998 0.5091155453125 0.1628484078125
0 0.5462564109375 0.17141937499999998 0.5513989921875 0.21470276875 0.5868256640625 0.2207024453125 0.5748263078125 0.17356211875 0.5593985640625 0.1667053421875 0.5462564109375 0.17141937499999998
0 0.5953966328125 0.2159884140625 0.6245379265625 0.21898825156249999 0.6108243765625 0.1697051828125 0.5811116843749999 0.169276634375 0.5953966328125 0.2159884140625
0 0.6319660984375 0.224130834375 0.6611073921874999 0.2245593828125 0.641108465625 0.1769905046875 0.6159669578125 0.179561796875 0.6319660984375 0.224130834375
0 0.6639643828125 0.230559059375 0.687391696875 0.2275592203125 0.677106534375 0.177419053125 0.646251046875 0.18170453749999999 0.6639643828125 0.230559059375
0 0.6971054609375 0.23141615624999998 0.7319607343750001 0.2348445453125 0.7159615921875 0.184704378125 0.6885344921875001 0.188132765625 0.6971054609375 0.23141615624999998
0 0.747388478125 0.19198969999999999 0.7645304171875 0.24255841718750001 0.7908147203125 0.239130028125 0.7793867624999999 0.185990021875 0.747388478125 0.19198969999999999
0 0.268557021875 0 0.33826756874999997 0.046711779687499996 0.3508383234375 0.032569681249999996 0.30341229531249997 0 0.268557021875 0
0 0.3531239140625 0.054425651562499996 0.4222630625 0.0878524296875 0.43654801093750006 0.064282265625 0.3685516578125 0.0347124234375 0.3531239140625 0.054425651562499996
0 0.45483274375000005 0.06342516875000001 0.43769080625 0.081852753125 0.4319768265625 0.0904237203125 0.5074013515625 0.1225648546875 0.5125439328125 0.0994232390625 0.49768758750000003 0.08313839687499999 0.45483274375000005 0.06342516875000001
0 0.5393996359375001 0.1097084 0.5188293109375001 0.11313678906249999 0.5239718921875001 0.1277074359375 0.577683296875 0.141420984375 0.589682653125 0.1277074359375 0.5731121140625001 0.11485098125 0.5393996359375001 0.1097084
0 0.6142527640625 0.112708240625 0.598253621875 0.11142259531250001 0.5885398578125 0.12213630625 0.5988250203125001 0.1337071140625 0.6336802921875 0.149991953125 0.6473938421875001 0.1358498546875 0.6433940578125 0.1268503390625 0.6142527640625 0.112708240625
0 0.8645250515624999 0.37497988437499996 0.8096708515625 0.366408915625 0.8136706374999999 0.3899790796875 0.8690962359375 0.3976929515625 0.8645250515624999 0.37497988437499996
0 0.7702443953125 0.31455455468750004 0.7748155796875 0.33726762187500003 0.8388121453125 0.350124075 0.8330981671875 0.32141132968749997 0.79481450625 0.309840521875 0.7702443953125 0.31455455468750004
0 0.8690962359375 0.32955375 0.8542398890625 0.332125040625 0.8525256953125 0.34155310625 0.8588110734375001 0.35483810781249997 0.9108082828124999 0.36255197968749997 0.9090940890624999 0.34155310625 0.8948091421875001 0.33383923437499996 0.8690962359375 0.32955375