0 0.3203125 0.6748046875 0.3359375 0.6416015625 0.3359375 0.609375 0.3450520828125 0.578125 0.328125 0.5673828125 0.29296875 0.560546875 0.2747395828125 0.57421875 0.2513020828125 0.611328125 0.23567708281250002 0.6552734375 0.25 0.673828125 0.28515625 0.677734375 0.3203125 0.6748046875
0 0.4192708328125 0.751953125 0.4322916671875 0.7294921875 0.4375 0.7001953125 0.4453125 0.6669921875 0.4427083328125 0.6435546875 0.4244791671875 0.625 0.3997395828125 0.623046875 0.3763020828125 0.623046875 0.359375 0.64453125 0.3411458328125 0.6923828125 0.3255208328125 0.736328125 0.3515625 0.7578125 0.3828125 0.759765625 0.4192708328125 0.751953125
0 0.5338541671875 0.8408203125 0.5390625 0.8203125 0.5390625 0.7802734375 0.5377604171875 0.7294921875 0.5403645828125 0.6884765625 0.5260416671875 0.67578125 0.49609375 0.6728515625 0.4635416671875 0.6806640625 0.4427083328125 0.8115234375 0.4609375 0.8330078125 0.5013020828125 0.841796875 0.5338541671875 0.8408203125
0 0.6510416671875 0.943359375 0.6588541671875 0.9248046875 0.6640625 0.8828125 0.66796875 0.84375 0.6666666671875 0.8017578125 0.6588541671875 0.7646484375 0.6432291671875 0.751953125 0.6002604171875 0.7470703125 0.5768229171875 0.751953125 0.5651041671875 0.7841796875 0.5611979171875 0.828125 0.5559895828125 0.8740234375 0.5520833328125 0.91796875 0.5846354171875 0.939453125 0.6197916671875 0.943359375 0.6510416671875 0.943359375
0 0.8294270828125001 0.9619140625 0.8046875 0.892578125 0.78515625 0.8349609375 0.7591145828125 0.8291015625 0.7213541671875 0.830078125 0.6979166671875 0.8447265625 0.6875 0.8759765625 0.6979166671875 0.9267578125 0.7122395828125 0.9912109375 0.7161458328125 0.9951171875 0.8411458328125001 1 0.8294270828125001 0.9619140625
0 0.2630208328125 0.5263671875 0.24479166718749998 0.517578125 0.22135416718749998 0.515625 0.1966145828125 0.51953125 0.16015625 0.5361328125 0.1380208328125 0.55078125 0.1158854171875 0.576171875 0.1223958328125 0.5859375 0.1549479171875 0.59765625 0.1901041671875 0.5830078125 0.23307291718749998 0.5634765625 0.26171875 0.5478515625 0.2630208328125 0.5263671875
0 0.9557291671874999 0.671875 0.9205729171874999 0.705078125 0.88671875 0.7294921875 0.8776041671874999 0.7490234375 0.90625 0.771484375 0.9544270828125001 0.7861328125 0.9765625 0.775390625 0.9973958328125001 0.755859375 1 0.66015625 0.98046875 0.6591796875 0.9557291671874999 0.671875
0 0.91015625 0.6337890625 0.87890625 0.6220703125 0.8541666671874999 0.6201171875 0.8333333328125001 0.6328125 0.7981770828125 0.6494140625 0.7734375 0.671875 0.7552083328125 0.6923828125 0.7643229171875 0.7119140625 0.7981770828125 0.72265625 0.8216145828125001 0.720703125 0.8502604171874999 0.7080078125 0.8932291671874999 0.6806640625 0.9270833328125001 0.6484375 0.91015625 0.6337890625
0 0.8346354171874999 0.6201171875 0.8229166671874999 0.5986328125 0.79296875 0.5859375 0.7721354171875 0.5859375 0.7486979171875 0.595703125 0.71484375 0.6123046875 0.6848958328125 0.6298828125 0.67578125 0.646484375 0.6783854171875 0.6611328125 0.7174479171875 0.681640625 0.7473958328125 0.677734375 0.7825520828125 0.658203125 0.8190104171874999 0.6318359375 0.8346354171874999 0.6201171875
0 0.2109375 0.5048828125 0.1861979171875 0.501953125 0.16796875 0.5009765625 0.1263020828125 0.5068359375 0.1041666671875 0.513671875 0.07942708281250001 0.52734375 0.07291666718749999 0.5478515625 0.08984375 0.5576171875 0.1223958328125 0.5537109375 0.1653645828125 0.5322265625 0.20833333281250002 0.5185546875 0.2109375 0.5048828125
0 0.7252604171875 0.5576171875 0.6953125 0.5517578125 0.671875 0.556640625 0.6341145828125 0.5791015625 0.6041666671875 0.59765625 0.5924479171875 0.6181640625 0.6028645828125 0.6328125 0.63671875 0.646484375 0.6744791671875 0.634765625 0.7200520828125 0.60546875 0.74609375 0.5849609375 0.7252604171875 0.5576171875
0 0.65625 0.5546875 0.6315104171875 0.54296875 0.6119791671875 0.5458984375 0.58203125 0.5498046875 0.55078125 0.5615234375 0.5286458328125 0.572265625 0.515625 0.583984375 0.5247395828125 0.6044921875 0.5455729171875 0.6220703125 0.5872395828125 0.6123046875 0.625 0.5947265625 0.6549479171875 0.5712890625 0.65625 0.5546875
0 0.5520833328125 0.55859375 0.5963541671875 0.546875 0.6002604171875 0.5302734375 0.5859375 0.51171875 0.5690104171875 0.50390625 0.5403645828125 0.505859375 0.5182291671875 0.51953125 0.4908854171875 0.5361328125 0.4596354171875 0.552734375 0.4505208328125 0.5673828125 0.4739583328125 0.5751953125 0.5026041671875 0.5859375 0.5130208328125 0.578125 0.5520833328125 0.55859375
0 0.4869791671875 0.4853515625 0.4596354171875 0.474609375 0.4244791671875 0.482421875 0.39453125 0.4931640625 0.375 0.5087890625 0.3463541671875 0.517578125 0.3580729171875 0.5341796875 0.37109375 0.541015625 0.3776041671875 0.546875 0.4127604171875 0.5380859375 0.4622395828125 0.5185546875 0.4973958328125 0.5029296875 0.4869791671875 0.4853515625
0 0.40288229218750005 0.451171875 0.3677260421875 0.4560546875 0.3481947921875 0.4677734375 0.34143571875 0.4735804984375 0.3223174734375 0.4794371421875 0.3130385421875 0.4853515625 0.3128929859375 0.495391453125 0.31450861093750004 0.49882466093750005 0.3180091359375 0.5020559140625 0.34298645781250003 0.509765625 0.4015802078125 0.4912109375 0.4445489578125 0.474609375 0.43413229218750005 0.4541015625 0.40288229218750005 0.451171875
0 0.9388020828125001 0.546875 0.9283854171874999 0.5712890625 0.9596354171874999 0.5859375 0.9921875 0.5908203125 1 0.5166015625 0.98046875 0.5234375 0.9388020828125001 0.546875
0 0.953125 0.5234375 0.9557291671874999 0.513671875 0.93359375 0.50390625 0.9075520828125001 0.501953125 0.8854166671874999 0.5087890625 0.8645833328125001 0.5224609375 0.8411458328125001 0.53515625 0.8463541671874999 0.552734375 0.8736979171874999 0.5625 0.9010416671874999 0.5576171875 0.9283854171874999 0.541015625 0.953125 0.5234375
0 0.8671875 0.517578125 0.8776041671874999 0.5029296875 0.8723958328125001 0.4892578125 0.8528645828125001 0.482421875 0.8307291671874999 0.4833984375 0.8151041671874999 0.4892578125 0.79296875 0.498046875 0.7630208328125 0.5126953125 0.76171875 0.5244140625 0.7825520828125 0.53515625 0.8098958328125001 0.5361328125 0.8424479171874999 0.52734375 0.8671875 0.517578125
0 0.7955729171875 0.4921875 0.8098958328125001 0.474609375 0.8072916671874999 0.4638671875 0.7864583328125 0.4580078125 0.765625 0.4580078125 0.7395833328125 0.4619140625 0.7096354171875 0.474609375 0.6796875 0.4931640625 0.6940104171875 0.505859375 0.7278645828125 0.517578125 0.7643229171875 0.509765625 0.7955729171875 0.4921875
0 0.72265625 0.4658203125 0.7265625 0.44921875 0.7005208328125 0.4423828125 0.671875 0.4375 0.6471354171875 0.44140625 0.62109375 0.4482421875 0.6158854171875 0.4755859375 0.65234375 0.4921875 0.6848958328125 0.4853515625 0.72265625 0.4658203125
0 0.6419270828125 0.447265625 0.6549479171875 0.4365234375 0.63671875 0.4287109375 0.6119791671875 0.4296875 0.5846354171875 0.4345703125 0.5546875 0.451171875 0.5625 0.458984375 0.5872395828125 0.4658203125 0.6106770828125 0.458984375 0.6419270828125 0.447265625
0 0.60546875 0.4248046875 0.5833333328125 0.4169921875 0.5481770828125 0.419921875 0.5299479171875 0.4296875 0.515625 0.443359375 0.52734375 0.4501953125 0.5390625 0.451171875 0.5729166671875 0.4375 0.60546875 0.4248046875
0 0.1484375 0.5029296875 0.171875 0.4951171875 0.1744791671875 0.4765625 0.1549479171875 0.46875 0.1236979171875 0.47265625 0.09375 0.484375 0.05859375 0.505859375 0.0403645828125 0.5234375 0.0403645828125 0.533203125 0.06119791718749999 0.5439453125 0.07682291718749999 0.5341796875 0.10546875 0.513671875 0.1484375 0.5029296875
0 0.0768000203125 0.49187926875 0.07293239375 0.48172674843749996 0.0718273578125 0.47509653125 0.0657496578125 0.4703310625 0.0552518140625 0.4666015640625 0.0317697921875 0.46287206718749996 0.0005525171875 0.4699166734375 0 0.516535390625 0.025968351562500002 0.5109411453125 0.0519367046875 0.51011236875 0.06519713906249999 0.49913107031250004 0.0768000203125 0.49187926875
0 0.2299574953125 0.42289021875 0.22322571875000002 0.4146101328125 0.19441371406250002 0.41238864687500004 0.1624468734375 0.40857382812500004 0.12468645781250001 0.41150351562500004 0.12305687968750001 0.41259059843749996 0.1044771765625 0.4216784984375 0.1017844640625 0.43682499531249996 0.1066313453125 0.44369140781249994 0.1198256265625 0.447730475 0.18391214218750002 0.44510508125000003 0.219994465625 0.44086406250000004 0.229418953125 0.43440155625 0.2299574953125 0.42289021875
0 0.4036373359375 0.4081476265625 0.40336806562499994 0.4004734015625 0.3998675421875 0.3930011296875 0.37617168749999996 0.3889620640625 0.3637852171875 0.3897698765625 0.345546353125 0.38537148593750004 0.3201633046875 0.3895679234375 0.300506515625 0.39845386875 0.3015836 0.41178278593749995 0.31169218593750003 0.42052773437499996 0.3360502984375 0.4226882640625 0.3573227125 0.4154179453125 0.39367430625 0.4133984125 0.4036373359375 0.4081476265625
0 0.5455729171875 0.3662109375 0.5130208328125 0.3623046875 0.4856770828125 0.3642578125 0.47265625 0.3759765625 0.4778645828125 0.392578125 0.5169270828125 0.392578125 0.5520833328125 0.38671875 0.5625 0.376953125 0.5455729171875 0.3662109375
0 0.62890625 0.35546875 0.6080729171875 0.353515625 0.5911458328125 0.349609375 0.5768229171875 0.3544921875 0.5651041671875 0.361328125 0.5598958328125 0.369140625 0.5768229171875 0.376953125 0.5963541671875 0.376953125 0.6197916671875 0.375 0.6393229171875 0.365234375 0.62890625 0.35546875
0 0.73046875 0.3876953125 0.7018229171875 0.38671875 0.6731770828125 0.388671875 0.6588541671875 0.3916015625 0.65234375 0.3955078125 0.6666666671875 0.4140625 0.7278645828125 0.42578125 0.7604166671875 0.4130859375 0.7604166671875 0.3974609375 0.73046875 0.3876953125
0 0.8619791671874999 0.4189453125 0.8346354171874999 0.4091796875 0.8033854171874999 0.4091796875 0.78125 0.408203125 0.7604166671875 0.4248046875 0.7630208328125 0.431640625 0.8268229171874999 0.447265625 0.84765625 0.4501953125 0.8763020828125001 0.4326171875 0.8619791671874999 0.4189453125
0 1 0.4365234375 0.9856770828125001 0.4345703125 0.9635416671874999 0.4404296875 0.93359375 0.4404296875 0.9153645828125001 0.439453125 0.91015625 0.4482421875 0.921875 0.46484375 0.953125 0.4736328125 1 0.484375 1 0.4365234375
0 0.1510416671875 0.3779296875 0.1393229171875 0.369140625 0.1197916671875 0.3740234375 0.10546875 0.380859375 0.1158854171875 0.404296875 0.1588541671875 0.408203125 0.1640625 0.396484375 0.1510416671875 0.3779296875
0 0 0.42578125 0.0169270828125 0.419921875 0.0286458328125 0.416015625 0.02734375 0.3896484375 0.01953125 0.3798828125 0.006510417187500001 0.37890625 0 0.3896484375 0 0.4130859375 0 0.42578125
0 0.09244791718749999 0.4091796875 0.09244791718749999 0.39453125 0.08333333281250001 0.3779296875 0.06901041718749999 0.3779296875 0.0494791671875 0.3837890625 0.046875 0.40625 0.0546875 0.4169921875 0.06380208281250001 0.416015625 0.08072916718749999 0.41796875 0.09244791718749999 0.4091796875
0 0.21614583281250002 0.3388671875 0.1861979171875 0.333984375 0.1614583328125 0.330078125 0.1354166671875 0.333984375 0.1393229171875 0.3642578125 0.1692708328125 0.365234375 0.22005208281250002 0.3623046875 0.22916666718749998 0.3544921875 0.21614583281250002 0.3388671875
0 0.06770833281250001 0.3466796875 0.046875 0.359375 0.0364583328125 0.373046875 0.05729166718749999 0.3701171875 0.0546875 0.3701171875 0.1171875 0.3681640625 0.1158854171875 0.3505859375 0.08984375 0.3466796875 0.06770833281250001 0.3466796875
0 0.2747395828125 0.36328125 0.24479166718749998 0.357421875 0.22916666718749998 0.361328125 0.21484375 0.3720703125 0.21223958281250002 0.375 0.23567708281250002 0.39453125 0.2565104171875 0.40234375 0.28515625 0.390625 0.2747395828125 0.36328125
0 0.3125 0.35546875 0.2942708328125 0.35546875 0.2708333328125 0.3623046875 0.2760416671875 0.3740234375 0.2955729171875 0.380859375 0.3177083328125 0.3857421875 0.3450520828125 0.37890625 0.3359375 0.3642578125 0.3125 0.35546875
0 0.6901041671875 0.3564453125 0.7044270828125 0.3447265625 0.6940104171875 0.3388671875 0.6692708328125 0.3330078125 0.6497395828125 0.333984375 0.62890625 0.3388671875 0.62890625 0.3515625 0.6432291671875 0.3623046875 0.6627604171875 0.3603515625 0.6901041671875 0.3564453125
0 0.3523013921875 0.3525047984375 0.3411817953125 0.35108094843750004 0.319213809375 0.3514877625 0.3080942109375 0.354538871875 0.3311470359375 0.361861534375 0.3371136484375 0.3673535296875 0.343505425 0.3755208 0.35447107031249997 0.3777273015625 0.3685739734375 0.37345574843749996 0.3767102640625 0.3704046390625 0.3715572796875 0.3602342765625 0.3636921984375 0.3563695375 0.3523013921875 0.3525047984375
0 0.4046448625 0.3486400609375 0.40139034687499997 0.3435548796875 0.39271163593749997 0.33907991875 0.3821344578125 0.33765606875 0.3712860703125 0.338266290625 0.3636921984375 0.3388765125 0.3555559078125 0.3405037703125 0.3495892953125 0.3429446578125 0.3411817953125 0.344368509375 0.3346727609375 0.3455889515625 0.33521518125 0.34986050468749996 0.342809053125 0.3506741328125 0.3517589734375 0.3523013921875 0.35935284375 0.353115021875 0.36694671562500003 0.35697975937500004 0.3707436515625 0.3604376828125 0.380235990625 0.363081978125 0.3924404265625 0.362064940625 0.40410244375 0.3606410890625 0.406814540625 0.3555559078125 0.4046448625 0.3486400609375
0 0.43935970312499995 0.3468093953125 0.4328506703125 0.3413174 0.42173107343750005 0.33623221718749996 0.41359478281250006 0.3350117734375 0.4027463953125 0.335825403125 0.3943388953125 0.337249253125 0.39162679843750003 0.3405037703125 0.399491878125 0.34396169374999996 0.4046448625 0.3472162109375 0.4081705890625 0.35392864999999996 0.411967525 0.35657294375 0.41223873437499997 0.35657294375 0.42579921875000004 0.35616613125 0.4358339765625 0.3555559078125 0.4426142203125 0.35169117031249997 0.43935970312499995 0.3468093953125
0 0.4672943015625 0.3386731046875 0.4597004296875 0.3331811078125 0.45075051093749996 0.3299265921875 0.44071575156250004 0.3278925203125 0.43230825156249997 0.329519778125 0.420103815625 0.3301299984375 0.41006905624999995 0.3317572578125 0.40437365312500007 0.3350117734375 0.41712050781250004 0.335825403125 0.4263416390625 0.337249253125 0.4317658328125 0.340910584375 0.43827486406249994 0.344775321875 0.4426142203125 0.34925028281250003 0.44803841406249995 0.352097984375 0.45834438281249995 0.3500639125 0.46810793124999994 0.34802983906249996 0.470820028125 0.3441651015625 0.4672943015625 0.3386731046875
0 0.4624125265625 0.44708917968749995 0.4776002703125 0.44586873593750004 0.4938728515625 0.4409869609375 0.5144847890625 0.43651200156250003 0.5218074500000001 0.43366429999999995 0.5258755953125 0.42898593281249997 0.5383512421875001 0.42308712187499997 0.5475723703125001 0.4208496421875 0.5475723703125001 0.416781496875 0.5432330171875 0.41067927812500005 0.5375376125 0.40864520625 0.5215362406249999 0.4072213546875 0.5115014828125 0.4064077265625 0.5044500296875001 0.405594096875 0.4843805125 0.409255428125 0.4729897046875 0.414747425 0.4672943015625 0.4192223828125 0.457530753125 0.423290528125 0.44451268749999995 0.42776548906249995 0.43990212343749996 0.43183363437500005 0.44966567187499995 0.436918815625 0.45264897812499993 0.44424147812500003 0.4624125265625 0.44708917968749995
0 0.37345574843749996 0.45542887812500005 0.3978646203125 0.45136073281250005 0.4225447015625 0.4521743625 0.43312187968750004 0.45380162031250004 0.43773244531250005 0.4601072453125 0.4420718015625 0.4584799859375 0.45075051093749996 0.45624250625 0.45237776875 0.45156414062500005 0.45075051093749996 0.44586873593750004 0.44993688125000003 0.440376740625 0.44695357500000005 0.43569837343750006 0.43827486406249994 0.43203704218750005 0.41766292812500005 0.42939274687499995 0.40383123281250005 0.42959615468749995 0.3918980078125 0.43142682031249996 0.3805072 0.4346813359375 0.3718284890625 0.44261421875 0.3661330859375 0.44708917968749995 0.3574543765625 0.44993688125000003 0.34741961718750003 0.45359821250000004 0.3414530046875 0.45786976562500004 0.3411817953125 0.4658026484375 0.34470752031249996 0.47068442343749994 0.3579967953125 0.46132768906250005 0.3664042953125 0.45624250625 0.37345574843749996 0.45542887812500005
0 0.30565332500000003 0.347012803125 0.3099926796875 0.340707178125 0.30646695468749996 0.33216407187499997 0.2934488890625 0.3301299984375 0.2809732421875 0.3291129625 0.27175211250000003 0.3293163703125 0.2590052578125 0.3313504421875 0.252496225 0.3354185890625 0.24191904687500002 0.340707178125 0.23324033593750002 0.34152080625000003 0.23378275624999997 0.34925028281250003 0.23378275624999997 0.350877540625 0.2438175140625 0.3535218359375 0.2600900953125 0.3529116140625 0.2850413875 0.35108094843750004 0.30565332500000003 0.347012803125
0 0.3579967953125 0.3228073375 0.3523013921875 0.31772215625 0.34470752031249996 0.3160948984375 0.33494397187499997 0.31670511874999996 0.32626526093749997 0.3181289703125 0.31948501875 0.3193494140625 0.3132471953125 0.3213834859375 0.3042972765625 0.3242311875 0.29778824375 0.3266720765625 0.298059453125 0.3319606640625 0.3040260671875 0.3331811078125 0.3094502609375 0.33745266093750004 0.3146032453125 0.336028809375 0.3148744546875 0.33623221718749996 0.3419954234375 0.33379133125 0.3579967953125 0.33338451562500004 0.361522521875 0.32850274218750003 0.3579967953125 0.3228073375
0 0.7249435109375 0.365726271875 0.7165360109375001 0.363285384375 0.7062300421875001 0.36287857031250004 0.688872621875 0.3622683484375 0.67829544375 0.3624717546875 0.6655485890625 0.3665399 0.6641925390625001 0.3708114546875 0.6565986671874999 0.3758966359375 0.6563274578125 0.381998853125 0.6620228625 0.384439740625 0.6791090734375 0.385660184375 0.6991785890625 0.38240566875000004 0.7230450421875 0.3795579671875 0.7281980265625 0.372031896875 0.7249435109375 0.365726271875
0 0.803051903125 0.354538871875 0.7968140796875 0.3500639125 0.7843384328125 0.3486400609375 0.7751173046875001 0.34640258125 0.7618280296875 0.344775321875 0.752878109375 0.3429446578125 0.7412160921875001 0.344571915625 0.7325373828124999 0.3486400609375 0.7225026234375 0.35169117031249997 0.7200617359375 0.3571831671875 0.7168072203125 0.3624717546875 0.7216889953125001 0.3643024203125 0.7276556078125 0.3679637515625 0.736605528125 0.3695910109375 0.7545053671875 0.3685739734375 0.771591578125 0.3643024203125 0.79301714375 0.3590138328125 0.803051903125 0.354538871875
0 0.7705067390625 0.33419814375 0.7721339984375 0.32850274218750003 0.7683370609375 0.32545163125 0.7615568203125 0.325655040625 0.7564038359375 0.3236209671875 0.7485387546875 0.321993709375 0.7379615765625 0.3213834859375 0.7309101234375001 0.322197115625 0.7230450421875 0.3248414109375 0.71328149375 0.3280959265625 0.7097557671875 0.3311470359375 0.7097557671875 0.335621996875 0.7116542359375 0.3413174 0.7246723015625001 0.3437582859375 0.7360631078125001 0.3419276203125 0.7599295609375 0.3386731046875 0.7705067390625 0.33419814375
0 0.5009243046875 0.287211065625 0.491974384375 0.28558380781250003 0.4832956734375 0.28151566250000004 0.473532125 0.277244109375 0.46105647968749996 0.276023665625 0.45237776875 0.277244109375 0.44505510781249996 0.2794815890625 0.4447838984375 0.28354973437500003 0.44342784843749994 0.28924513749999997 0.44397026874999995 0.2931098765625 0.4512929296875 0.295957578125 0.4754305921875 0.29534735625 0.49468648125000003 0.2957541703125 0.5006530953125 0.292296246875 0.5009243046875 0.287211065625
0 0.6172732625 0.2701248546875 0.6110354390625 0.2680907828125 0.611577859375 0.2640226375 0.6018143109375 0.2638192296875 0.5923219703125 0.26564989375 0.5885250359375 0.2713452984375 0.5817447921875 0.2733793703125 0.5763205984375 0.2764304796875 0.5711676140625 0.2798884046875 0.5725236640625 0.2839565484375 0.584999309375 0.2868042515625 0.6001870515625 0.28436336406249996 0.6205277796875001 0.2825326984375 0.6210701984375 0.2750066296875 0.6172732625 0.2701248546875
0 0.8136290796875001 0.3156880828125 0.8052215796875 0.3142642328125 0.8000685953125 0.31080630781249996 0.7908474671875 0.31039949375 0.774574884375 0.3099926796875 0.7642689171875 0.3112131234375 0.761285609375 0.31670511874999996 0.7566750453125 0.3230107453125 0.763184078125 0.3250448171875 0.769150690625 0.32646866874999997 0.7753885140625 0.3299265921875 0.7886777890625 0.3291129625 0.806035209375 0.325248225 0.8168835968750001 0.32158689375 0.8136290796875001 0.3156880828125
0 0.8160699671874999 0.35128435625 0.8285456140624999 0.3490468765625 0.8418348890624999 0.347623025 0.8437333562499999 0.3429446578125 0.8456318250000001 0.337045846875 0.8461742437499999 0.3335879234375 0.8396652109374999 0.3313504421875 0.8274607749999999 0.3301299984375 0.814442709375 0.3280959265625 0.8019670640625 0.33033340624999996 0.7941019828125 0.3325708875 0.7851520625 0.33928332656250004 0.7829823859375 0.3468093953125 0.798170128125 0.35108094843750004 0.80630641875 0.3514877625 0.8160699671874999 0.35128435625
0 0.5051811421875 0.324255803125 0.5026507171875 0.319240140625 0.4916252984375 0.3155800625 0.47571977343749994 0.31449559374999997 0.4670440328125 0.3170712046875 0.4563801015625 0.320595725 0.44625840468750005 0.324662478125 0.4431857453125 0.3272380890625 0.4529459546875 0.3291359078125 0.45981424843749996 0.33333821874999997 0.46577882031250006 0.3375405296875 0.47083966874999994 0.3425561921875 0.4731893484375 0.343505103125 0.48511849218750003 0.3449962453125 0.49849359218749995 0.34323398437499997 0.5031929515625 0.33835388125 0.5051811421875 0.324255803125
0 0.8226619859375001 0.32093584375 0.8344637171875 0.321088453125 0.84036458125 0.319409759375 0.8503350078125 0.3168154125 0.8531837015624999 0.312542371875 0.8558289171875 0.3010967296875 0.8594915234375 0.28675152187499997 0.8568463078124999 0.286293696875 0.8470793593750001 0.2856832625 0.8371089328125001 0.288430215625 0.8281558953125 0.29026151875 0.8192028578125001 0.2965184703125 0.8096393875000001 0.3075062890625 0.807808084375 0.31391585 0.81167416875 0.31559454374999996 0.8181854671875 0.32002019375 0.8226619859375001 0.32093584375
0 0.775862021875 0.274390228125 0.7687402875 0.272406315625 0.7612115984375001 0.268133275 0.7522585609375 0.26706501562499996 0.74127074375 0.26645458125 0.7335385750000001 0.2673702328125 0.7294690140625 0.2705750125 0.7260098859374999 0.2734745765625 0.7260098859374999 0.2786632671875 0.7272307546875 0.282173265625 0.7795246265625 0.28781978124999996 0.7842046234375 0.283851959375 0.7840011453125 0.2762215296875 0.775862021875 0.274390228125
0 0.6963020828125 0.27225370625 0.698947296875 0.26859109999999997 0.697726428125 0.2632498 0.6952846921875 0.26019762812499997 0.6901977390625 0.2585189359375 0.6826690484375 0.25836632656249997 0.6761577484375 0.25836632656249997 0.67005340625 0.259739803125 0.66435601875 0.2617237140625 0.6608968921875 0.264623278125 0.6576412421875 0.268133275 0.6551995046875 0.27179588125 0.6560134171875001 0.2745428359375 0.6672047125 0.27667935625 0.6759542703125 0.2756110953125 0.6901977390625 0.27316935781249996 0.6963020828125 0.27225370625
0 0 0.45644904375 0.0024863312500000003 0.4568634328125 0.0406100828125 0.45354832500000003 0.0679597296875 0.448161271875 0.081496425 0.443810190625 0.0848115328125 0.43572961406250005 0.07901009375 0.42640587031250005 0.0723798765625 0.42309076250000005 0.054423035937499996 0.42060442968749995 0.0317697921875 0.419982846875 0.0185093578125 0.419775653125 0 0.42246917812499996 0 0.45644904375