0 0.3332436609375 0.1352499046875 0.3705389109375 0.206999809375 0.39991063437499996 0.20322358281250003 0.3577588640625 0.12338488437499999 0.3420622015625 0.1218895734375 0.3332436609375 0.1352499046875
0 0.4252898296875 0.16881729375 0.43596232031250004 0.14901105625 0.4054351140625 0.060427278125 0.3688523765625 0.04336846875 0.3480298578125 0.0541316 0.3921312546875 0.1598203015625 0.4252898296875 0.16881729375
0 0.47965083750000004 0.057012460937499995 0.5953058421875 0.132493625 0.61747625 0.0911110171875 0.5042975249999999 0.0103194546875 0.47965083750000004 0.057012460937499995
0 0.5988751437500001 0.140578928125 0.6889809203125 0.2030687734375 0.7118606515625 0.1663269984375 0.6193366484375 0.10594206718750002 0.5988751437500001 0.140578928125
0 0.7101479328125 0.22079614531249997 0.782552384375 0.275031728125 0.8167622343750001 0.24788334375 0.737335303125 0.18714057343749999 0.7101479328125 0.22079614531249997
0 0.8845956265625 0.28759453437500004 0.7880152515625001 0.275961409375 0.7801075156249999 0.311587359375 0.8792367109375 0.3206537078125 0.8845956265625 0.28759453437500004
0 0.7084569625 0.2683131828125 0.647679240625 0.22919688906250002 0.6203113609375001 0.2509155984375 0.67719415625 0.28606062187500003 0.7084569625 0.2683131828125
0 0.5746341921875 0.23745809218749997 0.495748296875 0.18643615625 0.47800280468749995 0.2059878484375 0.5570319734375 0.2622536265625 0.5746341921875 0.23745809218749997
0 0.459130215625 0.2483106125 0.53549878125 0.293628796875 0.554166003125 0.27580117187500003 0.4693735046875 0.2195522828125 0.459130215625 0.2483106125
0 0.41619565312500006 0.2774717078125 0.5041951109375 0.3254913578125 0.521000246875 0.295614609375 0.43518047031249996 0.2552622765625 0.41619565312500006 0.2774717078125
0 0.4999649609375 0.3556876703125 0.508393378125 0.3283698984375 0.4127481765625 0.2870023609375 0.4022561953125 0.3187454640625 0.4999649609375 0.3556876703125
0 0.390332575 0.320326521875 0.38915884218749996 0.3413295515625 0.40438388593749997 0.3548942109375 0.4728290046875 0.38681069375 0.493709578125 0.3728420796875 0.4742929953125 0.34978025156250003 0.4290294 0.3264920421875 0.390332575 0.320326521875
0 0.3786639875 0.2450864359375 0.33686133906250004 0.1619407171875 0.30060115625 0.1734488359375 0.34755721093749997 0.2525834953125 0.3786639875 0.2450864359375
0 0.35568228749999997 0.290670125 0.312820503125 0.205091915625 0.2718691828125 0.21790993749999998 0.3224841828125 0.29525059531250003 0.35568228749999997 0.290670125
0 0.2785376984375 0.300117128125 0.30224451874999997 0.33355398125 0.3178722375 0.3336951390625 0.331288653125 0.3277607984375 0.3048819671875 0.267372409375 0.2856334609375 0.254899265625 0.262824009375 0.26131295468750004 0.2600035140625 0.27486176093750003 0.2785376984375 0.300117128125
0 0.271786353125 0.3832462375 0.28893356406250004 0.38493667343750004 0.3006241859375 0.38029939375 0.2829464921875 0.3280778296875 0.26525213124999997 0.30977173750000003 0.24270433749999998 0.3106241359375 0.2324377109375 0.3176405140625 0.23694300625000003 0.3354797484375 0.2476019484375 0.3601230703125 0.2581360265625 0.3764606234375 0.271786353125 0.3832462375
0 0.1934822171875 0.3962565140625 0.1962136578125 0.4053993953125 0.25670678593749996 0.44683545625 0.274357190625 0.4378311046875 0.27819874375000003 0.4307948328125 0.21803681562500002 0.38235023125 0.1934822171875 0.3962565140625
0 0.22278710937500001 0.46548819531249996 0.232731765625 0.4718069140625 0.2527997734375 0.466031721875 0.258804853125 0.45916359375000004 0.23516209687499998 0.44015190468750004 0.20611167031250002 0.41889554687499997 0.190287953125 0.412828359375 0.1799009828125 0.4176027359375 0.170832628125 0.4295496484375 0.17868689375 0.44020698906250005 0.2004968109375 0.4534373609375 0.22278710937500001 0.46548819531249996
0 0.21308627812499997 0.5055230703125 0.2305781546875 0.5052724109375 0.2392750796875 0.4950355234375 0.21940593593750002 0.47273914531249994 0.1956408640625 0.4503121078125 0.182689903125 0.44558450625 0.16787345468749998 0.446107496875 0.1567460328125 0.4562198984375 0.1634752640625 0.4667898015625 0.19584475625 0.4923761984375 0.21308627812499997 0.5055230703125
0 0.4634545265625 0.39736238125 0.45784775 0.37813516406250003 0.383396746875 0.3477898625 0.3720286390625 0.35341825781249997 0.3638210796875 0.36226915000000004 0.370670653125 0.37508105625 0.410554359375 0.3945534890625 0.44931045156250005 0.40519373906249995 0.4634545265625 0.39736238125
0 0.40078125 0.4078125 0.0921875 0.0671875
0 0.40689968906249996 0.47068861249999994 0.3130392234375 0.43401352187500003 0.2954940078125 0.46082301875000004 0.3875688234375 0.499975403125 0.40689968906249996 0.47068861249999994
0 0.366728571875 0.5314141453125 0.3838860875 0.506788115625 0.294711859375 0.47087969999999996 0.2792635671875 0.49724845625 0.366728571875 0.5314141453125
0 0.3267442328125 0.519653503125 0.3221682609375 0.5416350890625 0.4001354328125 0.5697618890625 0.41094363749999996 0.5418936999999999 0.3267442328125 0.519653503125
0 0.40294286562500004 0.5714334765625 0.481369359375 0.595237375 0.492960553125 0.57037998125 0.42284533125 0.5490331390625001 0.409228059375 0.5511946171875 0.40294286562500004 0.5714334765625
0 0.52466329375 0.553824271875 0.4542877484375 0.5276275296875 0.43922715781250005 0.5518128171875001 0.5004368171875 0.5746811421875 0.52466329375 0.553824271875
0 0.455220928125 0.525679740625 0.5216092125 0.550962896875 0.5400882546875 0.530263059375 0.47411314375 0.5013897640625 0.462179625 0.5067006421875 0.455220928125 0.525679740625
0 0.56205100625 0.5102046375 0.5644281546875 0.4942904875 0.49268013593750004 0.466980896875 0.4817313875 0.4755880890625 0.4743057796875 0.49151235625 0.5466508765625 0.524301728125 0.56205100625 0.5102046375
0 0.5754071234375 0.4931882703125 0.5866388796875001 0.47856598593750005 0.5842788421875 0.46469850937499996 0.54631925 0.446051959375 0.5010868984375 0.43488963593749996 0.4940772546875 0.45668208125 0.49231707968749994 0.4577527015625 0.5754071234375 0.4931882703125
0 0.5891577140625001 0.45558777812500006 0.60595300625 0.43173854062499994 0.533194734375 0.40253931249999997 0.5152590296875 0.4220739578125 0.5455808484375 0.43952321093749996 0.5891577140625001 0.45558777812500006
0 0.5398310296875 0.39636656718749996 0.6045893015625 0.42514529218749997 0.6201478609375 0.4215247953125 0.6238465328125 0.40953684062500006 0.617060584375 0.3997525875 0.5946368640624999 0.3883505328125 0.5592665828125 0.3709113984375 0.5442004140625001 0.376180053125 0.5398310296875 0.39636656718749996
0 0.556099403125 0.361585771875 0.6328222484375 0.40256358125 0.6572807875 0.37850497031249997 0.5781497421874999 0.335931346875 0.5783053796875001 0.3369496234375 0.556099403125 0.361585771875
0 0.5804725140625 0.331492615625 0.659473396875 0.3716412859375 0.6755414515625 0.3398873203125 0.59563500625 0.30168063125 0.5804725140625 0.331492615625
0 0.601722978125 0.2853783796875 0.6785250359375 0.3315944875 0.7005753765625 0.30594006406249996 0.6200973328125 0.26084692187499997 0.601722978125 0.2853783796875
0 0.775896171875 0.3356024640625 0.7795777359375 0.353396134375 0.8005497671875 0.3584470453125 0.8929446000000001 0.3414794015625 0.8797830875000001 0.30886243750000003 0.78153613125 0.32215548906249997 0.775896171875 0.3356024640625
0 0.7242663078125 0.3746928109375 0.734965884375 0.399068990625 0.8151951343749999 0.39061396875 0.8253147437499999 0.379728740625 0.8139671421875001 0.3526861265625 0.7378553171875 0.3644796890625 0.7242663078125 0.3746928109375
0 0.711953478125 0.44122220937499995 0.7918686640625 0.4212723171875 0.784946975 0.39014647812500003 0.6966158265625 0.403807690625 0.697682603125 0.42180061875 0.711953478125 0.44122220937499995
0 0.6431685078125 0.47640567031250003 0.642313896875 0.47553430625 0.6543576828125001 0.49297168750000003 0.67002371875 0.5026411328125 0.71589015 0.4691783015625 0.7114998296875 0.45464918125000003 0.6879335875 0.440424415625 0.6431685078125 0.47640567031250003
0 0.632697465625 0.4950533234375 0.5912342578125 0.5352979234374999 0.6208825765625 0.551487415625 0.6594197234375 0.5094055171874999 0.632697465625 0.4950533234375
0 0.550889834375 0.57999264375 0.5736248296875 0.5934312515625 0.594076209375 0.5887823609375 0.6136674015625 0.5643454703125 0.6138174609375 0.5464471109375 0.5923785171875 0.5383413703125 0.5760700359375 0.5449221265624999 0.550889834375 0.57999264375
0 0.6467756515625 0.6348657359375001 0.62409160625 0.61861378125 0.588828803125 0.6144645875 0.5795128578125001 0.6290345265624999 0.6320490203125 0.6502225859374999 0.6467756515625 0.6348657359375001
0 0.5247570734375 0.6340430390625 0.47043497343749996 0.6171194828125001 0.4613682578125 0.6221395843749999 0.45766506875 0.6300811000000001 0.4609128390625 0.6387417281250001 0.4811694609375 0.6481875453125 0.51772048125 0.6551428609375 0.5233104765625 0.645559 0.5247570734375 0.6340430390625
0 0.1044764828125 0.495921203125 0.1669029796875 0.5188840953125 0.19045316875 0.4873091484375 0.1109372125 0.4563773109375 0.0889915609375 0.48586335937499997 0.1044764828125 0.495921203125
0 0 0.5581220828125 0.0004280859375 0.5612527375 0.027831675 0.5705315671875 0.0788019125 0.573301334375 0.081591815625 0.5473048281249999 0.001256971875 0.53341630625 0 0.53772770625 0 0.5581220828125
0 0.18854508125 0.5617577203125 0.09914625625 0.556234815625 0.09803410781250001 0.55997186875 0.1016619328125 0.5711205703125 0.124914790625 0.584800659375 0.1417693984375 0.5865130328125 0.1909676421875 0.5818037 0.19439410937499998 0.5720516953125 0.18854508125 0.5617577203125
0 0.2145148515625 0.589000678125 0.28192886875 0.5922720499999999 0.2818510125 0.5623899921875 0.1980420640625 0.5565615562499999 0.1988595265625 0.5732932265625 0.2145148515625 0.589000678125
0 0.414525440625 0.6023982343750001 0.33413557968749996 0.5843690031250001 0.331659321875 0.615368165625 0.40093032656250005 0.6267452062500001 0.414525440625 0.6023982343750001
0 0.5953081078125 0.6606360859375 0.5413759671875 0.6392703796875 0.5307947140625 0.659558025 0.5822602 0.6789441953125 0.5953081078125 0.6606360859375
0 0 0.6146084187499999 0.0103572953125 0.6558864640625 0.0505383984375 0.6576005875 0.0356111328125 0.6071376078124999 0 0.6092194281250001 0 0.6146084187499999
0 0.059791109375 0.6627987859375 0.0907808515625 0.6625911609374999 0.080177596875 0.61367165 0.0429735078125 0.6109814765625 0.041654771875 0.6165136 0.059791109375 0.6627987859375
0 0.10209899062500001 0.6166052171875 0.10754909531250001 0.6617032234375 0.1440796859375 0.6631336375 0.1382928296875 0.617405753125 0.10209899062500001 0.6166052171875
0 0.149635590625 0.6185201734375 0.16111893125 0.6669043734375 0.1950602078125 0.6671273734375001 0.1863982421875 0.6167488453125001 0.149635590625 0.6185201734375
0 0.2024160390625 0.617258971875 0.19606278593749998 0.6700928046875 0.23588166249999998 0.6725837218749999 0.23547722968749998 0.6180172796875001 0.2024160390625 0.617258971875
0 0.3006923578125 0.625123540625 0.2900660421875 0.6736005609375 0.3279945796875 0.674737146875 0.33462319687500003 0.6307157890624999 0.3006923578125 0.625123540625
0 0.34300400781249996 0.6974831171875 0.3797358671875 0.6570589515624999 0.354541721875 0.6448378781249999 0.33012488125 0.6740173640625 0.31830566875 0.687988709375 0.34300400781249996 0.6974831171875
0 0.35851479375 0.7027315734374999 0.37539487656250003 0.703037271875 0.40619235 0.6653847734375 0.371549309375 0.6558503703125 0.34859619531249997 0.692905096875 0.35851479375 0.7027315734374999
0 0.43453662499999995 0.6847527421875 0.40685785625 0.6751558765625 0.37417004375 0.7114540484375 0.40128000156250004 0.723622778125 0.43453662499999995 0.6847527421875
0 0.461345340625 0.6956088125 0.4347532453125 0.6836815656249999 0.40141741093750005 0.7173133015625 0.4231166828125 0.7302689421874999 0.461345340625 0.6956088125
0 0.487045421875 0.7071744671875 0.467080853125 0.6945548765625 0.4303803046875 0.73134613125 0.4565337484375 0.7482701921875 0.487045421875 0.7071744671875
0 0.5265130421875 0.7222318750000001 0.49347453750000003 0.7106085734375001 0.46741425000000003 0.7462144015625001 0.4908227453125 0.76091276875 0.5265130421875 0.7222318750000001
0 0.55878569375 0.7354810171875 0.5218785593749999 0.77406734375 0.549714628125 0.7873191921875 0.5811584640625 0.7496964187499999 0.55878569375 0.7354810171875
0 0 0.7152216828125 0.01973911875 0.7157485703125 0.061329195312499994 0.7062050234374999 0.0559129328125 0.6880752984375 0 0.69300798125 0 0.7152216828125
0 0.13734120625 0.6836123328125 0.060553092187500004 0.684687815625 0.06620420625 0.7090741140625 0.140326584375 0.7110112359375 0.13734120625 0.6836123328125
0 0.2344136515625 0.7071503984375 0.24216168906250002 0.73109595625 0.28933254062499997 0.7313409453124999 0.3096792328125 0.722860428125 0.314798540625 0.699713653125 0.23285727500000003 0.6969676296875 0.2344136515625 0.7071503984375
0 0.310400659375 0.7230261109375 0.32759480625 0.7348266812500001 0.3603220359375 0.7444134265625 0.377971271875 0.7408869484375 0.37481409062500004 0.7272242109375 0.32121924218750003 0.7119939671875 0.310400659375 0.7230261109375
0 0.39386096875 0.7638370984375 0.3796494125 0.7699771125 0.3839252640625 0.783792246875 0.39896874531250004 0.7893885875 0.43135643593750006 0.7888871359375 0.438784834375 0.7824211859375 0.43233284687499995 0.76380849375 0.39386096875 0.7638370984375
0 0.6408853031249999 0.6574856625 0.6942223390625 0.6729001125 0.7079641953125 0.6542469484375 0.6544715203125 0.637814221875 0.6408853031249999 0.6574856625
0 0.6039583390625001 0.666025365625 0.5902164828124999 0.6846785296875 0.6149507796875 0.695437740625 0.6430086984375001 0.701375196875 0.6506942812500001 0.6957110625 0.6527169671874999 0.6865655515625 0.6298817328124999 0.6742358578125 0.6039583390625001 0.666025365625
0 0.6802142390625 0.6942369765625 0.66843635625 0.70056613125 0.6660054703125 0.7098353109375 0.6783832171874999 0.7184442546875001 0.7034981484375 0.725427028125 0.71970473125 0.7244729671875 0.7246944296875 0.7113015765624999 0.6802142390625 0.6942369765625
0 0.3828662828125 0.803720234375 0.3910895453125 0.8090126921874999 0.40473975468749995 0.8110042249999999 0.41463650625000004 0.8068718328125 0.43333848750000004 0.8055332843749999 0.439530628125 0.7985070921874999 0.4391003890625 0.7820535078125 0.4324517125 0.7796264859375001 0.42697157499999994 0.7811108859375 0.42064389375 0.78377111875 0.4116983828125 0.7849861984375 0.40249498125 0.786754328125 0.387133175 0.7818353546875 0.3784226953125 0.7883220390625 0.3788175640625 0.7938926109375 0.3828662828125 0.803720234375
0 0.4181012796875 0.77087221875 0.42158645781250004 0.7633982328125 0.4146832640625 0.7461805234375001 0.38092803750000004 0.7448311703125 0.3767422375 0.7457109609375 0.369522990625 0.7496259843749999 0.364940134375 0.7559839484374999 0.3759069203125 0.7671656890625 0.3941492875 0.7702022421875 0.4075243640625 0.7715396 0.4181012796875 0.77087221875
0 0.600986625 0.77406333125 0.605765625 0.7568747109375 0.5837254671875 0.74861983125 0.5556957296875 0.7832830640624999 0.57846700625 0.792283390625 0.600986625 0.77406333125
0 0.5207948578125 0.8582528593750001 0.5333086734375 0.8580203 0.5551455296875 0.8528311203125 0.563957775 0.84318655625 0.5656137718750001 0.8257552265625 0.513302159375 0.8361508984375 0.5207948578125 0.8582528593750001
0 0.4456451265625 0.7937197375 0.42761880625000004 0.802303890625 0.4006665015625 0.8103664953124999 0.40111191562500004 0.81866465625 0.41400338124999997 0.8222489062499999 0.4305262609375 0.8226722375 0.4493950546875 0.8169080734374999 0.46015615624999995 0.8065541859375 0.45616649843749996 0.7966033171875 0.4456451265625 0.7937197375
0 0.6280602828124999 0.7650049109375 0.6014686046875 0.794270875 0.6156019859375 0.803288515625 0.6274064734375 0.8011071031249999 0.637748725 0.7974347921875 0.648265325 0.7841352265625 0.6549519796875 0.77673566875 0.6464666390625 0.7683291359375 0.6280602828124999 0.7650049109375
0 0.7292659031250001 0.6663429671875 0.7148686140625 0.6636746312499999 0.7032214515625 0.6736153421875 0.7165583296875 0.685497753125 0.733127184375 0.69160584375 0.7514003921875 0.6940589359375 0.762362409375 0.6890575343750001 0.7630475546875 0.6841182234375001 0.7534098578124999 0.6735562484375001 0.7292659031250001 0.6663429671875
0 0.7731567453125 0.7330324640625 0.7706293265624999 0.72457249375 0.737314884375 0.713891990625 0.7288996953125 0.7180583828125 0.722213040625 0.7254579421875 0.7217941890625 0.7321395203125001 0.732848153125 0.7385076359375 0.7507678906249999 0.7440320859375 0.7652741468750001 0.740683390625 0.7731567453125 0.7330324640625
0 0.6552321296875 0.8099507484374999 0.6669906453125 0.8020845765625 0.673122915625 0.7924038890625 0.672566146875 0.7820311875 0.667293371875 0.777145315625 0.6531623765625 0.7762192453125001 0.6470519 0.7846965265625 0.63961233125 0.7925540421874999 0.6323277046875 0.8000792859375 0.62424419375 0.802377728125 0.6278344078125 0.8097151921875 0.6392418390625 0.8130119515625 0.6552321296875 0.8099507484374999
0 0.6744444578125 0.816005259375 0.6843218828125 0.813329765625 0.695504221875 0.804385871875 0.7000193140625 0.79354655625 0.69820121875 0.7870354453124999 0.6893406140625 0.7829036765625 0.6769817406249999 0.7828039609374999 0.6743477390625 0.788452596875 0.6715370015625 0.7956369109375 0.6681718812499999 0.8005400968749999 0.6621267859375 0.8054071593750001 0.6563697796875 0.8108130812500001 0.6625504062500001 0.8149087265625001 0.6744444578125 0.816005259375
0 0.6128314171875 0.850918309375 0.622975140625 0.8499850828125 0.6250547578125001 0.84205531875 0.6225273375 0.8335953500000001 0.607597459375 0.8274424781249999 0.579158734375 0.8271260203124999 0.5745758765625 0.8334839796875 0.5731596125 0.8376778406250001 0.57382535 0.842033509375 0.5807588921875 0.8456711968749999 0.5888883765624999 0.8490575140625 0.6007824265624999 0.8501540484375001 0.6128314171875 0.850918309375
0 0.6572733171875 0.8687333140625 0.6695886015625 0.87123984375 0.6785799671875 0.868151171875 0.679863084375 0.8630861781249999 0.6804150828125 0.8572757359375001 0.6796379921875 0.8508455265625001 0.6719951234375 0.8452589843749999 0.6580408640625001 0.8427972359375 0.6416947203125 0.840838225 0.6373103890625 0.8444571 0.6336789734375 0.8476180171875001 0.6315097953125 0.8522698359374999 0.6378235734375 0.8572366125 0.6434280234374999 0.860254534375 0.652000540625 0.8638474421875 0.6572733171875 0.8687333140625
0 0.028871759375 0.47955998125 0.078928725 0.504301796875 0.1113601453125 0.516938175 0.1215337484375 0.5191600281250001 0.13110365625 0.503445140625 0.1083137171875 0.4886143890625 0.0771192515625 0.47616056875 0.034807459375 0.4648294734375 0.028871759375 0.47955998125
0 0.1550281296875 0.690246228125 0.1517733328125 0.6992275125 0.17086198749999998 0.7123283078125 0.20451120625 0.7182201078125 0.22696778125 0.7160929546875 0.2276925078125 0.704532009375 0.2204080953125 0.694135884375 0.1550281296875 0.690246228125
0 0.4131396265625 0.8240862984374999 0.406233059375 0.8222123234375 0.4061605109375 0.8262183234375 0.4059657234375 0.8324116765625 0.41325374375 0.8360345703125001 0.42200314531250005 0.8365235234374999 0.43060480312499994 0.836045840625 0.43958791250000007 0.8373170765625 0.45186314687499995 0.8347370156249999 0.4605749515625 0.8327396484375 0.4617408421875 0.8276724359375001 0.46145612343750003 0.8205821796875 0.45517548281250003 0.8160824218749999 0.45080078281249997 0.8158379484375 0.4464515890625 0.8187474578125 0.4394845625 0.8202118171875 0.43276333906250003 0.82179079375 0.42885605312499997 0.823110890625 0.4223806265625 0.8248044875 0.4131396265625 0.8240862984374999
0 0.751797459375 0.889663709375 0.7568719609375 0.8877657234375 0.7617490296875 0.8830824484375001 0.7584892078125 0.871462790625 0.72675821875 0.8625016984375 0.723146421875 0.8657550640625 0.7166347234375 0.8694516609375 0.713318415625 0.8746382921875 0.720852234375 0.8783758078125 0.7310159765625001 0.8828908 0.7420030796875 0.8875653031249999 0.751797459375 0.889663709375
0 0.7844203015625 0.8917409718749999 0.7894451140625 0.8880243328124999 0.790033446875 0.8829122328125001 0.784920021875 0.877834584375 0.777325746875 0.8774354046875 0.7630586109374999 0.8759445375 0.760478378125 0.8769857062499999 0.7571862515625 0.8808370062499999 0.759399771875 0.8863578890625 0.760728146875 0.8905682828125 0.767266678125 0.8945149890625 0.777245078125 0.89557703125 0.7844203015625 0.8917409718749999
0 0.7906068 0.8444288953125 0.7974865375 0.838659565625 0.80302713125 0.8338368296875001 0.80397140625 0.8273196640625 0.799717621875 0.82039851875 0.790746603125 0.818459615625 0.781433053125 0.8217474296875 0.774701059375 0.82848339375 0.7638522578125 0.8344218343750001 0.761887184375 0.83799420625 0.7609053109375 0.842025053125 0.7653672984375001 0.8465744984375 0.77141423125 0.8502919703125 0.7777553265625 0.8514533906249999 0.7839970453125 0.8489775093749999 0.7906068 0.8444288953125
0 0.7872725171875 0.7373717609375 0.7790242796875 0.736289603125 0.7704389468749999 0.7467975124999999 0.77588949375 0.7548672640625 0.7918586609375 0.76507786875 0.8088865234375 0.7730180921875001 0.825194821875 0.77854973125 0.8317578703124999 0.7743544734375 0.8118869343749999 0.7478131296874999 0.7872725171875 0.7373717609375