0 0.2518494671875 0.8703305406249999 0.26688525625000004 0.8646921187500001 0.3286393890625 0.787365203125 0.3184365328125 0.7776993390625 0.29427187187500004 0.7708526859375 0.2781620984375 0.7813240390625 0.2217778890625 0.8457631343750001 0.22607382812500001 0.86106741875 0.2518494671875 0.8703305406249999
0 0.3447491640625 0.979474259375 0.3689138234375 0.9625589953125001 0.3613959296875 0.9307421921874999 0.33723126875 0.9291312156249999 0.2599043546875 0.9573233203125 0.24057262499999998 0.9935300359375001 0.2556084140625 1 0.3447491640625 0.979474259375
0 0.47899727968750005 0.9439924812499999 0.5026249484374999 0.9315074062500001 0.5053099109375 0.911772934375 0.4886631453125 0.8916357171874999 0.3775057046875 0.9214387984375 0.3732097640625 0.9472144374999999 0.3877085609375 0.9677543984374999 0.47899727968750005 0.9439924812499999
0 0.5380664515625 0.924660753125 0.6148563734375 0.8984823703125 0.6229112609375 0.8855945500000001 0.613245396875 0.8634436109375001 0.5917656984375 0.8646518453125 0.5273266015625 0.8835808296875 0.5160497609375 0.8968713921875 0.5251786328125 0.9170086109375 0.5380664515625 0.924660753125
0 0.7668252421874999 0.8626381234375 0.7743431359375 0.8517640265624999 0.7630662953125 0.8308213203125 0.746419528125 0.8247801546875 0.68788735 0.8437091390625 0.6728515609375 0.85579146875 0.6857393796875 0.8779424078125 0.707219078125 0.8811643625000001 0.7668252421874999 0.8626381234375
0 0.8436151640625 0.8449173703125 0.8634838859375 0.84290365 0.8699277953125 0.828002109375 0.8650948640625 0.8143088 0.8194505046874999 0.7981990265625 0.7813240390625 0.790144140625 0.7695102046875 0.794977071875 0.7705841890625 0.820752709375 0.7802500546875 0.828002109375 0.8436151640625 0.8449173703125
0 0.5133647984375 0.7671877109375 0.5192717140625 0.75510538125 0.508531865625 0.735370909375 0.4913481078125 0.731746209375 0.42583502656250005 0.7470504953125 0.4140211921875 0.75953556875 0.4188541234375 0.7768535765625 0.43281592812499997 0.7824919968749999 0.5133647984375 0.7671877109375
0 0.662648703125 0.7534944046875001 0.6519088546875 0.744231284375 0.5971356234375 0.75510538125 0.6003575765625 0.7788672984375 0.6153933671875 0.7812837640625 0.66425968125 0.76759045625 0.662648703125 0.7534944046875001
0 0.8409302015625 0.8046429359375 0.856502984375 0.805448425 0.8715387734375 0.7973935375 0.8752977203125001 0.7792700421875 0.8178395265624999 0.7534944046875001 0.7963598281250001 0.74262030625 0.7797130609375 0.7474532390624999 0.7727321593750001 0.7671877109375 0.7813240390625 0.778061809375 0.8409302015625 0.8046429359375
0 0.66425968125 0.7293700171874999 0.6701665984375 0.720106896875 0.665333665625 0.7039971234375 0.6508348703125 0.6987614468750001 0.5869327656250001 0.710843778125 0.5772669015624999 0.7205096421875 0.5869327656250001 0.740244115625 0.5998205859375 0.74266058125 0.66425968125 0.7293700171874999
0 0.7888419328125 0.7350084375 0.8054887000000001 0.7394386265625 0.8140805796875 0.7350084375 0.8194505046874999 0.7180931765625 0.8092476468750001 0.707219078125 0.7952858421875 0.699164190625 0.770047196875 0.686276371875 0.7458825359375 0.6770132515625 0.7362166718750001 0.68426265 0.730846746875 0.699164190625 0.7383646421875001 0.7128574984375 0.7888419328125 0.7350084375
0 0.7764911062500001 0.68385990625 0.7909899031250001 0.6850681390625 0.8038777218750001 0.6681528765625 0.7963598281250001 0.6540568234374999 0.7781020828125 0.6451964484375 0.7480305046875 0.6306976515625 0.7351426859375 0.6258647203125001 0.7233288515625 0.6286839296875 0.7174219359375 0.6447937046875001 0.7270878 0.6576815234375 0.7764911062500001 0.68385990625
0 0.6460019375 0.6882900937499999 0.6572787796874999 0.6806379515625001 0.6454649453125 0.6592925015625 0.6266702078125 0.6580842671875 0.5788778796875 0.6657364109375 0.564916075 0.6705693421875 0.5745819390625 0.6955394921875 0.5885437421875 0.697955959375 0.6460019375 0.6882900937499999
0 0.309844653125 0.724134340625 0.2974938265625 0.7124547546875 0.2792360828125 0.707219078125 0.2180189421875 0.7611868203125 0.21640796406249999 0.7752828734375 0.23520270000000001 0.7901844140625001 0.25614540625000004 0.7841432484374999 0.309844653125 0.724134340625
0 0.4999399859375 0.7209123859375001 0.5101428421875001 0.716079453125 0.5004769796875 0.68788735 0.472016378125 0.6907065593749999 0.41616916093749995 0.6955394921875 0.40113337343750005 0.7064135890625 0.3989854015625 0.7249398296875 0.4124102140625 0.7382303921875 0.4999399859375 0.7209123859375001
0 0.48060825781250005 0.6725830640625 0.49242209218750005 0.66251445625 0.4832932203125 0.6435854703125 0.45912855781250006 0.6431827265625001 0.4000593875 0.6488211484375 0.38448660625 0.6600979890625001 0.3893195390625 0.68023520625 0.4107992359375 0.6850681390625 0.48060825781250005 0.6725830640625
0 0.279773075 0.6476129140625 0.23412871562499998 0.6810406953125 0.19761322812499998 0.7100382890625 0.21211202343750002 0.7249398296875 0.23036976718750002 0.7313837390625 0.3087706671875 0.6681528765625 0.279773075 0.6476129140625
0 0.1933172875 0.6496266359375 0.19868721250000002 0.6629172 0.21211202343750002 0.6729858078125 0.2330547296875 0.67218031875 0.29856781093749996 0.6109631796875 0.2910499171875 0.5988808484375 0.26527427812500004 0.5924369390625001 0.1933172875 0.6496266359375
0 0.48060825781250005 0.629086675 0.4800712640625 0.6113659218749999 0.4687944234375 0.604116525 0.3893195390625 0.6093522015625 0.3796536734375 0.6242537421875001 0.38717156875000003 0.64197449375 0.4687944234375 0.6375443046875 0.48060825781250005 0.629086675
0 0.649760884375 0.6258647203125001 0.634188103125 0.6157961109375 0.5616941203125 0.6258647203125001 0.5611571265624999 0.6423772390625 0.5756559234374999 0.657278778125 0.6476129140625 0.644390959375 0.649760884375 0.6258647203125001
0 0.6298921640625 0.599331921875 0.61968930625 0.5848331250000001 0.6051905093750001 0.5804029374999999 0.5488063015625 0.586846846875 0.5423623906249999 0.59565889375 0.5493432921875 0.61383071875 0.5665270515625 0.6154416953124999 0.6202262984375 0.609803275 0.6298921640625 0.599331921875
0 0.7394386265625 0.5981236890625 0.746419528125 0.5884578234375 0.7286987765624999 0.5566410203125 0.7115150171875 0.5361010578125 0.6830544171875 0.5401285015624999 0.6776844921875 0.5510026 0.7029231390625 0.5973182 0.7195699046875 0.6021511328125 0.7394386265625 0.5981236890625
0 0.6153933671875 0.5711398171875001 0.6127084046875 0.5554327875 0.5982096078125 0.544558690625 0.5622311125 0.5485861328125 0.5337705109375 0.5518080875 0.5305485578125 0.5626821859375 0.5418253984375 0.5771809828125 0.6035795328125 0.57637549375 0.6153933671875 0.5711398171875001
0 0.2840690140625 0.56389041875 0.28353202187500004 0.5522108328125 0.26044134531249996 0.5377120359374999 0.2454055578125 0.5409339906249999 0.20674209999999998 0.57234805 0.19116931718750002 0.5864441031250001 0.1906323265625 0.5965127125 0.2088900703125 0.6126224859375 0.22553683593749999 0.611816996875 0.2840690140625 0.56389041875
0 0.4403338234375 0.563487675 0.453758634375 0.553419065625 0.4435557765625 0.5316708718750001 0.417243146875 0.532073615625 0.3624699140625 0.5361010578125 0.3511930734375 0.545364178125 0.3592479609375 0.5667096296875 0.3796536734375 0.5695288390625 0.4403338234375 0.563487675
0 0.607875471875 0.532879103125 0.6100234421875 0.52119951875 0.6003575765625 0.5107281640625 0.5718969765625 0.5079089546875 0.526789609375 0.5099226765625 0.516586753125 0.5147556078125 0.5230306625 0.5361010578125 0.53860344375 0.5429477125 0.594987653125 0.540531246875 0.607875471875 0.532879103125
0 0.6937942671874999 0.49663211250000006 0.686276371875 0.47971685 0.6723145671874999 0.46763451875 0.6476129140625 0.469245496875 0.6460019375 0.48213331562499995 0.6728515609375 0.5163665859375 0.6975532140625 0.5147556078125 0.6937942671874999 0.49663211250000006
0 0.44462976249999997 0.5192905109375 0.44570374687500003 0.5047917125 0.435500890625 0.49230663906250005 0.35173006562500003 0.49824309062500005 0.343675178125 0.5099226765625 0.3554890125 0.5281508859375 0.43120495156249994 0.5241234421875001 0.44462976249999997 0.5192905109375
0 0.57511893125 0.5031807359375 0.5906917140625 0.49351487031249996 0.581562840625 0.4774050984375 0.5627681046874999 0.47337765468750004 0.5219566765625 0.472974909375 0.5096058515624999 0.4822380296875 0.514975775 0.4987505484375 0.5337705109375 0.50438896875 0.57511893125 0.5031807359375
0 0.6669446437500001 0.45887885781250004 0.673388553125 0.4439773171875 0.6567417859375 0.41779893437500004 0.644390959375 0.40410562656250004 0.6255962234375 0.4020919046875 0.613245396875 0.4157852109375 0.634188103125 0.45485141406249996 0.649760884375 0.460892578125 0.6669446437500001 0.45887885781250004
0 0.5616941203125 0.4584761125 0.574044946875 0.4504212265625 0.5606201359375 0.431492240625 0.514975775 0.4302840078125 0.49671803125 0.435519684375 0.5015509640625 0.45565690156249994 0.5181977296875 0.460087090625 0.5616941203125 0.4584761125
0 0.26957021718749996 0.49995878125 0.2701072109375 0.48505724062500005 0.2427205953125 0.468544721875 0.17828149843750002 0.523720696875 0.1863363859375 0.5386222375 0.20137217500000001 0.5458716359375 0.21909292656249998 0.5450661484375 0.26957021718749996 0.49995878125
0 0.2684962328125 0.4212222609375 0.24970149687499998 0.40007818124999994 0.1847254078125 0.413771490625 0.16378270156250002 0.4250483328125 0.1772075140625 0.443574571875 0.19868721250000002 0.4443800609375 0.26151533125 0.42867303124999995 0.2684962328125 0.4212222609375
0 0.3554890125 0.3836945421875 0.4285199890625 0.390541196875 0.44248179218750006 0.3796670984375 0.43603788281250005 0.36516830312500004 0.41294720625 0.353891459375 0.3624699140625 0.3481241609375 0.3420642015625 0.35711341406249997 0.3431381859375 0.3732231890625 0.3554890125 0.3836945421875
0 0.4671834453125 0.3929576625 0.5198087078125 0.39738785 0.53591848125 0.39134668437500003 0.5402144203125 0.3800698421875 0.534844496875 0.3708067234375 0.5192717140625 0.3663765359375 0.4918850984375 0.36315458125 0.4612765296875 0.365973790625 0.44946269531249994 0.3748341671875 0.45214765625000003 0.38530551874999996 0.4671834453125 0.3929576625
0 0.7840090015625 0.3981933390625 0.7926008796875 0.39134668437500003 0.7850829859374999 0.3768478875 0.7657512578125 0.37201495625000003 0.7346056937500001 0.3704039796875 0.7249398296875 0.38087533125 0.733531709375 0.3937631515625 0.7474935140625 0.398998828125 0.7840090015625 0.3981933390625
0 0.8377082484375 0.4018180375 0.8543550140624999 0.39255491875000004 0.8543550140624999 0.38611100781249996 0.8371712546875001 0.37644514375 0.8049517078124999 0.3760424 0.7963598281250001 0.3857082640625 0.8049517078124999 0.3961796171875 0.81300659375 0.40060980468749996 0.8377082484375 0.4018180375
0 0.24433157187500001 0.395374128125 0.2556084140625 0.382486309375 0.23896164843749998 0.36436281406250004 0.21211202343750002 0.365571046875 0.19653924218750002 0.3671820234375 0.1594867625 0.3756396546875 0.1519688671875 0.3865137515625 0.1664676640625 0.4070537140625 0.184188415625 0.4102756703125 0.24433157187500001 0.395374128125
0 0.1761335296875 0.370001234375 0.2362766859375 0.3555024375 0.25131247343749996 0.3454338296875 0.2518494671875 0.332948753125 0.23466570781249999 0.3208664234375 0.18204044531250002 0.332546009375 0.1498208984375 0.34462834062500003 0.1492839046875 0.35791890312499997 0.16002375468750002 0.36758476875 0.1761335296875 0.370001234375
0 0.0961216515625 0.311200559375 0.10041759218749999 0.324491121875 0.17076360468750001 0.328115821875 0.1879473640625 0.3188527015625 0.1954652578125 0.30999232656250003 0.19116931718750002 0.2958962734375 0.1793554828125 0.285827665625 0.13317413125 0.28341120000000003 0.1159903734375 0.28743864218750004 0.0912887203125 0.28824413125000004 0.0961216515625 0.311200559375
0 0.0243257578125 0.269315146875 0.034528615624999995 0.27213435625 0.091986809375 0.278175521875 0.0935977859375 0.286230409375 0.11436865468749999 0.2866331546875 0.1385333171875 0.2830084546875 0.139070309375 0.2745508234375 0.12886745156249999 0.2640794703125 0.1057767765625 0.2620657484375 0.0843078171875 0.2596492828125 0.0635262078125 0.25562183906249997 0.0286216984375 0.261260259375 0.0243257578125 0.269315146875
0 0.2256979328125 0.25119165 0.2364377828125 0.2391093203125 0.2342898140625 0.22984620156250002 0.2128101140625 0.21695838125 0.18220154375 0.20769526093750001 0.1634068078125 0.2052787953125 0.1424641015625 0.20487605156250002 0.1354831984375 0.2185693578125 0.1446120703125 0.22823522187499998 0.2052922203125 0.2503861625 0.2256979328125 0.25119165
0 0.0839319234375 0.18237069687500002 0.06567417812500001 0.174315809375 0.0275477140625 0.169482878125 0.018955834375 0.1706911109375 0.0178818484375 0.1831761859375 0.0205668109375 0.191231071875 0.0205668109375 0.20129968125 0.0930607953125 0.2137364265625 0.10702259843749999 0.21091721562500002 0.110244553125 0.199640375 0.1043376359375 0.1859953953125 0.0839319234375 0.18237069687500002
0 0.30785778124999996 0.28950069375 0.3304114640625 0.29070892656249997 0.340614321875 0.2713771984375 0.32611552499999996 0.262114078125 0.3040988328125 0.25204546875 0.27134229374999996 0.23915765000000003 0.2573804890625 0.23835216093749997 0.24449267031250002 0.2488235140625 0.2439556765625 0.26090584375 0.2552325203125 0.272988175 0.30785778124999996 0.28950069375
0 0.460900634375 0.31890103125 0.47325146093750003 0.31527633125 0.4775474 0.299569303125 0.46841852812500007 0.29191715937499996 0.4442538671875 0.283862271875 0.41686725156250004 0.2774183640625 0.39914649999999996 0.2754046421875 0.39162860625 0.2870842265625 0.3943135671875 0.3027912578125 0.4125713109375 0.3100406546875 0.460900634375 0.31890103125
0 0.5908528109375 0.3414547140625 0.6037406296875 0.33742727031249997 0.6058886 0.324539453125 0.5978337125000001 0.316887309375 0.5795759687500001 0.3104434 0.5564852921875 0.303999490625 0.54037551875 0.30641595625 0.5307096546875 0.316887309375 0.536616571875 0.3309833625 0.5570222859375 0.33581629375 0.5908528109375 0.3414547140625
0 0.6783503640624999 0.3470931359375 0.6826463031250001 0.3362190375 0.67888735625 0.324539453125 0.6552596875 0.31890103125 0.6359279578125 0.3197065203125 0.6252203296875 0.320914753125 0.615017471875 0.3273586625 0.620387396875 0.340649225 0.6397191249999999 0.3470931359375 0.6783503640624999 0.3470931359375
0 0.734734571875 0.35071783437500004 0.7513813390624999 0.350315090625 0.7497703609374999 0.337830015625 0.740104496875 0.32574768593750003 0.7277536703124999 0.3221229859375 0.708958934375 0.320512009375 0.6949971296874999 0.3197065203125 0.6896272046874999 0.33138610625 0.6939231453125 0.3450794140625 0.71003291875 0.3491068578125 0.734734571875 0.35071783437500004
0 0.8185053968749999 0.356759 0.8292452453125 0.35192606875 0.8254862984375 0.34024648125 0.8120614875 0.3325943390625 0.7771569765625 0.328969640625 0.769102090625 0.33742727031249997 0.7744720140625 0.35152332343750003 0.7868228421875 0.354342534375 0.8185053968749999 0.356759
0 0.8700566734375 0.36078644375 0.8829444921875 0.35313430156250003 0.8770375765624999 0.342260203125 0.86414975625 0.33581629375 0.8426700578125 0.33178885 0.8308562234375 0.3354135484375 0.82763426875 0.341857459375 0.83568915625 0.3559535109375 0.8700566734375 0.36078644375
0 0.9103311078124999 0.3603836984375 0.9516795296874999 0.33903824843749997 0.9484575734374999 0.3333998265625 0.9097941171875 0.334205315625 0.8856294546875001 0.340649225 0.8818705078125 0.356759 0.8926103578125 0.3619946765625 0.9103311078124999 0.3603836984375
0 0.2782909765625 0.223853365625 0.31212150156249996 0.23150550625 0.32286135 0.19525851562500002 0.3174914265625 0.1847871625 0.289030825 0.174718553125 0.28473488593749996 0.179148740625 0.2782909765625 0.223853365625
0 0.0657815765625 0.1473641578125 0.07007751718750001 0.1393092703125 0.0668555625 0.1014513015625 0.0614856375 0.0881607375 0.034099021875 0.08332780625 0.02497015 0.0905772046875 0.0298030828125 0.136087315625 0.041616917187500005 0.14535043593750002 0.0657815765625 0.1473641578125
0 0.12485074843749999 0.073661940625 0.1377385671875 0.07567566406250001 0.15170037187500002 0.0696344984375 0.15384834218750001 0.0635933328125 0.1452564625 0.052719234375 0.1302206734375 0.043456115625 0.12216578593750001 0.034998484375 0.08779826874999999 0.018485965625 0.065244584375 0.026540851562500002 0.0663185703125 0.03741495 0.073299471875 0.048289048437499996 0.12485074843749999 0.073661940625
0 0.269301721875 0.131657128125 0.30098427656250004 0.1437394578125 0.31333510468750003 0.144947690625 0.32300096875 0.1348790828125 0.31763104375 0.12038028593750001 0.290244428125 0.110714421875 0.274671646875 0.10789521093750001 0.2596358578125 0.10829795625000001 0.2505069859375 0.1159500984375 0.2542659328125 0.1244077296875 0.269301721875 0.131657128125
0 0.389588034375 0.17072332968749998 0.40193886093750003 0.17193156406250001 0.4073087859375 0.1638766765625 0.40838277031250003 0.1505861125 0.3906620203125 0.1368928046875 0.34340668281250003 0.122796753125 0.32998187031250004 0.1364900609375 0.326759915625 0.1489751359375 0.34340668281250003 0.15703002187499998 0.389588034375 0.17072332968749998
0 0.5431678796875 0.17354254062500002 0.5565926921875 0.17354254062500002 0.5630366015625 0.1642794203125 0.551759759375 0.15461355625 0.5431678796875 0.14696141406250002 0.51900321875 0.1393092703125 0.5093373546875 0.14293396875 0.5023564515625 0.1521970890625 0.5088003609375 0.16146021093750001 0.5431678796875 0.17354254062500002
0 0.546389834375 0.1517943453125 0.5485378046875 0.1558217890625 0.5560556984375 0.161057465625 0.5667955484375 0.1602519765625 0.572702465625 0.15018336875 0.5705544953125 0.14253122499999998 0.5533707359375 0.13044889375 0.5222251734375 0.1139363765625 0.5028934453125 0.1292406609375 0.5093373546875 0.1389065265625 0.5195402109375 0.1389065265625 0.546389834375 0.1517943453125
0 0.255071421875 0.21587097187499998 0.2631263078125 0.2102325515625 0.2754771359375 0.178415746875 0.27118119531249996 0.169555371875 0.24970149687499998 0.161903228125 0.24057262499999998 0.169555371875 0.2266108203125 0.1977474765625 0.22983277656249998 0.2066078515625 0.255071421875 0.21587097187499998
0 0.21050104687500001 0.1925117984375 0.21909292656249998 0.182040446875 0.228758790625 0.155056575 0.1997611984375 0.14257150000000002 0.18741037031250002 0.1498208984375 0.1755965359375 0.1772075140625 0.18579939375 0.1876788671875 0.21050104687500001 0.1925117984375
0 0.4553696109375 0.2557426625 0.45912855781250006 0.247687775 0.45429562656250005 0.23077251250000003 0.44462976249999997 0.21425999375 0.42207607812500003 0.207413340625 0.4140211921875 0.2154682265625 0.42368705625 0.250104240625 0.4387228453125 0.25695089531250004 0.4553696109375 0.2557426625
0 0.45751758125 0.24970149687499998 0.46610946093749994 0.25775638437500004 0.490274121875 0.25775638437500004 0.49242209218750005 0.2505069859375 0.4838302125 0.22432860312499997 0.4736273546875 0.2126490171875 0.45590660468750005 0.2106352953125 0.4467777328125 0.220703903125 0.45429562656250005 0.2295642796875 0.45751758125 0.24970149687499998
0 0.4983290078125 0.24970149687499998 0.516586753125 0.253728940625 0.5284005859375001 0.250104240625 0.5310855484375 0.236813678125 0.5198087078125 0.2182874375 0.5101428421875001 0.20781608437500002 0.4881261515625 0.20459412968750001 0.4816822421875 0.220703903125 0.48920013593749995 0.237216421875 0.4983290078125 0.24970149687499998
0 0.529474571875 0.245271309375 0.5369924671875 0.254131684375 0.5611571265624999 0.2557426625 0.5681380296875 0.241243865625 0.5520282546875 0.21909292656249998 0.5380664515625 0.20982980625 0.5224936703124999 0.21103803906250002 0.5198087078125 0.220703903125 0.526789609375 0.2311752578125 0.529474571875 0.245271309375
0 0.563305096875 0.2488960078125 0.5676010375 0.25292345156249996 0.5885437421875 0.2549371734375 0.592302690625 0.2444658203125 0.5847847953125 0.22312036875 0.5729709609375 0.211843528125 0.5547132171875 0.2102325515625 0.5493432921875 0.2174819484375 0.5606201359375 0.2335917234375 0.563305096875 0.2488960078125
0 0.602505546875 0.250104240625 0.6186153203125 0.25695089531250004 0.6374100578124999 0.2428548421875 0.6309661484375 0.22835604687500002 0.6218372765625 0.21869018125 0.6084124640625 0.211843528125 0.5955246453124999 0.2150654828125 0.5890807359375 0.22191213593749998 0.5982096078125 0.2388274 0.602505546875 0.250104240625
0 0.7501784765624999 0.261783828125 0.76628825 0.26420029375 0.7759541140625 0.2605755953125 0.7732691515625 0.244063075 0.7614553171875 0.2271478140625 0.7469565203124999 0.220703903125 0.7303097546874999 0.23238349062500002 0.7421235890625 0.2484932640625 0.7501784765624999 0.261783828125
0 0.7759541140625 0.262186571875 0.7861569703125 0.269033225 0.8017297515624999 0.2654085265625 0.7947488500000001 0.245271309375 0.7866939640624999 0.2311752578125 0.767362234375 0.22674506874999997 0.761992309375 0.23198074531250001 0.7721951671875 0.2488960078125 0.7759541140625 0.262186571875
0 0.7974338125 0.2613810828125 0.8028037375 0.2694359703125 0.824820428125 0.270644203125 0.8291163671874999 0.2593673609375 0.8226724578125 0.24809051875 0.8140805796875 0.23923014375 0.7968968203125 0.23198074531250001 0.7866939640624999 0.2376191671875 0.793674865625 0.245271309375 0.7974338125 0.2613810828125
0 0.7093670484375 0.1703608609375 0.7141999796875 0.1594867625 0.7029231390625 0.15102913125 0.6932572734375 0.14176601093750002 0.6739255453124999 0.1329056359375 0.6615747187500001 0.144182478125 0.6631856953125 0.1542510859375 0.6997011828125 0.16995811562500002 0.7093670484375 0.1703608609375
0 0.7711211828125 0.18928984375 0.7695102046875 0.1796239796875 0.7576963703125 0.1731800703125 0.7469565203124999 0.16794439375 0.7265508078125 0.16633341562499998 0.7179589281250001 0.174791046875 0.728161784375 0.187276121875 0.7598443390625 0.19372003124999998 0.7711211828125 0.18928984375
0 0.8178395265624999 0.2058023625 0.8280423828125001 0.20096943125000002 0.8307273453124999 0.1856651453125 0.8135435859375001 0.1816377015625 0.782935015625 0.182443190625 0.7775650921875 0.1925117984375 0.7834720078124999 0.198552965625 0.8178395265624999 0.2058023625
0 0.8989253890625 0.224731346875 0.9123502 0.21587097187499998 0.9107392234375 0.20539961875 0.890333509375 0.20096943125000002 0.8656318562499999 0.2021776640625 0.86026193125 0.20982980625 0.8704647890625001 0.21909292656249998 0.8989253890625 0.224731346875
0 0.929533959375 0.23036976875 0.94134779375 0.22755055781250003 0.9402738078124999 0.2194956703125 0.9338298984375 0.211440784375 0.9193311015625 0.2066078515625 0.90483230625 0.2178846921875 0.9069802765625001 0.22312036875 0.929533959375 0.23036976875
0 0.9907511015624999 0.2335917234375 0.989677115625 0.22352311406249997 0.9703453859375 0.2215093921875 0.9579945609375 0.22432860312499997 0.9579945609375 0.23520270000000001 0.9832332062500001 0.2400356328125 0.9907511015624999 0.2335917234375
0 0.5735079546875 0.127669959375 0.5563241953125 0.1180040953125 0.5402144203125 0.1143793953125 0.53860344375 0.1208233046875 0.554176225 0.1292809359375 0.5600831421875 0.13814131093749998 0.57243396875 0.144182478125 0.5681380296875 0.15264010781249998 0.58317381875 0.157473040625 0.5955246453124999 0.1486126640625 0.5837108109375 0.136530334375 0.5735079546875 0.127669959375
0 0.5434363765625 0.115184884375 0.5600831421875 0.119212328125 0.5756559234374999 0.1268644703125 0.5826368265624999 0.136530334375 0.594987653125 0.14257150000000002 0.6046535171875 0.12485074843749999 0.5820998328125 0.10914371875 0.5654530671875 0.107129996875 0.5493432921875 0.10511627500000001 0.5434363765625 0.115184884375
0 0.5799518640625 0.1031025546875 0.5834423140625 0.0813543578125 0.5579351734375 0.0749104484375 0.553102240625 0.0998805984375 0.5708229921875 0.107129996875 0.5799518640625 0.1031025546875
0 0.5826368265624999 0.0745077046875 0.5847847953125 0.05477323125 0.5783408859375 0.045107367187500004 0.5590091578124999 0.041885412500000004 0.5504172781250001 0.0467183453125 0.5552502109375 0.069674771875 0.5756559234374999 0.076924171875 0.5826368265624999 0.0745077046875
0 0.65351983125 0.03342778125 0.649760884375 0.0261783828125 0.6411690046875 0.0177207515625 0.6266702078125 0.01731800625 0.6175413359374999 0.020942706250000002 0.6094864484375 0.018928984375 0.602505546875 0.0257756390625 0.6127084046875 0.0362469921875 0.6449279515625 0.043899134374999996 0.65351983125 0.03342778125
0 0.6352620875 0.018123495312499998 0.6411690046875 0.016109775 0.6309661484375 0.00845763125 0.61431938125 0.006041165625 0.602505546875 0.00845763125 0.5965986296875 0.0116795859375 0.6035795328125 0.0197344734375 0.61163441875 0.0193317296875 0.6245222390625 0.0193317296875 0.6352620875 0.018123495312499998
0 0.5627681046874999 0.0136933078125 0.5520282546875 0.009263120312500001 0.5434363765625 0.009263120312500001 0.5445103609374999 0.014498796875 0.5396774296875 0.023761915624999998 0.5428993828124999 0.0366497359375 0.5654530671875 0.0426909015625 0.5692120140625 0.029400337500000002 0.5627681046874999 0.0136933078125
0 0.63794705 0.009263120312500001 0.6347250953125 0.0048329328125 0.6250592312500001 0 0.584247803125 0.00040274375 0.5912287046875 0.0072493984375 0.5982096078125 0.0096658640625 0.6100234421875 0.0052356765625000004 0.63794705 0.009263120312500001
0 0.5380664515625 0 0.5353814890625 0.0052356765625000004 0.5563241953125 0.009263120312500001 0.5627681046874999 0 0.5380664515625 0