0 0.4978061828125 0.576592040625 0.5158717296875001 0.5624406953125 0.5166746421874999 0.5516013671875 0.5098498796875 0.541665315625 0.49499598593750005 0.5368478359375 0.484959571875 0.536245653125 0.46809839531249997 0.541665315625 0.4444124546875 0.5473860734375 0.42996001718750004 0.557623215625 0.41550757968749996 0.5657527109375 0.3938289234375 0.5744843921875 0.3902158140625 0.5841193515625 0.39061727031250004 0.5934532171875 0.40627407812499994 0.603991453125 0.42674836406249994 0.6064001921875 0.4444124546875 0.60188380625 0.4769304390625 0.5868291828125 0.4978061828125 0.576592040625
0 0.5198862953125001 0.6563815390625 0.53233145 0.6545749843750001 0.5520028234375001 0.646144396875 0.5632436078125 0.640122546875 0.586528090625 0.63078868125 0.6013819859375 0.6205515375 0.615031509375 0.6142285953125 0.6198489890625 0.6051958234375 0.61784170625 0.59616305 0.6130242265625 0.5889368312500001 0.600980528125 0.5814095203125 0.592951396875 0.5774953171874999 0.5837178953125 0.5762909484375001 0.5696669140624999 0.5805062421875 0.549995540625 0.589539015625 0.528718340625 0.6000772515625 0.5098498796875 0.6130242265625 0.49178433281249995 0.6298854046875 0.49218579062499995 0.6389181765624999 0.4937916171875 0.64072473125 0.5038280312500001 0.6494564140625 0.5198862953125001 0.6563815390625
0 0.5913455703125 0.693717003125 0.6057980078125 0.687695153125 0.6258708375 0.6789634734375001 0.6499582328125 0.6663175906250001 0.6664179546875 0.65818809375 0.67645436875 0.6485531359375 0.6768558265625 0.6395203609375 0.6736441734375 0.6322941421875 0.6620019312500001 0.626874478125 0.6527684296875 0.622659184375 0.6431334718749999 0.6211537234375 0.6282795765625 0.6220570000000001 0.61784170625 0.6262722953125001 0.6017834421875 0.6304875890625 0.5801047859375 0.64072473125 0.5652508921875 0.6500585984375 0.5487911703125 0.660295740625 0.542769321875 0.66390885 0.5411634953125 0.673543809375 0.5443751484375 0.6828776750000001 0.5524042796875 0.6898028015625 0.5692654578125 0.6955235578125001 0.5913455703125 0.693717003125
0 0.6700310640625 0.73195574375 0.73305975 0.6913082640625 0.7475121875 0.6873940625 0.7543369484375 0.6660164984375 0.7483151 0.6536717078125001 0.7418917953124999 0.6449400265625 0.7161985734375 0.6362083453125 0.707767984375 0.6362083453125 0.6888995234374999 0.6440367484375 0.6620019312500001 0.6593924640625 0.6407247328125 0.6747481796875 0.622257728125 0.6861896921875 0.6122213140625 0.7018464984375 0.6134256828125 0.7126858265625 0.6258708375 0.722621878125 0.6387174484375 0.72894481875 0.6571844515625 0.731353559375 0.6700310640625 0.73195574375
0 0.7370743156249999 0.7750119640625 0.82700059375 0.714793475 0.8274020500000001 0.698835575 0.8173656359375 0.6898028015625 0.7997015453125 0.679264565625 0.7908695 0.6753503640625 0.780431628125 0.6771569171875 0.7579500578125 0.686490784375 0.7350670328125 0.6997388515625 0.7109796359375 0.7159978453125 0.6953228296875 0.7262349875 0.6860893265625 0.7346655765625 0.6824762171875001 0.7397841484375001 0.6852864140625 0.75092456875 0.7005417656249999 0.7623660812499999 0.7105781796875 0.7689901156250001 0.7254320734374999 0.773205409375 0.7370743156249999 0.7750119640625
0 0.8057233937499999 0.8249933109375001 0.8225845703125 0.8213802015624999 0.841051575 0.8078310406250001 0.8968540421875 0.7626671734375 0.9040802609374999 0.74941910625 0.906489 0.740085240625 0.9004671515625 0.7310524671875 0.8844088875 0.7229229703125 0.8727666453125 0.7156967515625 0.8595185781250001 0.7135891046875 0.8366355515624999 0.7241273406250001 0.8141539828125 0.7352677609375 0.8009059140625 0.7476125515625001 0.786854934375 0.7590540640625 0.7724024953125 0.7698933921875 0.7599573421875 0.7795283515625 0.7543369484375 0.79277641875 0.7551398625 0.7981960828125 0.7631689953125 0.80873431875 0.7724024953125 0.8156594437500001 0.7880593046875 0.8219823859375 0.8057233937499999 0.8249933109375001
0 1 0.776216334375 0.9811599281250001 0.76838793125 0.9614885546874999 0.76387154375 0.9542623359375 0.7653770046874999 0.9329851359375001 0.7789261656249999 0.9141166765625 0.79428188125 0.8960511296875 0.8123474281249999 0.8815986921875 0.8264987734375 0.8715622765625 0.836735915625 0.8643360578125 0.8466719671874999 0.8651389703125 0.8605222187500001 0.8791899515624999 0.8716626406250001 0.887620540625 0.8794910437500001 0.9004671515625 0.8858139859374999 0.9161239578125 0.8897281874999999 0.92816765625 0.8924380187500001 0.9414157234375 0.8834052453125001 0.9651016640625001 0.8599200343750001 0.9847730374999999 0.8421555812499999 1 0.82168129375 1 0.776216334375
0 0.7615631671875 0.946032475 0.7370743156249999 0.9415160890625 0.7137898328125 0.94181718125 0.7021475921875 0.942720459375 0.6921111765625 0.9487423078124999 0.6897024359375 0.9984225609375 0.78364328125 1 0.7715995828125 0.9508499546875001 0.7615631671875 0.946032475
0 0.6628048453125001 0.8623287749999999 0.6254693812500001 0.8560058328125001 0.6057980078125 0.8545003718749999 0.5981703328125 0.8566080171875001 0.5756887625 1 0.6668194109375001 0.9996269312500001 0.6680237796874999 0.8659418828125001 0.6628048453125001 0.8623287749999999
0 0.5158717296875001 0.9394084406250001 0.53875475625 0.9385051640625001 0.5624406953125 0.9333865921875001 0.5664552609375 0.8924380187500001 0.5672581734375 0.861425496875 0.56765963125 0.8301118828125 0.5680610875000001 0.8078310406250001 0.5656523484375 0.784948015625 0.5536086499999999 0.7786250734375 0.5226964921875 0.776216334375 0.5002149218749999 0.7828403671874999 0.4913828765625 0.79729280625 0.48897413749999996 0.8370370093749999 0.47933917968750006 0.9162243234374999 0.4845581140625 0.9258592812499999 0.49620035625 0.9351931468749999 0.5158717296875001 0.9394084406250001
0 0.48054354843749997 0.741289609375 0.4765289828125 0.7271382656250001 0.46207654531250003 0.7178043984375 0.43437603906250005 0.715395659375 0.41430321093750005 0.7208153234375 0.4078799046875 0.735568853125 0.3978434890625 0.7668824671875 0.3930260109375 0.789163309375 0.38620124843750003 0.8156594437500001 0.384595421875 0.8325206218750001 0.3902158140625 0.840047934375 0.40225951249999997 0.8508872609375 0.4484270203125 0.8517905390625 0.4624780015625 0.8436610421875 0.47572607031249997 0.7894644015625001 0.48054354843749997 0.741289609375
0 0.37897502968749996 0.7132880125 0.38860998750000003 0.682275490625 0.3870041609375 0.662102296875 0.38138376875 0.6527684296875 0.3576978296875 0.6497575062500001 0.3432453921875 0.6497575062500001 0.33160315156250003 0.6521662453125 0.32277110468750003 0.670532884375 0.31353760468749997 0.68558750625 0.3111288640625 0.6997388515625 0.3063113859375 0.71057818125 0.30229681875000003 0.7232240640625001 0.2974793390625 0.7406874250000001 0.298683709375 0.7512256609375 0.3067128421875 0.75784969375 0.3255813015625 0.7662802828124999 0.3476614140625 0.7626671734375 0.3677342453125 0.7533333078125 0.3761648328125 0.7370743156249999 0.37897502968749996 0.7132880125
0 0.3083186671875 0.6106154859374999 0.3111288640625 0.60037834375 0.30510701562500003 0.593152125 0.2990851671875 0.58743136875 0.291056034375 0.5841193515625 0.2794137921875 0.583517165625 0.26857446406249996 0.585323721875 0.2493045484375 0.5937543109375001 0.23003463124999998 0.6054969156250001 0.21558219374999998 0.6151318734375 0.20353849531249998 0.6274766640625 0.1926991671875 0.6371116234375 0.1846700359375 0.644337840625 0.1918962546875 0.6563815390625 0.1916176640625 0.6576351984375 0.20875743125000001 0.664511034375 0.22561860781249998 0.6660164984375 0.2440856125 0.6554782609375 0.277406509375 0.63199305 0.2938662296875 0.6211537234375 0.3083186671875 0.6106154859374999
0 0.2641584421875 0.5696669140624999 0.2537205703125 0.5630428796875 0.23565502343750003 0.5597308640625 0.2220054984375 0.5594297703125 0.20795451874999998 0.5645483421875 0.1967137328125 0.5687636375 0.183867121875 0.5717745609375 0.1702175984375 0.5799040578125 0.15937827031250001 0.5877324609375 0.146933115625 0.5958619578125 0.140108353125 0.603991453125 0.1385025265625 0.609110025 0.1417141796875 0.616938428125 0.15255350781250002 0.62085263125 0.160233546875 0.627764665625 0.1806554703125 0.627175571875 0.197918103125 0.6184438906249999 0.2220054984375 0.6070023765625 0.25131183125 0.5898401078125 0.2633555296875 0.5799040578125 0.2641584421875 0.5696669140624999
0 0.15054622499999998 0.59435649375 0.1637942921875 0.5832160734375 0.1818598390625 0.57297893125 0.1959108203125 0.5687636375 0.20474286562500002 0.5621396015625 0.2175894765625 0.551902459375 0.22561860781249998 0.5419664078124999 0.21919530312500002 0.5305248953125 0.2099618015625 0.5239008625 0.1914947984375 0.5242019546875001 0.1782467296875 0.53112708125 0.1517505953125 0.5410631312499999 0.1385025265625 0.553407921875 0.125254459375 0.56424725 0.10959765156250001 0.5756887625 0.10879473906249999 0.5892379234375 0.1236486328125 0.59616305 0.140108353125 0.5988728812499999 0.15054622499999998 0.59435649375
0 0.133283590625 0.5305248953125 0.1196340671875 0.5232986765625001 0.1031743453125 0.5166746421874999 0.0887219078125 0.51637355 0.048576248437500004 0.5278150640625 0.032517984374999996 0.5350412828125 0.0188684609375 0.5488915359375001 0.0421529421875 0.576592040625 0.0770796671875 0.5645483421875 0.111203478125 0.5552144765625 0.1352908734375 0.5419664078124999 0.133283590625 0.5305248953125
0 0.09113064843749999 0.4576605234375 0.0618243171875 0.4612736328125 0.0421529421875 0.46669329687500005 0.024087395312500003 0.47181186718749996 0.0128466109375 0.4787369953125 0.0100364140625 0.4901785078125 0.0136495234375 0.49559817187500005 0.028904875000000003 0.49589926406249996 0.1348894171875 0.48445774999999996 0.1385025265625 0.47060749843750005 0.1272617421875 0.46006926249999996 0.09113064843749999 0.4576605234375
0 0.2725890296875 0.4727151453125 0.2741948578125 0.4612736328125 0.2673700953125 0.45254194999999997 0.2440856125 0.4504343046875 0.21959675937499998 0.447724471875 0.2007282984375 0.447724471875 0.1750350765625 0.4531441359375 0.15937827031250001 0.4570583375 0.14974331093749998 0.46368237187499994 0.1521520515625 0.4736184234375 0.154560790625 0.4799413640625 0.17463362031250002 0.48505993593749996 0.2059472359375 0.48174791875 0.2541220265625 0.4778337171875 0.2725890296875 0.4727151453125
0 0.3902158140625 0.44832665625 0.42393816875 0.445014640625 0.43798914843750003 0.43839060625000004 0.4371862359375 0.4302611109375 0.4327702140625 0.423034890625 0.4114930140625 0.4191206890625 0.3978434890625 0.4215294296875 0.384595421875 0.41821741250000005 0.3677342453125 0.4227337984375 0.35288035 0.42574472343750003 0.3396322828125 0.4302611109375 0.337625 0.43839060625000004 0.3352162609375 0.444713546875 0.345252675 0.45163867343749997 0.3548876328125 0.45555287499999997 0.37415755 0.4558539671875 0.3902158140625 0.44832665625
0 0.5780975015625 0.41159337812499996 0.5845208078125 0.40767917656249997 0.5809076984375 0.39894749531249996 0.5692654578125 0.395635478125 0.5584261296874999 0.3932267375 0.5487911703125 0.3947322015625 0.5359445593750001 0.39232346093750003 0.5243023171875001 0.395635478125 0.513864446875 0.39894749531249996 0.507441140625 0.4040660671875 0.503426575 0.40557152968750004 0.49981346562500006 0.4103890078125 0.5002149218749999 0.41791632031250003 0.5126600765625 0.423034890625 0.5303241671875 0.4212283375 0.5552144765625 0.41791632031250003 0.5780975015625 0.41159337812499996
0 0.45525178281249995 0.508244053125 0.43437603906250005 0.5061364078125 0.4074784484375 0.5139648109375 0.3938289234375 0.5205888437499999 0.38017939843750004 0.5308259890625 0.3649240484375 0.5371489296874999 0.3568949171875 0.5407620390625001 0.3548876328125 0.5485904421875001 0.356092003125 0.5579243078125 0.363719678125 0.5621396015625 0.3825881390625 0.5672581734375 0.4399964328125 0.5485904421875001 0.4773318953125 0.5326325421875 0.4725144171875 0.5178790125 0.45525178281249995 0.508244053125
0 0.42634690781250006 0.5061364078125 0.44280662812499993 0.5067385921875001 0.46729548125000003 0.5112549796875 0.4773318953125 0.508244053125 0.48295228906250004 0.49981346562500006 0.4833537453125 0.49078069218750003 0.477733353125 0.48445774999999996 0.46970422031250003 0.47723153125 0.45926634843749997 0.47572606874999995 0.4452153671875 0.47572606874999995 0.4335731265625 0.4787369953125 0.421127971875 0.48505993593749996 0.40547116406250006 0.49288833906249996 0.38941290156249997 0.5016200203125 0.3797779421875 0.5103517015625 0.3817852265625 0.5208899359375 0.3962376640625 0.5214921218749999 0.40627407812499994 0.5136637171875 0.42634690781250006 0.5061364078125
0 0.5700683703125 0.45254194999999997 0.557623215625 0.44742337968749996 0.5415649515625 0.4471222859375 0.5222950359375 0.44922993437500003 0.5082440546875 0.456155059375 0.49178433281249995 0.46368237187499994 0.4765289828125 0.470908590625 0.4733173296875 0.478134809375 0.4769304390625 0.48415665781249995 0.48937559375 0.49078069218750003 0.49499598593750005 0.49288833906249996 0.5206892078124999 0.48295228906250004 0.5580246734375 0.47181186718749996 0.5764916765625 0.46187581718750004 0.5700683703125 0.45254194999999997
0 0.6122213140625 0.48325338125000006 0.6318926859375 0.4799413640625 0.63309705625 0.4736184234375 0.6266737515624999 0.46849985 0.6098125734375001 0.465187834375 0.5921484828125 0.46398346406249996 0.5760902203125 0.4669943890625 0.5568203031250001 0.4748227921875 0.5475868015625001 0.4814468265625 0.542367865625 0.4865653984375 0.5491926265625 0.49589926406249996 0.5664552609375 0.5016200203125 0.5813091546875 0.4971036328125 0.5977688765625 0.49108178437500005 0.6122213140625 0.48325338125000006
0 0.658388821875 0.5061364078125 0.6748485421875 0.497404725 0.6760529125 0.48807085937499994 0.665213584375 0.4811457328125 0.6491553203125 0.478134809375 0.6375130796875 0.4787369953125 0.6242650109375 0.4823501046875 0.6114184 0.4856621203125 0.5961630484375 0.49318943125 0.5873310046875 0.498609096875 0.58291498125 0.509749515625 0.5837178953125 0.5106527937500001 0.5949586796874999 0.5181801046875 0.6138271390625001 0.5211910296875 0.6298854046875 0.514265903125 0.658388821875 0.5061364078125
0 0.6925126328125 0.5455795171875 0.7161985734375 0.535342375 0.7342641203125 0.5269117859375 0.743899078125 0.5208899359375 0.7463078171874999 0.5100506078125 0.7410888812499999 0.5037276671875001 0.7322568359375 0.49951237343750005 0.7178043984375 0.4971036328125 0.7065636140625 0.4965014484375 0.694118459375 0.49770581875 0.6816733046875 0.498609096875 0.66882669375 0.5076418703125001 0.65437425625 0.514265903125 0.6483524078125 0.5190833828125 0.6419291015625 0.5239008625 0.6379145359375 0.530223803125 0.636710165625 0.536245653125 0.6483524078125 0.543170778125 0.6599946484375 0.54708498125 0.6752499984375 0.54949371875 0.6925126328125 0.5455795171875
0 0.7631689953125 0.5732800234375001 0.779628715625 0.5672581734375 0.8009059140625 0.5567199390625001 0.8145554390624999 0.5509991828125 0.8221831140625 0.541665315625 0.8193729187500001 0.5335358203125 0.8073292203125 0.5263096015625 0.7892636734375 0.5214921218749999 0.7752126921875 0.5223954 0.758351515625 0.5254063234374999 0.7463078171874999 0.527513971875 0.7306510109375 0.538955484375 0.7166000296874999 0.545278425 0.707767984375 0.5528057375000001 0.7037534171875001 0.5594297703125 0.7053592453124999 0.5660538046875 0.7170014859375 0.5738822078125 0.7322568359375 0.5799040578125 0.7434976203125 0.5768931328125 0.7631689953125 0.5732800234375001
0 0.8370370078124999 0.60489473125 0.8639346015625 0.5889368312500001 0.8775841249999999 0.58291498125 0.8844088875 0.5756887625 0.8848103437500001 0.5681614515625 0.8771826687500001 0.5615374171874999 0.859117121875 0.5549133828125 0.8438617703125001 0.5528057375000001 0.8298107890624999 0.5552144765625 0.8121467000000001 0.561236325 0.794884065625 0.5726778390625 0.7784243453124999 0.5814095203125 0.7720010390625001 0.5901411999999999 0.773205409375 0.598270696875 0.7916724140625 0.6070023765625 0.8097379609375001 0.61181985625 0.8213802015624999 0.612723134375 0.8370370078124999 0.60489473125
0 0.909299196875 0.637412715625 0.92816765625 0.622659184375 0.9442259203125 0.6139275046875 0.9510506828124999 0.6045936390625 0.9506492265625001 0.5970663265625 0.945430290625 0.588334646875 0.9301749390625 0.583517165625 0.9169268718750001 0.580807334375 0.9012700640625001 0.580807334375 0.8916351062500001 0.585323721875 0.8755768421875001 0.5958619578125 0.859117121875 0.6070023765625 0.84908070625 0.6157340578125 0.8438617703125001 0.6220570000000001 0.8422559453125 0.6280788484375 0.8643360578125 0.6380149 0.8799928640625 0.64373565625 0.8896278234375 0.646144396875 0.909299196875 0.637412715625
0 0.766380646875 0.4654889265625 0.7764170625 0.4582627078125 0.7748112359375 0.4480255640625 0.7675850171875 0.43899279062499996 0.7471107296875 0.43236875625 0.7310524671875 0.4287556484375 0.7214175078125 0.4293578328125 0.7069650703125 0.4278523703125 0.6929140890625 0.429056740625 0.6788631078125 0.4335731265625 0.6760529125 0.4407993453125 0.6768558265625 0.44832665625 0.6844835015624999 0.45254194999999997 0.7182058546875 0.45946707656249997 0.7378772296875 0.465187834375 0.7475121875 0.46729548125000003 0.766380646875 0.4654889265625
0 0.8639346015625 0.4989101890625 0.8791899515624999 0.4934905234375 0.8872190828125 0.4877697671875 0.881197234375 0.47843590156250004 0.8655404265625 0.472112959375 0.8547010984375 0.4669943890625 0.8390442921875 0.46368237187499994 0.8274020500000001 0.46277909531250006 0.819774375 0.46277909531250006 0.8061248515624999 0.460671446875 0.7936796953125 0.461574725 0.7816359984375 0.46639220468750003 0.7776214328125 0.472112959375 0.78364328125 0.47903808750000004 0.8153583515625 0.48626430625 0.841051575 0.4937916171875 0.8494821640625 0.4989101890625 0.8639346015625 0.4989101890625
0 1 0.503426575 0.996415278125 0.50222220625 0.9799555578125 0.49981346562500006 0.9586783578125001 0.4989101890625 0.9422186375000001 0.4971036328125 0.9205399812499999 0.5016200203125 0.9149195890625 0.5079429625 0.9141166765625 0.515771365625 0.9197370671874999 0.518782290625 0.9257589171875 0.52510523125 0.9374011578125 0.5305248953125 0.9478390296875 0.530223803125 0.9590798140624999 0.5350412828125 0.9823642984375001 0.540460946875 1 0.5491926265625 1 0.503426575
0 0.6551771703125 0.37907539375 0.6459436671875001 0.37606446875 0.6355057953125 0.375462284375 0.6258708375 0.375462284375 0.614630053125 0.375161190625 0.6033892671875 0.38058085468749997 0.5933528531250001 0.38479615 0.5885353734375001 0.3887103515625 0.5913455703125 0.3950332921875 0.59656450625 0.397140940625 0.60419218125 0.40075405000000003 0.628681034375 0.39894749531249996 0.6555786265625 0.389914721875 0.66119901875 0.38479615 0.6551771703125 0.37907539375
0 0.7463078171874999 0.4046682515625 0.751125296875 0.39834531093750003 0.7426947078125 0.3932267375 0.7278408140625 0.3914201828125 0.7125854640625 0.3917212765625 0.7029505046875 0.394130015625 0.6913082640625 0.3992485875 0.6808703921875 0.4049693453125 0.6840820453124999 0.413098840625 0.6860893265625 0.41460430156249994 0.7001403078124999 0.4170130421875 0.7105781796875 0.415808671875 0.7310524671875 0.4091846390625 0.7463078171874999 0.4046682515625
0 0.809336503125 0.37305354375 0.7960884359375 0.3706448046875 0.787256390625 0.3694404359375 0.772803953125 0.370945896875 0.7595558859375 0.3727524515625 0.743899078125 0.37756993125 0.7422932515625 0.3835917796875 0.7451034484375 0.389914721875 0.7631689953125 0.3947322015625 0.7860520203125 0.389914721875 0.801708828125 0.384193965625 0.8141539828125 0.37907539375 0.809336503125 0.37305354375
0 0.7250306171875 0.36010657031250004 0.7129869203125 0.35619236718749997 0.6993373953125 0.354987996875 0.6888995234374999 0.35468690468749997 0.67645436875 0.35619236718749997 0.6644106703125 0.359504384375 0.6555786265625 0.365225140625 0.6535713421875 0.37245135937499996 0.6624033890625001 0.3769677453125 0.6712354328125001 0.3802797640625 0.6880966109375 0.379677578125 0.7093738109375 0.373956821875 0.7246291609375 0.37034371250000003 0.7250306171875 0.36010657031250004
0 0.783241825 0.3396322828125 0.7675850171875 0.33752463593750004 0.7563442328125001 0.3384279125 0.7414903390625 0.34264320625 0.7358699453125 0.34595522343749996 0.7338626625 0.3534825359375 0.7451034484375 0.35799892187500004 0.7740083234374999 0.354987996875 0.7940811531249999 0.34866505625 0.7972928046875001 0.34264320625 0.783241825 0.3396322828125
0 0.0726636453125 0.41249665625 0.0333208984375 0.41821741250000005 0.0385398328125 0.445014640625 0.0558024671875 0.447724471875 0.07948840625 0.4435091765625 0.0726636453125 0.41249665625
0 0.1368967 0.44290699218749996 0.140108353125 0.4302611109375 0.140108353125 0.4197228734375 0.1385025265625 0.4112922859375 0.132480678125 0.4091846390625 0.1196340671875 0.4085824546875 0.1059845421875 0.410087915625 0.0991597796875 0.4127977484375 0.09755395312500001 0.417615228125 0.09996269218750001 0.442003715625 0.10558308593750002 0.445616825 0.1216413484375 0.445616825 0.1368967 0.44290699218749996
0 0.20313703906249997 0.43598186562499996 0.21116617031249998 0.43236875625 0.2039399515625 0.4212283375 0.198319559375 0.413098840625 0.1935020796875 0.404367159375 0.1842685796875 0.40105514218750005 0.1674074015625 0.40286169687499995 0.154560790625 0.40617371406249997 0.1521520515625 0.40948573125000004 0.15576516093749998 0.41791632031250003 0.1605826390625 0.423637075 0.1678088578125 0.43598186562499996 0.1714219671875 0.442003715625 0.18667731875 0.4417026234375 0.20313703906249997 0.43598186562499996
0 0.3247783890625 0.41069009999999995 0.3147419734375 0.40195842031250006 0.30550847187499997 0.394130015625 0.2962749703125 0.3881081671875 0.2834283578125 0.38750598125 0.27018029062500004 0.38840925937500004 0.25893950625 0.3926245546875 0.25813659218749996 0.39804421875 0.2593409625 0.404367159375 0.2633555296875 0.40978682343750006 0.2818225328125 0.423034890625 0.29466914375000003 0.424540353125 0.3119317765625 0.4227337984375 0.323975475 0.41821741250000005 0.3247783890625 0.41069009999999995
0 0.05058353125 0.3802797640625 0.036532550000000004 0.379978671875 0.0228830265625 0.376666653125 0.011240784375 0.375462284375 0.00040145625 0.37636556250000003 0.00040145625 0.398646403125 0.007627675 0.3992485875 0.0349267234375 0.39683984843750003 0.054999554687499994 0.3953343859375 0.05740829374999999 0.38479615 0.05058353125 0.3802797640625
0 0.1417141796875 0.365225140625 0.1063859984375 0.36853715781249996 0.0955466703125 0.37726883906249997 0.0835029734375 0.38058085468749997 0.07868549375 0.386903796875 0.08631316875 0.39292564531249996 0.146933115625 0.3881081671875 0.15857535625000002 0.38118304062499997 0.15576516093749998 0.37034371250000003 0.1417141796875 0.365225140625
0 0.22722443593750002 0.349568334375 0.1926991671875 0.3525792578125 0.17222488125 0.3543858125 0.17102051093749998 0.366730603125 0.17182342343749998 0.37606446875 0.176640903125 0.3823874109375 0.2645598984375 0.37305354375 0.2569322234375 0.3576978296875 0.24368415468750002 0.353783628125 0.22722443593750002 0.349568334375
0 0.34565413125 0.35468690468749997 0.3384279125 0.346557409375 0.327187128125 0.3423421140625 0.313136146875 0.343847578125 0.3002895359375 0.345051946875 0.28623855468750004 0.34866505625 0.28021670625 0.354987996875 0.2713846609375 0.3576978296875 0.27018029062500004 0.362214215625 0.27459631406249996 0.36853715781249996 0.28101961875 0.369741528125 0.298282253125 0.36853715781249996 0.3207638234375 0.362214215625 0.3360191734375 0.35860110624999997 0.34565413125 0.35468690468749997
0 0.3874056171875 0.3284918625 0.3797779421875 0.3245776609375 0.3677342453125 0.3257820296875 0.3540847203125 0.32728749218750003 0.3476614140625 0.3299973234375 0.3352162609375 0.3360191734375 0.3308002375 0.33752463593750004 0.3308002375 0.3417399296875 0.337625 0.34535303906250003 0.34966869843750004 0.3468585015625 0.3781721171875 0.343847578125 0.38820853125 0.3447508546875 0.391420184375 0.3387290046875 0.3874056171875 0.3284918625
0 0.36853715781249996 0.40798026875 0.37576337656250003 0.40346388125 0.369741528125 0.3932267375 0.355690546875 0.38449505781250004 0.3432453921875 0.3808819484375 0.33039878125 0.38268850312499997 0.3183550828125 0.38208631875 0.3018953625 0.3866027046875 0.31594634374999997 0.4013562359375 0.33120169375 0.40647480625 0.34204102187499996 0.41099119218749997 0.3520774375 0.41159337812499996 0.36853715781249996 0.40798026875
0 0.377369203125 0.37305354375 0.3609094828125 0.37034371250000003 0.345252675 0.3748600984375 0.3368220859375 0.3823874109375 0.345252675 0.3817852265625 0.356493459375 0.38509724218749997 0.3645225921875 0.38901144374999996 0.3717488109375 0.39352783125 0.3797779421875 0.39834531093750003 0.39663912031250004 0.395635478125 0.406675534375 0.391119090625 0.3962376640625 0.379978671875 0.377369203125 0.37305354375
0 0.406675534375 0.35619236718749997 0.3930260109375 0.35860110624999997 0.3781721171875 0.3592032921875 0.36853715781249996 0.3664295109375 0.37054444062499997 0.37245135937499996 0.3793764859375 0.373956821875 0.39061727031250004 0.3778710234375 0.3982449453125 0.3808819484375 0.413500296875 0.38449505781250004 0.43156584374999996 0.3817852265625 0.43758769218750004 0.37907539375 0.4359818671875 0.37034371250000003 0.4235367109375 0.3613109390625 0.406675534375 0.35619236718749997
0 0.464083828125 0.3598054765625 0.456456153125 0.355289090625 0.442003715625 0.3525792578125 0.43036147343750003 0.352278165625 0.4191206890625 0.355891275 0.41109155781249995 0.3570956453125 0.420726515625 0.3613109390625 0.427952734375 0.36462295624999996 0.4367847796875 0.3712469890625 0.4448139109375 0.3748600984375 0.46047071875 0.37425791406250003 0.47171150468749995 0.3712469890625 0.470908590625 0.365225140625 0.464083828125 0.3598054765625
0 0.4845581140625 0.3483639640625 0.4721129609375 0.345051946875 0.4608721765625 0.34414866875 0.44601828125000004 0.3444497609375 0.435580409375 0.34715959375 0.4323687578125 0.3540847203125 0.4436095421875 0.352278165625 0.45284304375 0.355289090625 0.46287945781250006 0.3589021984375 0.4721129609375 0.3637196796875 0.48054354843749997 0.3670316953125 0.4909814203125 0.36462295624999996 0.4978061828125 0.361913125 0.492587246875 0.3534825359375 0.4845581140625 0.3483639640625
0 0.5491926265625 0.3429443 0.535141646875 0.3360191734375 0.5222950359375 0.3330082484375 0.51105425 0.33210497031249997 0.5006163796875 0.33210497031249997 0.4825508328125 0.33270715625 0.47532461406250004 0.33361043437500004 0.470908590625 0.340535559375 0.47131004687500005 0.343546484375 0.48375520156249996 0.346256315625 0.4941930734375 0.34986942656250003 0.507441140625 0.3567945515625 0.5078425984375 0.3573967375 0.5202877515625 0.3598054765625 0.53875475625 0.3567945515625 0.5475868015625001 0.3525792578125 0.5491926265625 0.3429443
0 0.5700683703125 0.3236743828125 0.5596304984375 0.315845978125 0.550396996875 0.3119317765625 0.5339372765625 0.30771648281249997 0.5271125140625 0.3095230375 0.521893578125 0.3122328703125 0.521893578125 0.31976018125 0.5295212546875 0.32337329062500003 0.5407620390625001 0.326083121875 0.549995540625 0.3309006015625 0.5600319546875 0.337825728125 0.56846254375 0.337825728125 0.578498959375 0.33421261874999997 0.5813091546875 0.3287929546875 0.5700683703125 0.3236743828125
0 0.5347401890625 0.3354169890625 0.5520028234375001 0.3423421140625 0.561236325 0.340836653125 0.557623215625 0.3345137109375 0.5479882578125 0.3299973234375 0.53875475625 0.32548093749999996 0.5303241671875 0.3230721984375 0.5194848390625 0.31945908749999996 0.5058353140625 0.3188569046875 0.49218579062499995 0.3200612734375 0.482149375 0.323975475 0.48415665781249995 0.3309006015625 0.5046309453125 0.33210497031249997 0.51828046875 0.3330082484375 0.5347401890625 0.3354169890625
0 0.6142285953125 0.31976018125 0.6013819859375 0.3128350546875 0.5901411999999999 0.30922194531249997 0.56846254375 0.3107274078125 0.557623215625 0.3122328703125 0.56083486875 0.31705035000000004 0.5692654578125 0.32277110625 0.58211206875 0.3315027875 0.5941557671875 0.33270715625 0.6102140296874999 0.329094046875 0.61784170625 0.32728749218750003 0.6142285953125 0.31976018125
0 0.499412009375 0.275499590625 0.48174791875 0.27489740625 0.4737187859375 0.2773061453125 0.470908590625 0.2884465671875 0.48174791875 0.295672784375 0.5299227109375 0.2926618609375 0.524703775 0.2839301796875 0.514265903125 0.2794137921875 0.499412009375 0.275499590625
0 0.579301871875 0.27489740625 0.5664552609375 0.2730908515625 0.5451780609375 0.2767039609375 0.5379518421875 0.280015978125 0.5407620390625001 0.28784438125 0.54638243125 0.291457490625 0.572075653125 0.29115639843749996 0.593754309375 0.285736734375 0.5941557671875 0.2791127 0.579301871875 0.27489740625
0 0.6551771703125 0.30380228125 0.6427320140624999 0.2998880796875 0.6282795765625 0.2968771546875 0.61784170625 0.29898480156249996 0.6106154859374999 0.29838261718750003 0.5977688765625 0.29928589375 0.5981703328125 0.306211021875 0.6029878109375 0.3113295921875 0.6334985140625 0.3221689203125 0.6527684296875 0.3185558109375 0.6599946484375 0.314641609375 0.6551771703125 0.30380228125
0 0.6668194109375001 0.2935651375 0.6571844515625 0.2899520296875 0.6411261890625 0.2932640453125 0.63309705625 0.29236076875 0.61864461875 0.29446841562500004 0.622257728125 0.29898480156249996 0.63309705625 0.2965760625 0.643534928125 0.2995869859375 0.6535713421875 0.30289900468750003 0.6603961046875 0.3098241296875 0.6672208671875001 0.3128350546875 0.680067478125 0.3107274078125 0.6824762171875001 0.30711429843750004 0.6780601953125001 0.2968771546875 0.6668194109375001 0.2935651375
0 0.7920738703125 0.2643591703125 0.7675850171875 0.2616493390625 0.7567456890625001 0.26466026249999997 0.7523296671875 0.27248866562499996 0.7571471453124999 0.27640286875000003 0.8041175671874999 0.2863389203125 0.8153583515625 0.280015978125 0.8101394171875 0.272187575 0.7920738703125 0.2643591703125
0 0.6110169437499999 0.265563540625 0.600177615625 0.2730908515625 0.6013819859375 0.2794137921875 0.6182431625 0.28122034687499997 0.6499582328125 0.274295221875 0.6447392984375 0.26345589375 0.6391189046875 0.25743404375 0.6110169437499999 0.265563540625
0 0.7258335312499999 0.26345589375 0.72663644375 0.2571329515625 0.7246291609375 0.250207825 0.71138109375 0.248100178125 0.7029505046875 0.249605640625 0.6860893265625 0.2550253046875 0.6804689359375 0.261047153125 0.6848849578125 0.265563540625 0.6993373953125 0.26797227968750004 0.7258335312499999 0.26345589375