0 0.7430907578125 0.085871840625 0.7258262546875 0.0719263125 0.700955490625 0.0853782734375 0.6655912234375 0.11505241718749999 0.6509660859374999 0.12856054687500001 0.660549034375 0.1477154828125 0.7068529 0.2868720109375 0.73984133125 0.30740249531249997 0.775851946875 0.2895478125 0.80116449375 0.2633633390625 0.8073970953125 0.2420632109375 0.7937258296875 0.17936389531250002 0.7752495953125 0.112043159375 0.7430907578125 0.085871840625
0 0.4213177625 0.091328675 0.40199560781250004 0.06056700625 0.37300954062499997 0.040386684374999995 0.3510153625 0.044007815625 0.305610034375 0.098177765625 0.30650358125 0.21857374375 0.3232559953125 0.295994203125 0.3378378171875 0.3233163984375 0.3795312984375 0.33654247812500004 0.4164737875 0.32532294687499996 0.42510354375 0.2958304609375 0.4244308890625 0.169068228125 0.4213177625 0.091328675
0 0.2762298078125 0.24768499687499998 0.2641744109375 0.2145343375 0.239928678125 0.1977934890625 0.17308389531249999 0.27613418125 0.1964134046875 0.380176515625 0.21797645625 0.41029402968750006 0.238025921875 0.42313887812499995 0.27472053125 0.428197696875 0.29834690468749997 0.4232069890625 0.2998285140625 0.37746124999999997 0.29127473125000003 0.3042869515625 0.2762298078125 0.24768499687499998
0 0.19387065 0.4169232078125 0.176170034375 0.36378582656249997 0.16344129999999998 0.3287278 0.1410216671875 0.31416321406250003 0.074139240625 0.381409865625 0.1094651796875 0.46549654843750005 0.1245264328125 0.4911802703125 0.14400484687499998 0.5143937390625 0.21209900468749998 0.5005222953125 0.205511253125 0.45289428750000005 0.19387065 0.4169232078125
0 0 0.5385712500000001 0.0106767828125 0.5632240296875 0.033107075 0.5987947499999999 0.053415078125 0.6163673828125 0.097661971875 0.613852903125 0.1204857421875 0.604590934375 0.12478996093750001 0.5688385578124999 0.10545714843750001 0.51707075 0.08225123749999999 0.4673166765625 0.060639879687499995 0.4050989859375 0.0092448390625 0.3913602125 0 0.39999713125 0 0.5385712500000001
0 0.24909910000000002 0.7921188078125 0.253413978125 0.777372565625 0.24866298437499998 0.75292695625 0.235179953125 0.74569784375 0.21657944062499998 0.7489437171875 0.1899365515625 0.7403952265625 0.168513428125 0.7336477390625 0.145264203125 0.7247239875 0.12893157500000002 0.7174136125 0.10184690156250001 0.7215976328125 0.0856272140625 0.7475693796875 0.09194576875 0.7694634671875 0.113212634375 0.7837591578125 0.1409436546875 0.791394596875 0.1714972859375 0.8090233984375 0.197817 0.8116621578125001 0.223334109375 0.8100296578125 0.23738819531250002 0.8068901500000001 0.24909910000000002 0.7921188078125
0 0.28223879687500003 0.732170590625 0.29116474062500003 0.7184999296875 0.2664395765625 0.7033975515625001 0.2399529453125 0.687300859375 0.213854121875 0.67829584375 0.183402775 0.6729430296875 0.158041921875 0.6670273265625 0.139349784375 0.679003346875 0.1253709953125 0.7043309375 0.1478552625 0.7200774703125 0.1709482296875 0.7365494234375001 0.19928795 0.7449102843750001 0.22397546875000002 0.74891861875 0.24907778125000002 0.7501065375 0.2687017921875 0.74476566875 0.28223879687500003 0.732170590625
0 0.3645702890625 0.6976993375 0.36042799531249997 0.67397915 0.3470096 0.667931984375 0.3198496328125 0.649927925 0.2926896671875 0.6319238640625 0.2662030359375 0.6158271734375 0.24075055937499998 0.6186416171875 0.22525818281249999 0.626696540625 0.2104228125 0.6675770625 0.2271432484375 0.681979115625 0.25641484531250003 0.696975128125 0.2813339125 0.71562334375 0.319089665625 0.72968120625 0.338972215625 0.7290681218749999 0.35942581875 0.7180864171875 0.3645702890625 0.6976993375
0 0.39142340937500003 0.6788754390625 0.4081331875 0.67227135625 0.4230438515625 0.6535789171874999 0.4206630265625 0.63085304375 0.40198721875 0.6119108359375 0.3580798265625 0.5894168171875 0.3206096015625 0.5701746437499999 0.299768190625 0.5740646703125 0.2791853171875 0.582682484375 0.268756446875 0.6000866125 0.271487434375 0.618810121875 0.2857084359375 0.6291285453125 0.30691066718750004 0.6422422890624999 0.3290717609375 0.652079090625 0.349121228125 0.6649239390624999 0.375764115625 0.6734724296875 0.39142340937500003 0.6788754390625
0 0.4335643453125 0.627444640625 0.4448981015625 0.62658775625 0.4610638140625 0.6204402 0.47473008906249997 0.6102090140625 0.471648940625 0.59548786875 0.4608485921875 0.5748820921875 0.4414348140625 0.5528505703125 0.41446875 0.5383923484375 0.39204911875000004 0.5238277625000001 0.3637093984375 0.5154669015625 0.33614529531250004 0.5212893953125 0.325781059375 0.5398754703125 0.3284474125 0.55741703125 0.3383158890625 0.571387659375 0.3555803921875 0.5853331875000001 0.3718483859375 0.5914616171875 0.39141841875 0.6059449375 0.40788031875 0.61561920625 0.423254084375 0.6262065265625 0.4335643453125 0.627444640625
0 0.51153265 0.57561945625 0.5249134 0.57057258125 0.5385150421875 0.5591594484375 0.5424797578125 0.5484155687500001 0.534593640625 0.5290730031249999 0.4965686890625 0.48928121718749995 0.4651478203125 0.4661992125 0.4474038875 0.45389215624999996 0.4344379328125 0.4561186140625 0.420098321875 0.464442434375 0.4079996078125 0.47212209843749997 0.401858628125 0.484692078125 0.41355320625 0.5008389671875 0.4319434859375 0.5249654859375 0.44629375781249997 0.5376478031249999 0.47082501718750003 0.549204340625 0.4874808203125 0.5624244468749999 0.501222390625 0.5743813421875 0.51153265 0.57561945625
0 0.6040614578125 0.5091041984375 0.602133075 0.4946519484375 0.588353859375 0.4716010125 0.5692256078125 0.4443851796875 0.5467036937499999 0.41754460781249997 0.5292452859375001 0.40005324218749994 0.5085601328125 0.3963950671875 0.4876270984375 0.40901524375 0.47441326562499997 0.427520053125 0.5021279562500001 0.46607372187499996 0.5245206015625 0.49055040156249996 0.545345684375 0.5175786046875 0.5623516484375 0.5267963484375 0.5744233750000001 0.529028778125 0.5866513578125 0.5237130062500001 0.6040614578125 0.5091041984375
0 0.8258889796875 0.40332058281250005 0.8352943515625 0.38801145 0.8323318125 0.3546480609375 0.8177769796875 0.317413771875 0.797275071875 0.29629530000000004 0.78206821875 0.2991659125 0.7564594875 0.3095285625 0.733802634375 0.3322484625 0.7456264796875 0.35075924375 0.7618135109375 0.38662395781250003 0.7661766953125 0.4039778921875 0.7824177015625 0.4200184171875 0.7917690984375 0.4245334734375 0.8084142421875 0.4167474453125 0.8258889796875 0.40332058281250005
0 0.8636390625000001 0.46930281249999994 0.8528387109375 0.448697034375 0.8380736453125 0.438835134375 0.819031346875 0.4548135203125 0.800053684375 0.4719738515625 0.8148024218750001 0.51275398125 0.8256943953125001 0.524629609375 0.8437238546874999 0.5317523578125 0.8610423328125 0.525873696875 0.8776228406250001 0.516905721875 0.8793090140625001 0.49571195625 0.8636390625000001 0.46930281249999994
0 0.7118127656250001 0.5336549609375 0.691116953125 0.5089906515625 0.6759747375 0.5130432125 0.6566739015625 0.5242938125000001 0.656711546875 0.535387853125 0.6742992250000001 0.5552431125 0.6889726671874999 0.573835159375 0.7032852921875 0.575423434375 0.7146190484375 0.5745665515625 0.722327590625 0.55944505 0.7118127656250001 0.5336549609375
0 0.6840867359375 0.598950021875 0.6681958906250001 0.578907134375 0.6481734140625 0.556150190625 0.6331874546875 0.5526545484375001 0.6187185734375 0.5586144749999999 0.6061134406249999 0.5778447046874999 0.61889615 0.59307854375 0.6429856265625 0.6173675937499999 0.653619059375 0.6245154390625001 0.6725051 0.61608525625 0.6846038140624999 0.6084055921875 0.6840867359375 0.598950021875
0 0.641143196875 0.6461095609374999 0.62979878125 0.6259603078125 0.6125342781249999 0.6120147796875 0.5889618796875 0.5971812984375 0.5793249546875 0.5978505515625 0.5588713515625 0.60883225625 0.553080534375 0.6173998734375 0.56144608125 0.6351039671875001 0.579448553125 0.652138809375 0.599627290625 0.66734755 0.6105462515625 0.6693110859375 0.6282148890625 0.6594300609375 0.641143196875 0.6461095609374999
0 0.580272478125 0.6984223390625 0.5930445265625 0.6926500437499999 0.5947683453125 0.6825503203125 0.5829445 0.6640395375 0.55863413125 0.64611674375 0.5398667015624999 0.6359046828125 0.5229630171874999 0.638962925 0.5145811421875 0.6521770625000001 0.5044378 0.66439688125 0.514370909375 0.679549453125 0.5281771140625 0.6926882937500001 0.5526437390625001 0.7030628875 0.5632125390625 0.7090287859375 0.580272478125 0.6984223390625
0 0.5298739453125 0.692500665625 0.5047339843749999 0.68021870625 0.4848784234375 0.6709196953125 0.461704490625 0.6841840296874999 0.4508231796875 0.693314534375 0.45810059687500004 0.711931678125 0.4770619296875 0.7256895765625 0.4975261921875 0.7357140078125 0.5135356468750001 0.7371146546875 0.5322277828125 0.72513863125 0.540545025 0.7107425515625 0.5298739453125 0.692500665625
0 0.488029196875 0.7597532890625 0.49704676093750005 0.7373524796875001 0.4868281234375 0.7273842171875 0.454615309375 0.7210370875 0.4310159234375 0.7161156984375 0.40668922500000004 0.7291111359375 0.40211580781249995 0.7391295953125 0.4079819203125 0.7527500593750001 0.423291053125 0.7621554328125 0.43962368124999995 0.769465809375 0.4546096390625 0.772961453125 0.4743629203125 0.769984475 0.488029196875 0.7597532890625
0 0.534075203125 0.769327165625 0.531871953125 0.7810653624999999 0.545936696875 0.7989319874999999 0.5599907796875 0.7957924796875 0.5912070859375 0.7943225125 0.6293563171875001 0.7635476875 0.6040117921875 0.7267137531250001 0.534075203125 0.769327165625
0 0.660788525 0.6827809625000001 0.638094025 0.694406821875 0.639192815625 0.7144999078125001 0.6591506578125 0.736074903125 0.6858851687499999 0.7358932453125 0.7068828375 0.724455015625 0.7188146359375 0.70331741875 0.72745505 0.6948310671875 0.7118227453125 0.6795159625 0.6941810921875 0.67948489375 0.660788525 0.6827809625000001
0 0.758510109375 0.6279788015625 0.72816104375 0.634901975 0.7051433703125001 0.640618103125 0.6918379140625001 0.6678530609375 0.696292721875 0.6764768453125 0.7240883765625 0.6852942328125 0.7461471875 0.682855046875 0.76186045625 0.668433865625 0.7785325890625 0.65073574375 0.7796746953125 0.6299985046875001 0.758510109375 0.6279788015625
0 0.8763294671875 0.618121665625 0.8748158796875 0.600848996875 0.8350777687500001 0.5921630734375001 0.7973596640625 0.58919925 0.7765828875 0.5942712234374999 0.7668919875 0.614764665625 0.7717615906249999 0.6205680328125001 0.7820448625 0.6317182421875 0.800903915625 0.633200153125 0.8187124828125001 0.64668915625 0.8413153609374999 0.6437934453125 0.85856920625 0.6367328375 0.8763294671875 0.618121665625
0 0.910023890625 0.5787230546875 0.9038992406249999 0.56037480625 0.8858967671875 0.543339965625 0.8608590890625001 0.54333399375 0.8363654734375 0.5428714953125 0.8235287906250001 0.547461846875 0.8105734968749999 0.570694440625 0.82485913125 0.5821948109374999 0.8402329 0.5927821296875 0.857589025 0.5979975093750001 0.8727688875 0.605038990625 0.8873670375 0.60144295625 0.8995950203125 0.596127184375 0.910023890625 0.5787230546875
0 0.459064446875 0.7815852359375 0.43725351406249996 0.767746071875 0.40532622656250006 0.7562146328125 0.38131204531249996 0.7541136625 0.3599642140625 0.7695542578125 0.3484472140625 0.7878714359375001 0.3677317203125 0.8075390671875 0.39504794374999996 0.817994925 0.41980009531249995 0.82318520625 0.43910093437500003 0.81193460625 0.456990465625 0.7956873234375 0.459064446875 0.7815852359375
0 0.40315495468749996 0.830971234375 0.40094104374999995 0.8217032953125001 0.3829115828125 0.8145805484374999 0.361838621875 0.8038306953125 0.345118184375 0.7894286421875 0.3195094515625 0.799791290625 0.2916328328125 0.8207101874999999 0.2917997484375 0.8341681218750001 0.30586449375 0.8520347484374999 0.329178353125 0.8621404421875001 0.356650834375 0.8650480984375 0.3732313421875 0.8560801265625001 0.390097378125 0.8419278421874999 0.40315495468749996 0.830971234375
0 0.33354153750000004 0.8794943749999999 0.343270084375 0.870094975 0.3440350421875 0.86327219375 0.3139984890625 0.8550989625 0.29984212499999996 0.845962484375 0.2823567296875 0.8383832140624999 0.26830264531250003 0.8415227218749999 0.24695481406250003 0.8569633156249999 0.2409431046875 0.8718971890624999 0.2531171125 0.88640560625 0.26951437500000003 0.8948979296875 0.2885673328125 0.899925678125 0.30323011875 0.897511590625 0.3185932265625 0.887092775 0.33354153750000004 0.8794943749999999
0 0.2751489359375 0.8938785156250001 0.2608363125 0.8922902390624999 0.2449184796875 0.8821594453125 0.225579996875 0.8823160046874999 0.2085200578125 0.89292245 0.20407590937500003 0.9053048015625 0.2166647125 0.9169928015625001 0.2323240078125 0.922395809375 0.25003029374999997 0.9236088265625 0.267478040625 0.9200940578125 0.282776515625 0.9084932953125 0.294137259375 0.8977243171874999 0.2751489359375 0.8938785156250001
0 0.4330728953125 0.8577867093749999 0.40890245625 0.8632339421875 0.376764934375 0.8790748921875 0.35567564375 0.8992432734375001 0.37086616562499997 0.9272908890625 0.388857978125 0.9233195953125 0.4118110171875 0.9164215203125 0.4311118546875 0.90517091875 0.44451959375000005 0.8902119484375 0.44050657031249996 0.8688556515625001 0.4330728953125 0.8577867093749999
0 0.51143966875 0.8340593374999999 0.5209743109375 0.8211140968749999 0.5123232359375 0.8085943140625 0.49829613906250003 0.8018217265625 0.4762749734375 0.8153549546875001 0.441002328125 0.8362989515624999 0.43899298125 0.851582984375 0.44684145312499995 0.859831509375 0.46115407656249996 0.861419784375 0.4756875921875 0.856641803125 0.48763005000000004 0.8565103421875 0.5033163296875001 0.8520012578125 0.51143966875 0.8340593374999999
0 0.34704021875 0.9806601234375 0.3546571375 0.9742687703125 0.35884274375 0.957158634375 0.3500354140625 0.9521870515625 0.3273679 0.9539008156250001 0.31046421875 0.9569590609375 0.2967979421875 0.967190246875 0.284828496875 0.977233803125 0.289412575 0.9882214796875 0.302093 0.99117933125 0.3199931921875 0.9959381859375 0.33487686875 0.987157840625 0.34704021875 0.9806601234375
0 0.4226596734375 0.9691274734374999 0.42284291874999996 0.951667178125 0.41179468906250005 0.94733975 0.3938675109375 0.9524929890625 0.37119999843749996 0.9542067546874999 0.35363364062499997 0.9763637656249999 0.3574151109375 0.9830801843750001 0.371442209375 0.98985276875 0.38453743125 0.9899902031250001 0.400159078125 0.9842991734375 0.41334592187499997 0.97570645625 0.4226596734375 0.9691274734374999