0 0.48630123750000004 0.9435391937500001 0.536536746875 0.8972370609375 0.52849590625 0.8615390109375 0.4982016890625 0.863676646875 0.4222245796875 0.9216450421875001 0.4077571921875 0.95243936875 0.4378769625 0.9742671359375 0.48630123750000004 0.9435391937500001
0 0.49492868124999995 1 0.52314260625 0.9749663984374999 0.559299825 0.9448801906250001 0.5597918171875 0.9032073875 0.5294976015625 0.9053450218749999 0.45568947499999995 0.9633842312500001 0.44574501250000004 1 0.49492868124999995 1
0 0.5777962718749999 1 0.6006222578125 0.982707021875 0.5912308281249999 0.951133765625 0.5643130859375 0.9429594171875 0.49555224999999997 1 0.5777962718749999 1
0 0.3427101875 0.8565157984375 0.3660368078125 0.8656151296875001 0.44810042499999997 0.8526609734375 0.47071154843749996 0.8304702921875 0.46924920937500003 0.798113678125 0.44524729374999994 0.791076746875 0.35863106093749997 0.7945022765624999 0.3341371515625 0.8291381484375 0.3427101875 0.8565157984375
0 0.342558234375 0.7866819890625 0.40794527968749994 0.7710989421875001 0.4251853953125 0.7351840296875001 0.4009688296875 0.718760096875 0.3052160171875 0.7333517765625001 0.2777347328125 0.7637212328125 0.2885483 0.7942986953125 0.342558234375 0.7866819890625
0 0.2474003140625 0.7325064640625001 0.36327771875 0.713360690625 0.3843951546875 0.6890368015624999 0.37514682499999996 0.663721546875 0.31725957031249996 0.6597472328125 0.24753455937500002 0.67518865625 0.2280539109375 0.7079037546875 0.2474003140625 0.7325064640625001
0 0.6554039078125 1 0.7063300421875 0.9611447921874999 0.7237848062500001 0.9346168828125 0.7030162640625 0.9110099671875 0.6771315640625 0.916418228125 0.639059190625 1 0.6554039078125 1
0 0.770245890625 0.8496293234375001 0.7917524234375 0.810727034375 0.80092035 0.769337478125 0.7674956578125001 0.76095069375 0.720963021875 0.8428092546875 0.7489853546874999 0.867695209375 0.770245890625 0.8496293234375001
0 0.8289113359375 0.8244468375 0.8108841765625 0.825942740625 0.790656684375 0.8575912359375 0.8058082203125 0.8883103234374999 0.850712921875 0.8616363625 0.8289113359375 0.8244468375
0 0.8209822484375 0.8252301937500001 0.850712921875 0.8616363625 0.8739993390624999 0.837383284375 0.85056096875 0.79180255 0.8284104890625 0.8025438312500001 0.8209822484375 0.8252301937500001
0 0.898596146875 0.7756530078125 0.8808865328125 0.7594415109375 0.8547558359374999 0.785686171875 0.8590624546875001 0.8160512000000001 0.8790841515625001 0.8385915109375001 0.9001300359375 0.8111386234375001 0.898596146875 0.7756530078125
0 0.663218865625 0.845092940625 0.7095055046875001 0.7840707828125 0.715829153125 0.7446728109375 0.681514515625 0.728961421875 0.657624353125 0.7584058953125 0.6191952546875 0.8155156968749999 0.6320347078124999 0.8399059703124999 0.663218865625 0.845092940625
0 0.5244577765625 0.7165383671875001 0.568544084375 0.6856688015625 0.6050904 0.64100419375 0.590685709375 0.6113517093749999 0.558222509375 0.6134185343749999 0.49120753125 0.6841861812500001 0.499852115625 0.7146928328125 0.5244577765625 0.7165383671875001
0 0.46344443281250003 0.63927836875 0.46549483125 0.663201653125 0.47954230468750003 0.67486551875 0.4957581078125 0.6717803265625 0.5543630625 0.6158600703125 0.5669386734375 0.5960288874999999 0.55847639375 0.5765952484375 0.5421365171875 0.57425449375 0.5251327875 0.5867119171875 0.4882404453125 0.616954471875 0.46344443281250003 0.63927836875
0 0.4246848515625 0.544033434375 0.41641328906249997 0.5658124328125 0.4331998296875 0.5876865953125 0.4516971640625 0.58576026875 0.48290505625 0.558946728125 0.512583653125 0.530998878125 0.531854971875 0.5081331546875 0.518694684375 0.49143781875 0.5035506390625 0.48660588593750004 0.48099740156250004 0.49743629218749996 0.4246848515625 0.544033434375
0 0.30454515781249997 0.6044510125 0.2717800875 0.6069959140625001 0.2428010296875 0.610748796875 0.20985138750000001 0.61617935 0.1938092859375 0.62686086875 0.1856121671875 0.651895434375 0.18878395312500001 0.670071971875 0.21189398593750003 0.6726337546875001 0.237530625 0.665157153125 0.25423965000000004 0.6617266015625 0.3179070328125 0.6518770093749999 0.3275372578125 0.6456851375 0.334474971875 0.6094042015625 0.328616815625 0.605236890625 0.30454515781249997 0.6044510125
0 0.1897411 0.54756836875 0.1620571328125 0.5531708328125 0.14803754687499998 0.5646413015625 0.1388291703125 0.5892813921875 0.15554126562499998 0.6078999859375 0.20031735 0.6046628359375 0.240370609375 0.6030787953125001 0.269793259375 0.596810175 0.2858710484375 0.5767318703125001 0.28586797656249996 0.5546827249999999 0.26971267499999996 0.54945631875 0.22813012187499998 0.5499060515624999 0.1897411 0.54756836875
0 0.22515281874999998 0.4742709953125 0.175739225 0.471934846875 0.131307475 0.4683155046875 0.1014769203125 0.46770307187500004 0.0839303390625 0.4783354734375 0.0756339625 0.4990292828125 0.07001308125 0.51619584375 0.0850170015625 0.52607640625 0.1143595171875 0.52704159375 0.1447577375 0.5305642359375 0.1775724359375 0.530189715625 0.1951825875 0.533294859375 0.2260849015625 0.52599016875 0.24143526406250002 0.5069724921875001 0.24415732031249998 0.48356647812500003 0.22515281874999998 0.4742709953125
0 0 0.3569690296875 0.021172390625000002 0.366663075 0.052753653125 0.375024528125 0.09677634375000001 0.3528656640625 0.1099831921875 0.3496822375 0.128910178125 0.3336730078125 0.13582614843750002 0.318356028125 0.12785709218750002 0.29857703281250003 0.1085191296875 0.285656065625 0.075902946875 0.294712103125 0.042399582812499996 0.3087996109375 0.0104006953125 0.3229362375 0 0.3279055125 0 0.3569690296875
0 0.246883196875 0.21137507812499998 0.2190891 0.2231187625 0.1915540203125 0.2352323609375 0.155584546875 0.2510466578125 0.1318851078125 0.26653862031250003 0.1267822625 0.2844450125 0.1362806125 0.3053583125 0.1564204421875 0.3204742171875 0.1808116203125 0.3133184140625 0.22812518437499998 0.2895609 0.265574321875 0.27271053125 0.28755989375 0.258969915625 0.29437660625 0.239312178125 0.2873939921875 0.21884246875 0.26883308437500003 0.20703125 0.246883196875 0.21137507812499998
0 0.3386998859375 0.17244333125 0.31313769062499996 0.1831755015625 0.298649696875 0.196076515625 0.2946930546875 0.20932135000000002 0.30282187031249996 0.22512950625 0.31635130624999996 0.236053540625 0.340607540625 0.2339537640625 0.3675253265625 0.21675957656249997 0.3923849109375 0.20817322656249998 0.4192530671875 0.1888086578125 0.4205202734375 0.1675239046875 0.4081122234375 0.1508531234375 0.39050207187499997 0.1477479796875 0.3686762578125 0.1575177546875 0.3386998859375 0.17244333125
0 0.46895522500000003 0.13801964375 0.4805862203125 0.15358067656250002 0.4955813765625 0.1519014703125 0.5130783250000001 0.13909869218749998 0.53069935 0.1317218609375 0.549282003125 0.1225691234375 0.5625850359375 0.10167730781249999 0.5537644828125 0.07753299687500001 0.5349336859375 0.07583384062500001 0.507842196875 0.0854317046875 0.4771632140625 0.1025031 0.4654747890625 0.1173028125 0.46895522500000003 0.13801964375
0 0.6117552140625 0.038581296875 0.6027671 0.050938950000000004 0.5909685437500001 0.07187988125 0.5733505906249999 0.10130585781250001 0.572637109375 0.11393365468750001 0.5909389984375 0.12537495625 0.60626761875 0.1273212375 0.628682840625 0.0994977171875 0.641985875 0.07860590468749999 0.6587523296875 0.0448146109375 0.6568151328125 0.0367992515625 0.6442473234375 0.0240993140625 0.6304976250000001 0.025457718750000004 0.6117552140625 0.038581296875
0 0.6477702859375001 0.0668376609375 0.6345665109375 0.0920702328125 0.6284772234375 0.11066734062500001 0.61994664375 0.132076421875 0.6213301203125 0.1487487375 0.633096059375 0.1592537390625 0.6518625859375 0.15989533281249999 0.6623946375 0.147559171875 0.67276315625 0.129824690625 0.6783840390625 0.11265813124999999 0.6915599265625 0.064291225 0.67504635 0.054354145312500005 0.660569228125 0.056773181250000006 0.6477702859375001 0.0668376609375
0 0.475424984375 0.2657972375 0.49139878281250005 0.29595843906249997 0.5466892046875 0.25944880000000003 0.5554183015625 0.24672123125 0.54418126875 0.226474084375 0.5331815125 0.22756080937499998 0.5168307640625 0.2357020328125 0.4918858640625 0.25151479375 0.475424984375 0.2657972375
0 0.685873815625 0.14434965 0.6702008625 0.1492598640625 0.6605706390625 0.1554517359375 0.6538144265625 0.1667978765625 0.6557516265625 0.1748132328125 0.647912784375 0.20455847343750003 0.641638921875 0.22604123281250002 0.6496932953125001 0.23859381875 0.6656143953125 0.24453549843750003 0.6797084234375 0.2363205984375 0.6863653765625 0.220633703125 0.7001725046875 0.1889145546875 0.696003403125 0.181910709375 0.6996126421875 0.153473221875 0.685873815625 0.14434965
0 0.5709702531249999 0.2584342140625 0.5588491078125 0.26526768437500003 0.511216025 0.29696688125000004 0.50072343125 0.30927541718749996 0.5060774921875 0.3242700625 0.5161047515625 0.33544121875 0.5419011499999999 0.32399377500000004 0.5601503390625 0.3112155546875 0.5835907609375 0.2953536765625 0.59117365625 0.2872876640625 0.5918623234375 0.273574678125 0.5848192078125 0.261416565625 0.5709702531249999 0.2584342140625
0 0.40181707031249997 0.35592781875 0.37710637343750003 0.37102530625 0.361298475 0.38099154999999996 0.33557652031249996 0.3956945609375 0.3299308265625 0.41177593281249997 0.3345078328125 0.42566083125 0.3447444796875 0.43503152500000003 0.36547371875 0.432093684375 0.39109641562499997 0.4130499140625 0.42919853437500005 0.391883346875 0.44267526874999996 0.37858785781250004 0.44020609374999997 0.3582655015625 0.43264494062500003 0.3453675578125 0.4184268359375 0.3481565109375 0.40181707031249997 0.35592781875
0 0.40315073124999995 0.48065328125000006 0.42893318750000003 0.45763866875000003 0.4580828765625 0.4394329671875 0.475789215625 0.42482972500000005 0.47479970156249995 0.403471296875 0.45700657343750006 0.39170682968750004 0.4210711890625 0.4096693109375 0.38654569375 0.433844321875 0.359702353125 0.4542940796875 0.357015984375 0.46830330625 0.36314710156249996 0.48440770000000005 0.3774535921875 0.4964414828125 0.40315073124999995 0.48065328125000006
0 0.60305426875 0.3472947046875 0.6172832453125 0.334023775 0.6169358390624999 0.318831125 0.6108295390625 0.3038119203125 0.5973140453125 0.304455053125 0.5819497390625 0.3119055609375 0.569927853125 0.3230797890625 0.5464378015625 0.3367712875 0.5297923484375 0.35393938281250004 0.5341847828125 0.3707099328125 0.5450387234375 0.38516121718749996 0.5626349312500001 0.37669919531249996 0.5813525296875001 0.3624904265625 0.60305426875 0.3472947046875
0 0.6953131375 0.20716866718750002 0.68702763125 0.21738049843749999 0.6860303171875 0.2285531921875 0.68360296875 0.2429323328125 0.679227546875 0.2597780953125 0.6753205343750001 0.275193309375 0.6763209203125 0.2860697609375 0.686014715625 0.29361543437500004 0.70204594375 0.29341589375 0.71440129375 0.28586715156250003 0.723055946875 0.2698840140625 0.7301673625 0.24119940468749998 0.7287838859375 0.224527090625 0.7294229249999999 0.208643725 0.7136864 0.19981639375 0.6953131375 0.20716866718750002
0 0.5794586296875 0.4227706859375 0.5972146 0.41033782187499995 0.61987796875 0.393366196875 0.63537721875 0.38085965625 0.6443901484375 0.3695871953125 0.6427972828125 0.3547153421875 0.63374719375 0.3417904765625 0.61650459375 0.34445899999999996 0.597811809375 0.3597529546875 0.5776145500000001 0.3749977953125 0.560635634375 0.38854040625 0.55797408125 0.403634821875 0.5643642140625 0.4201091328125 0.5794586296875 0.4227706859375
0 0.48952644218749997 0.44549826875000004 0.47463054375 0.45151823125 0.46591231874999994 0.45376382031249995 0.4535569703125 0.46131256406250004 0.447996590625 0.4701675265625 0.41671425468749995 0.49372550000000004 0.39571512656249996 0.5067754015625 0.38685108437500004 0.524559 0.4028605703125 0.5453234140625 0.4193105765625 0.5415229484374999 0.4476832125 0.5222074984375 0.46780602968749996 0.5037070906250001 0.48603040625 0.4898436796875 0.5016646015624999 0.472281109375 0.5024773421875001 0.46399406875000004 0.496729315625 0.4536855375 0.48952644218749997 0.44549826875000004
0 0.6497255375 0.42759493906249996 0.6579117828125 0.41304235 0.654789625 0.39703619218749997 0.6443435890625 0.389465959375 0.6306187078125001 0.3919095546875 0.62002685625 0.3998773328125 0.6023453296875 0.4155657640625 0.5762790421874999 0.43712526875 0.57584939375 0.4512081734375 0.5862597421875 0.46817519062499996 0.5997504203124999 0.46644687031250004 0.6175063890625 0.45401400625 0.636458190625 0.439089965625 0.6497255375 0.42759493906249996
0 0.7163508375000001 0.316994646875 0.7064259078124999 0.33221339375 0.7062056484375 0.34449583281249996 0.7147036124999999 0.3545326828125 0.7234497234374999 0.3754214265625 0.7240313296875 0.389898803125 0.7324300375 0.395594896875 0.7454274937500001 0.3942119328125 0.7600395609375 0.386736865625 0.7672393640624999 0.372874990625 0.764166834375 0.359039209375 0.7685918843749999 0.34436382656250003 0.7512237374999999 0.3080122875 0.7316655140625 0.307373759375 0.7163508375000001 0.316994646875
0 0.6079829078125 0.502348340625 0.617676703125 0.5098940140625 0.6354823015625 0.499631528125 0.6497112781250001 0.4863605984375 0.6656293062499999 0.47025313437499994 0.6795992640625 0.45661228749999994 0.679585321875 0.44504512187499995 0.6756007921875 0.435155621875 0.667470634375 0.425644053125 0.654105371875 0.42650173750000003 0.6433785734375 0.43952554531250004 0.628656378125 0.4531418328125 0.6119612953125 0.46813954999999996 0.6006668328125 0.47825314687500003 0.6024442718749999 0.490239346875 0.6079829078125 0.502348340625
0 0.6344911296875 0.554902509375 0.647204753125 0.5520644390625 0.664208484375 0.5396070171875 0.6910875125 0.5097604718750001 0.700100440625 0.4984880078125 0.7092979453125 0.48432989531250004 0.703684865625 0.46896533281249997 0.69251140625 0.4624557328125 0.6787865234375 0.464899328125 0.6642240859374999 0.4745447734375 0.6604520171875 0.48490395781249995 0.63876965625 0.5064258578125 0.6264693734375 0.5109039906249999 0.6210082515625001 0.524099709375 0.6212812125 0.5360367921875 0.6344911296875 0.554902509375
0 0.7968844515625 0.4372573234375 0.7894830625 0.42038853906250007 0.7815031343750001 0.41109152031249996 0.7730796125 0.4043102375 0.75097054375 0.4220734859375 0.7474823078124999 0.433887775 0.754649496875 0.45147183281250003 0.759375390625 0.471867865625 0.766616446875 0.4832589171875 0.78109356875 0.4808398796875 0.7955815609375 0.467938865625 0.7953442890625 0.44660499375 0.7968844515625 0.4372573234375
0 0.796039096875 0.47699029687500005 0.7828710078125 0.4928260796875 0.7751035390625 0.50377774375 0.7745746312499999 0.5135198890625 0.7837255765625 0.519240540625 0.791510059375 0.5419051875 0.7925352578125 0.5538668296875 0.8076793046875 0.5586987609375 0.8227101484375 0.5476227687499999 0.830193784375 0.5352159984375 0.826961496875 0.5253510593749999 0.8303256578125 0.5081108234375 0.8213205312499999 0.48685216562500006 0.81105906875 0.47639628125 0.796039096875 0.47699029687500005
0 0.654407053125 0.5508031328125 0.6468132859375 0.569351121875 0.6539308453125 0.5847648015625 0.6655975265625 0.59092904375 0.680986646875 0.584563725 0.7123294828125 0.552694153125 0.7226731875 0.5338744828124999 0.7185149578125001 0.516388659375 0.7018664343750001 0.5115076109375 0.69039826875 0.5140248828125 0.6809169328125 0.5267278906249999 0.654407053125 0.5508031328125
0 0.722352009375 0.6184455765625 0.7372091515625 0.5997732578125 0.7459630625 0.588130878125 0.741347296875 0.561593625 0.725291253125 0.5607079765625 0.7090149484375 0.5721047671874999 0.6890162046875 0.5960311218750001 0.6763661515625 0.6126067374999999 0.6790199015625 0.63004344375 0.6895651968750001 0.6419544328125 0.7014273234374999 0.6347510453125 0.722352009375 0.6184455765625
0 0.7150061984375 0.673039196875 0.729802840625 0.6626784781249999 0.7498263984375 0.6398373125 0.758222034375 0.623484259375 0.7609969765625 0.59910403125 0.7420140296875 0.5940383312499999 0.73053499375 0.6070375796875 0.708957328125 0.6276592484375 0.6987237515625 0.6403377 0.6982692890625 0.6533354109375 0.70515264375 0.669464365625 0.7150061984375 0.673039196875
0 0.7428835046875 0.653100321875 0.723537740625 0.6727104781250001 0.7053273078125 0.698141053125 0.700015075 0.717847909375 0.7083532796875 0.7318556 0.7224116234375 0.7330374890625 0.7361225640625 0.7190267265625 0.7511285921875 0.70686554375 0.7697221171875 0.6872308312500001 0.7782030671875 0.6636513703125 0.778274440625 0.6448577921875 0.7608736765625 0.6399521859374999 0.7428835046875 0.653100321875
0 0.8100095796875 0.6849315171875 0.814242253125 0.7056729078124999 0.8323208125000001 0.7073475046875 0.8558217359375 0.6831740296875 0.8643523156249999 0.661764946875 0.8706758078125001 0.6424525671875 0.8588602375000001 0.6297771875 0.8373787578125 0.63269046875 0.8213754140624999 0.65602434375 0.8100095796875 0.6849315171875
0 0.8570688562500001 0.60622381875 0.865013096875 0.6249176265624999 0.8802920875 0.6246935265625 0.9062591171875001 0.5987932640625 0.9109680000000001 0.5855729875 0.912568665625 0.5679137171875001 0.899298246875 0.5573595984375 0.887929340625 0.5642176265625001 0.8734909765625 0.5792890203125001 0.8570688562500001 0.60622381875
0 0.90627471875 0.5337310203125 0.903144759375 0.550255984375 0.9108299828125 0.568579871875 0.9274893796875 0.56297894375 0.951458709375 0.5373749218749999 0.9517534140624999 0.52834805 0.9564126671875 0.51295739375 0.9430926187500001 0.5002328968749999 0.9291583484375 0.5044769546875 0.919726640625 0.5193503421875 0.90627471875 0.5337310203125
0 0.892515809375 0.46894199218750005 0.8916673828125001 0.48662582031249996 0.9018544000000001 0.4938261375 0.914802228125 0.49027279375 0.9337044000000001 0.4731783734375 0.9378952453125 0.45921826406250005 0.9420860921875001 0.44525815625 0.9364978265625 0.43097878281249996 0.919086190625 0.43655515312500004 0.9053752515625 0.45056591562500004 0.892515809375 0.46894199218750005
0 0.9718173890624999 0.44152983125 0.9637660890624999 0.4510263890625 0.9553208234375001 0.46520906249999994 0.94739359375 0.4801315671875 0.9544615249999999 0.49337486718749995 0.9682608515625001 0.49418683906250005 0.9746231 0.48752681718749996 0.9846969140624999 0.47881920781250004 0.9934756421875001 0.46826201875000006 0.9928335328125 0.46209624062500004 0.99559434375 0.45134257968749997 0.99013015 0.44248915625 0.9812382234375001 0.43713842031250005 0.9718173890624999 0.44152983125
0 0.9535589859375 0.38816061875 0.94799860625 0.3970155796875 0.9382086234375 0.40717829375000003 0.9324140390625001 0.416748528125 0.9342907374999999 0.43307548437500004 0.9401737078125001 0.43832798593750005 0.9488671171874999 0.43499720625 0.958571784375 0.4320609015625 0.9676839718749999 0.42512919687500006 0.9750326640625 0.4177784578125 0.97605479375 0.4076909546875 0.9748202046875001 0.3975297765625 0.975114909375 0.388502903125 0.968972921875 0.3828804875 0.9535589859375 0.38816061875
0 1 0.40398904375000005 0.9968584765624999 0.4080086828125 0.9854538843749999 0.4242635 0.9861952531249999 0.4347700375 0.9884410984375 0.445325690625 0.9937564015625 0.44766797968749994 1 0.44711972031249997 1 0.40398904375000005
0 0.88973441875 0.774646128125 0.8951629249999999 0.792896340625 0.8993816562499999 0.802070565625 0.909061509375 0.798049071875 0.9180248093750001 0.7846062296875 0.9194160859375 0.7687474234375 0.9169469078124999 0.748425065625 0.9083000578125 0.7318770781249999 0.890579775 0.73491315625 0.871209196875 0.7534381203125 0.8743313546874999 0.7694442796875001 0.88973441875 0.774646128125
0 0.9097936640625001 0.7424081734375 0.9155416890625 0.7527167046875001 0.9170601093749999 0.764332990625 0.9159883499999999 0.7722501140625 0.9284677734375 0.7701273171875 0.9386269046875 0.7541932984375 0.9357141359375 0.7363866765625 0.930001796875 0.7166813578125 0.9174836171875 0.7061517984375 0.9035741625 0.711481046875 0.897385615625 0.72573739375 0.9001494984375 0.73703288125 0.9097936640625001 0.7424081734375
0 0.9241296984374999 0.7009468796875 0.9312968859374999 0.7185309375 0.934553990625 0.729481065625 0.9394008875000001 0.7332539015624999 0.9477251515624999 0.735694428125 0.960240259375 0.724174840625 0.9644062890624999 0.70912954375 0.9655633625 0.693986009375 0.96225663125 0.6808655031249999 0.9525132046874999 0.6711494515624999 0.9285656203125001 0.6757895203125 0.9183816734375 0.6906383484374999 0.9241296984374999 0.7009468796875
0 1 0.682143165625 0.9991163593750001 0.682068878125 0.97332303125 0.7155654671875 0.9703776453125 0.729204778125 0.976409503125 0.7409684140625 0.9902336437500001 0.7428655765625 1 0.7357104624999999 1 0.682143165625