0 0.8322813953124999 0.4782742765625 0.8442757921874999 0.5131191703125 0.9349241781250001 0.521181528125 0.949673875 0.5029671687499999 0.9400263796875 0.4838453703125 0.8322813953124999 0.4782742765625
0 0.8729708296875 0.42450792187499997 0.8598476140625 0.4427827765625 0.8824698171875 0.46864148281249995 0.996794975 0.4619486796875 0.9973408218750001 0.43851527656249994 0.9659716484375 0.413113021875 0.8729708296875 0.42450792187499997
0 0.8238515421875 0.2493843796875 0.9423933812499999 0.3202456453125 0.9735563812500001 0.27762448281249996 0.8513271187499999 0.2113168078125 0.8238515421875 0.2493843796875
0 0.7231759859375 0.190166221875 0.818841259375 0.24375901249999998 0.84100293125 0.210184534375 0.7461694609375 0.15349552187499999 0.7231759859375 0.190166221875
0 0.5966616265625 0.126037984375 0.67714826875 0.167339359375 0.6954795375 0.1281498796875 0.606065821875 0.08338930624999999 0.5966616265625 0.126037984375
0 0.5934535703125 0.11778018125 0.5406597375 0.0360739421875 0.5132955421875 0.055382692187500006 0.564899703125 0.14050499375 0.5934535703125 0.11778018125
0 0.67865790625 0.24855450625 0.6168572140624999 0.21107530625 0.6146106328125 0.246954096875 0.6711345484375 0.28267345 0.67865790625 0.24855450625
0 0.8014651562499999 0.3603207640625 0.7038131921875 0.298836178125 0.6846501203125 0.3411218796875 0.781724640625 0.39711245625 0.8014651562499999 0.3603207640625
0 0.6771501421874999 0.3812956515625 0.76887363125 0.44803226250000006 0.78778234375 0.41433679218749997 0.6924085578125 0.3459008296875 0.6771501421874999 0.3812956515625
0 0.6477155984375 0.41382438125 0.7406311015625 0.48529607031250005 0.7607318296875001 0.45633567656249996 0.6672017546875 0.3856229203125 0.6477155984375 0.41382438125
0 0.6505806984375 0.41721839687499995 0.629722421875 0.43676913125 0.7057585609375 0.5083947921874999 0.729689690625 0.4850494 0.6505806984375 0.41721839687499995
0 0.6474969374999999 0.46705812968749993 0.6182574328125 0.4597162609375 0.614855965625 0.48460703125000004 0.673546675 0.53213383125 0.6924127312499999 0.53987165625 0.7107755984375 0.5296095890625 0.688270496875 0.497531896875 0.6474969374999999 0.46705812968749993
0 0.9054640375 0.5296017578125001 0.7931640718749999 0.517177809375 0.7991567453124999 0.55007156875 0.911016025 0.5672370203125 0.9054640375 0.5296017578125001
0 0.867603353125 0.564603365625 0.754202796875 0.5568963734375 0.768084209375 0.5951586359375 0.8740344671875 0.6070292187499999 0.867603353125 0.564603365625
0 0.735293796875 0.637330346875 0.7887890921875 0.6459811234374999 0.8196133171875 0.6515683140624999 0.8305544812500001 0.643093865625 0.826320059375 0.6197812875 0.8066712828125 0.6079487125 0.731399103125 0.5984879546874999 0.724299109375 0.6131319390625001 0.735293796875 0.637330346875
0 0.7730365 0.7015350812500001 0.7910452890624999 0.6977642078125 0.792850975 0.6854608468750001 0.78373280625 0.6648213578125 0.7595227 0.6569426328125 0.695028228125 0.6526406390624999 0.6918296578125 0.663306228125 0.70069848125 0.6842536375 0.7218433421875 0.6942387 0.7462146578125 0.702757809375 0.7730365 0.7015350812500001
0 0.7180782921875 0.77561395625 0.7274932421875 0.7740609828125 0.7292281 0.7458953453125 0.652788984375 0.696742075 0.6434019171875 0.7074946796875 0.64485056875 0.7275317109375 0.7180782921875 0.77561395625
0 0.6684533515625 0.7908949625 0.6899055703125 0.8046977765625 0.7029274062499999 0.8070852734375 0.7096899171875 0.79369750625 0.7094277484375 0.7822688109375 0.6970379343750001 0.770706228125 0.6650724171875 0.748899753125 0.6372855515625 0.7320065921875 0.6257726203125 0.7395081968749999 0.6275587578125 0.7582890109375 0.648834703125 0.773988421875 0.6684533515625 0.7908949625
0 0.6842440109375 0.8356986484375 0.6884550359375 0.8212644015624999 0.68242999375 0.8077182046875 0.672503525 0.7981504015625001 0.6448778734375 0.781897621875 0.6034092656250001 0.7625924203125 0.593800734375 0.7828525734375 0.60401949375 0.7987751046875 0.6346071906249999 0.8164068265625 0.67179394375 0.8342839968750001 0.6842440109375 0.8356986484375
0 0.6267529953125 0.495702165625 0.6070138390625 0.49909148593749997 0.6061754171875 0.5152371390625 0.6327283625 0.5454065046875 0.6677139328125 0.5727175890625 0.6822318546874999 0.573257575 0.686589028125 0.5620006953125001 0.68666434375 0.5493157796875 0.6267529953125 0.495702165625
0 0.62265625 0.56328125 0.109375 0.0984375
0 0.6412664640625 0.639112665625 0.567157390625 0.5708287390625 0.549308690625 0.6010416890625 0.6248615640625 0.6666347109374999 0.6412664640625 0.639112665625
0 0.5447998703125 0.60733820625 0.530187503125 0.633554621875 0.5992375546875001 0.6971903937499999 0.6161655500000001 0.671746259375 0.5447998703125 0.60733820625
0 0.5405349328125 0.6780857296875 0.558285878125 0.6643367812500001 0.5013859328125 0.5984083171875 0.48107617343750003 0.6203392765625 0.5405349328125 0.6780857296875
0 0.43982878281250004 0.537179565625 0.42256835 0.5584944265625 0.47834306406250005 0.61854875 0.4937783828125 0.604027521875 0.4897516875 0.5908408703125 0.43982878281250004 0.537179565625
0 0.49520747187499997 0.5531970109375 0.4408113875 0.5014277859375 0.432685546875 0.53234545 0.480072009375 0.5773355140625 0.49520747187499997 0.5531970109375
0 0.45522620781249995 0.47723536875 0.44472199687499997 0.50291843125 0.49654905468750005 0.5515044203125 0.5105568640625 0.536930096875 0.5100989375 0.5238761843749999 0.45522620781249995 0.47723536875
0 0.4768882328125 0.439589471875 0.4636267625 0.44870234218749994 0.457707353125 0.468723646875 0.5188922484375 0.5193730750000001 0.5299497125 0.5057182421875 0.532886190625 0.49210442812500005 0.4768882328125 0.439589471875
0 0.5415302468750001 0.48633400312499997 0.5580443421875 0.470480596875 0.5281831546875 0.43471926875 0.49478335781249994 0.4087755234375 0.48128477812500003 0.4127334375 0.4730660359375 0.42923846093750007 0.541339590625 0.48838536718750003 0.5415302468750001 0.48633400312499997
0 0.573045471875 0.4274408171875 0.5149062515625 0.3748462140625 0.500833271875 0.40039654062499996 0.5343748484375 0.43252092500000006 0.56335034375 0.45212474687500004 0.573045471875 0.4274408171875
0 0.5214300328125 0.3731816140625 0.5756843390624999 0.4187702015625 0.5919124453125 0.4059938390625 0.59004330625 0.39014282968749997 0.5588638046875001 0.3659970453125 0.5387857953124999 0.3508410703125 0.527017003125 0.349031034375 0.517863690625 0.357610553125 0.5214300328125 0.3731816140625
0 0.54025165 0.3053770484375 0.52934983125 0.3379068390625 0.599813525 0.3889013859375 0.6122218875 0.358143009375 0.6132053359375 0.3578365125 0.54025165 0.3053770484375
0 0.5454595125 0.300397503125 0.61617660625 0.35380300781249996 0.636324640625 0.3271063359375 0.566956015625 0.272035609375 0.5454595125 0.300397503125
0 0.573101646875 0.2657186421875 0.648308215625 0.3144880671875 0.6623021578125 0.2872194234375 0.5864934578125001 0.23465376875000002 0.573101646875 0.2657186421875
0 0.5183716765625 0.163193078125 0.535978415625 0.1587018140625 0.5455920796875 0.1477378875 0.5144711640625 0.053606815625000005 0.479385603125 0.0560756625 0.504638415625 0.146557715625 0.5183716765625 0.163193078125
0 0.49891724687499994 0.22949126562500002 0.5255167984375 0.228422165625 0.5287392625 0.2117313078125 0.5059740171875 0.1381524953125 0.476693815625 0.13980804062500002 0.47134638124999995 0.1536752546875 0.49891724687499994 0.22949126562500002
0 0.47866599374999996 0.18229870312500002 0.4476560046875 0.1897221984375 0.464757671875 0.27029495 0.4884696203125 0.2746076609375 0.505109203125 0.2676788921875 0.47866599374999996 0.18229870312500002
0 0.4427890828125 0.276612559375 0.429415990625 0.2894951140625 0.419446315625 0.3453887296875 0.43500469375 0.3552304609375 0.45595695625 0.3584113015625 0.45479914375 0.3580251625 0.473826803125 0.29457770625 0.4427890828125 0.276612559375
0 0.42194178125 0.43135894375 0.4399371140625 0.376449990625 0.41532317812499997 0.3587237734375 0.39439379375 0.4118082171875 0.42194178125 0.43135894375
0 0.413690165625 0.43288670625 0.39700655937499996 0.4171708328125 0.380985403125 0.42515183125 0.3676098828125 0.4534727046875 0.372396784375 0.4738922234375 0.394441690625 0.48843520468749996 0.414924590625 0.4504294875 0.413690165625 0.43288670625
0 0.3560958171875 0.471670225 0.33690835468749997 0.44179511250000003 0.3123571625 0.4285312171875 0.305010246875 0.44849942499999995 0.34708428593749996 0.48643038125000004 0.3560958171875 0.471670225
0 0.33905390625 0.5528917343749999 0.3580507140625 0.5848182093750001 0.378382125 0.6023851390625 0.390183503125 0.598707175 0.396037740625 0.5896618734375 0.40097127187500003 0.5853853890625 0.355902865625 0.5257292812500001 0.33905390625 0.5528917343749999
0 0.6242598984375001 0.8101785937500001 0.60620425 0.845186909375 0.6542091343750001 0.8912292031250001 0.6700372078125 0.9007378906250001 0.686918753125 0.8680874359375 0.6242598984375001 0.8101785937500001
0 0.6536656390625 1 0.614148675 0.945225525 0.592006184375 0.9591291906249999 0.6147643453125 1 0.6536656390625 1
0 0.6006674921874999 0.925933309375 0.5619486859375 0.8339211687500001 0.5363162906250001 0.837427771875 0.5376762015625001 0.863895190625 0.55476885625 0.9008969796875 0.5636964984375 0.9152951453125 0.5861854640625 0.93019771875 0.5977961859375001 0.9285711187500001 0.6006674921874999 0.925933309375
0 0.521896509375 0.7429043140625 0.4924883953125 0.7510735421875 0.5200592609375 0.8268895531249999 0.5480048562500001 0.8395935515625 0.5625357609375 0.8270971406250001 0.521896509375 0.7429043140625
0 0.482022425 0.7024774328125 0.43425950156250004 0.63071345 0.4109403078125 0.6504306546875 0.45524608281249995 0.7182922171875 0.482022425 0.7024774328125
0 0.347035865625 0.52701996875 0.3052176546875 0.476061646875 0.29150969843749996 0.5002532468750001 0.3325677046875 0.5439787015624999 0.347035865625 0.52701996875
0 0.5889600578125 1 0.580924834375 0.9807480671875 0.5290253265625 0.9894530453125 0.53473821875 1 0.5889600578125 1
0 0.5596613390625 0.94464958125 0.511044615625 0.9565643421875001 0.5244430125 0.9845087546875 0.5739943078125 0.980519496875 0.578388453125 0.9769091 0.5596613390625 0.94464958125
0 0.501345175 0.936291625 0.5442681640625 0.92142048125 0.5276823125 0.8892406046874999 0.484045571875 0.9040851999999999 0.501345175 0.936291625
0 0.471732859375 0.8884912343750001 0.52025425625 0.8776021546875 0.5057306296874999 0.8437836031250001 0.45665355312499994 0.8580827718749999 0.471732859375 0.8884912343750001
0 0.4553719171875 0.8599580031249999 0.50007356875 0.8310869078125 0.48489893281249996 0.8017041265625 0.43567764843749995 0.8252609796874999 0.4553719171875 0.8599580031249999
0 0.4106820796875 0.779642578125 0.44959466406250004 0.748840784375 0.429535371875 0.7155024859375 0.39303374375 0.7460508796875 0.4106820796875 0.779642578125
0 0.39173542031249997 0.7492354453125001 0.41463428750000003 0.6977506171875001 0.392605675 0.680463634375 0.37237486249999996 0.7311987984375 0.39173542031249997 0.7492354453125001
0 0.3679247171875 0.6573090781250001 0.34758359843750003 0.7014954328125 0.3552580984375 0.7165331421875 0.36843810625 0.7211402734375 0.391680690625 0.6842664296875001 0.3679247171875 0.6573090781250001
0 0.36178123281249996 0.6611032921875 0.341022053125 0.64043276875 0.3206646421875 0.687363125 0.343486046875 0.7063949734375 0.36178123281249996 0.6611032921875
0 0.3415430640625 0.6364689375 0.3191657203125 0.61779668125 0.3047717390625 0.6673503765625 0.3259285265625 0.681174171875 0.3415430640625 0.6364689375
0 0.3205291703125 0.612288621875 0.3004348671875 0.5998766468750001 0.276873709375 0.6453155374999999 0.3035498703125 0.661403078125 0.3205291703125 0.612288621875
0 0.2991754484375 0.5948373515625 0.27424536875 0.5702378593749999 0.25512480625 0.6192726734375 0.2785972203125 0.63386875 0.2991754484375 0.5948373515625
0 0.2274953078125 0.5961058921875 0.24599744375000002 0.5460188484375 0.22341315 0.5321419578125 0.20338209687500003 0.5768962265625001 0.2274953078125 0.5961058921875
0 0.488072146875 1 0.456012359375 0.931862 0.43007768437499994 0.9411896499999999 0.46068854375 1 0.488072146875 1
0 0.37563846875 0.8516814640625 0.40055710937500005 0.8481483125 0.4103915921875 0.84508334375 0.37200279687500004 0.7726388 0.353442771875 0.78738688125 0.3547399375 0.8093919796875 0.37563846875 0.8516814640625
0 0.337564771875 0.7670084484374999 0.3557084703125 0.777289415625 0.3608815390625 0.762729565625 0.32777015625 0.7182704546875 0.3098146890625 0.7213764453125 0.3146015875 0.7417959640625 0.337564771875 0.7670084484374999
0 0.25055511406250003 0.6759718765625 0.24799995 0.6854829625 0.2617470796875 0.7148126453125 0.2733716640625 0.7258803671875 0.287663034375 0.72366731875 0.28695170625 0.7082024515625001 0.2701124546875 0.6736116187500001 0.25055511406250003 0.6759718765625
0 0.257417425 0.3950488828125 0.2946532609375 0.43623064375 0.30637802812500003 0.41539603906250006 0.2681587453125 0.37452077500000003 0.257417425 0.3950488828125
0 0.26138274375 0.42697832656249995 0.247753821875 0.4528882453125 0.27022406875 0.4859731390625 0.29228526875 0.49777211875000005 0.3030265875 0.47724401250000004 0.26138274375 0.42697832656249995
0 0.19923235156250002 0.39339255624999997 0.20547934375 0.4083771703125 0.2227650828125 0.4278892734375 0.23592879687499999 0.43524040625 0.24319425 0.4289922 0.2437197734375 0.415631790625 0.2111151921875 0.375994590625 0.19923235156250002 0.39339255624999997
0 0.2553457671875 0.68300296875 0.250249784375 0.6780911140625 0.235272796875 0.6849171921874999 0.23167215468750002 0.6935627328125 0.238667484375 0.71095874375 0.2392917625 0.7216654078125 0.2470655984375 0.7330611015625 0.2554272703125 0.738132059375 0.2660351203125 0.7374628796875 0.27121501718749996 0.73537580625 0.27322678749999996 0.724703303125 0.2620714703125 0.7130525421875 0.2596261484375 0.7040054796875 0.2567968015625 0.695432653125 0.256413928125 0.6885792015625001 0.2553457671875 0.68300296875
0 0.2912330109375 0.732558425 0.3060906171875 0.7375135562499999 0.309796121875 0.7306073625 0.3101502125 0.7224025140625 0.30910602656249997 0.7182546671875001 0.293095921875 0.6885071875000001 0.2745945875 0.6898503859375 0.26940481250000003 0.6962592234375 0.2734415890625 0.7060582531249999 0.28050684531250003 0.7174934328125 0.2912330109375 0.732558425
0 0.22718506249999998 0.52575278125 0.21010385625 0.50956191875 0.1967498046875 0.5213922515625 0.19024567187500002 0.5496198984375 0.2083173859375 0.5661411015625 0.22718506249999998 0.52575278125
0 0.14678533124999998 0.6166056734375001 0.1520620046875 0.6279549624999999 0.1752116984375 0.62500049375 0.1616233640625 0.573425965625 0.146682128125 0.58255575625 0.1418766875 0.59470405 0.14678533124999998 0.6166056734375001
0 0.22694430468750001 0.7150148703125 0.23581705468749997 0.7250304078124999 0.24347064999999998 0.7217930734375 0.2389021578125 0.6940340859374999 0.2387153265625 0.674069090625 0.231511315625 0.665876625 0.2208185828125 0.6666529156250001 0.216229925 0.6808637765625 0.2193206640625 0.7003497796875 0.22694430468750001 0.7150148703125
0 0.1836405421875 0.524314659375 0.198287590625 0.4875848625 0.18723098124999998 0.472498584375 0.17595551250000002 0.468557190625 0.1722360703125 0.47781086874999995 0.164892675 0.49309327343750003 0.1661257671875 0.5039986609375 0.169339875 0.5155647343750001 0.1836405421875 0.524314659375
0 0.2227260046875 0.36308608750000004 0.235479228125 0.3753004640625 0.252005571875 0.3820786671875 0.2558344453125 0.3672525453125 0.24712480312500001 0.35548206875 0.23005753593749997 0.3369437203125 0.2163396078125 0.33291148125 0.2122005328125 0.3356925375 0.2125107328125 0.347737603125 0.2227260046875 0.36308608750000004
0 0.2003041328125 0.39065220312500004 0.20402357656249998 0.3813985234375 0.2040793296875 0.37200857656249997 0.1798756671875 0.3467477796875 0.17116395 0.3481847546875 0.16774284374999998 0.3586235328125 0.17109218125 0.3731296421875 0.1839130203125 0.38681403593749997 0.194482384375 0.3939576734375 0.2003041328125 0.39065220312500004
0 0.147278078125 0.4728392484375 0.145362603125 0.48685603750000006 0.14962089375 0.5025699578125 0.1575846890625 0.511377684375 0.16575340624999998 0.5113880156249999 0.164275653125 0.5031150328125 0.1678459265625 0.49326880468749995 0.171646925 0.4831376578125 0.176587596875 0.4739294015625 0.1695606328125 0.4616345078125 0.1628578046875 0.4590371953125 0.1532908125 0.4630838671875 0.147278078125 0.4728392484375
0 0.13958021874999998 0.43615884843749997 0.13181719218750002 0.4449686296875 0.12868048906250001 0.4589399921875 0.13060575000000002 0.4689906234375 0.136805315625 0.4792002375 0.143195865625 0.4829599375 0.145530971875 0.475415771875 0.1472554625 0.467848896875 0.1501872453125 0.46267493125000003 0.15541231718749998 0.45699926093750004 0.1593346078125 0.45215563750000004 0.15382721093750001 0.44109126875 0.1462293671875 0.43493865625000006 0.13958021874999998 0.43615884843749997
0 0.110424284375 0.5278202624999999 0.1140322203125 0.5373464796875 0.12000106562499999 0.5478410109375 0.1262006296875 0.5580506234375 0.1328079640625 0.563872890625 0.13911696093749998 0.5685100624999999 0.14332365 0.5671990234375001 0.1464722171875 0.5640876265625 0.150177721875 0.5571814328125 0.137426575 0.5317596046874999 0.12535158125 0.5210379578125 0.1166398640625 0.5224749359375 0.110424284375 0.5278202624999999
0 0.1123474125 0.49341763437499997 0.10401766406249999 0.48195478906250006 0.0956461 0.4775344046875 0.0895260109375 0.47965477500000003 0.0845456 0.4826980390625 0.08055569375 0.486071646875 0.081721171875 0.49550701718749995 0.089372690625 0.5054771328125 0.0960755171875 0.5080744453125 0.10306274374999999 0.5142043453125 0.10823206406250001 0.5179186234375 0.1154639515625 0.521416115625 0.118694071875 0.51742725 0.119943178125 0.5127776984375 0.1212738390625 0.507250678125 0.1123474125 0.49341763437499997
0 0.662821409375 0.9348478140625 0.7070027343749999 0.96899261875 0.7176403875 0.9572002156250001 0.6889077968749999 0.9241378546875 0.6721239015625 0.9032001468749999 0.6425687703125 0.87518555 0.624277303125 0.885677603125 0.639347353125 0.906043728125 0.662821409375 0.9348478140625
0 0.4059783859375 0.854197640625 0.3959051734375 0.8599170046875001 0.403837615625 0.881033325 0.423883978125 0.9086942453125 0.44402680937500005 0.9201080046874999 0.45067232500000004 0.9132454765625001 0.418515634375 0.8561874640625 0.4059783859375 0.854197640625
0 0.21938118125 0.6907842328125 0.21764319687499997 0.683880378125 0.21835168437500002 0.678695903125 0.216214209375 0.6748711187499999 0.209416603125 0.67119868125 0.2029191109375 0.674050940625 0.198875825 0.67732015625 0.20089960625 0.6860258609375001 0.20396177031249998 0.6981897953125 0.2090422859375 0.7057064859375 0.212383665625 0.7136470078125 0.2166586171875 0.721296575 0.22310971093749998 0.72625883125 0.228590871875 0.7233687718749999 0.23215963906249998 0.7215474515625 0.22744768125 0.716161365625 0.22275118906250002 0.7081704421875 0.22143474375 0.70160794375 0.220908396875 0.697517409375 0.21938118125 0.6907842328125
0 0.0464781109375 0.43455919062500004 0.055495953125 0.4423851671875 0.06400949375000001 0.449541034375 0.0706713578125 0.45467396875 0.07387930000000001 0.4494196203125 0.0743472375 0.44194646249999997 0.0756880359375 0.43727402031249996 0.053723909375000004 0.41268268125 0.0418512171875 0.4148464953125 0.039779884375000005 0.4212829875 0.0402985 0.42667594218750005 0.0464781109375 0.43455919062500004
0 0.02701689375 0.38791493125 0.0258791328125 0.3940604703125 0.025576717187499997 0.40219113906250004 0.0309055171875 0.4106940953125 0.037319096875 0.4148407640625 0.0416856953125 0.41418898593750003 0.047618175 0.4137582875 0.049636528125 0.409111046875 0.0494412234375 0.40633553281249996 0.041846940625 0.39416586875 0.038159048437499996 0.387515165625 0.0313537109375 0.385145146875 0.02701689375 0.38791493125
0 0.0835343859375 0.3784555453125 0.08663752031250001 0.3694520171875 0.0855097953125 0.359639771875 0.0798344859375 0.3524266328125 0.0717490640625 0.3516373859375 0.06630541875 0.3553430328125 0.06439960781250001 0.36243703437499997 0.062230046875 0.371149609375 0.0610393078125 0.37908439843749997 0.0615501875 0.38577977343750003 0.0653738203125 0.3909699796875 0.0713658609375 0.39477529218749996 0.0774108828125 0.39679135625 0.0806033578125 0.39414184531249996 0.08295275468749999 0.390809625 0.0835343859375 0.3784555453125