0 0.8719323859375001 0.887461146875 0.8630264109375 0.871693371875 0.8101388671875001 0.8751140640624999 0.7767683046875 0.8766966140625 0.761520734375 0.8890550890625001 0.762329953125 0.91372153125 0.7782622703125 0.9255954046875001 0.8278983015625 0.92612639375 0.8565355609375 0.9167745984375 0.8719323859375001 0.887461146875
0 0.747449253125 0.8771174109375 0.6385623296875 0.8731065359375 0.61549173125 0.877842790625 0.6086522421875 0.9042326812500001 0.61408549375 0.9209962453125 0.644033178125 0.9293210609375 0.747455803125 0.9273822765625 0.75442603125 0.9080016390625 0.747449253125 0.8771174109375
0 0.5115276328125 0.8757087968749999 0.48812719375 0.8814792 0.48112591718750003 0.9116737421875 0.49730718124999995 0.9244157968750001 0.577534734375 0.92677918125 0.5888552671875 0.916016546875 0.5860108921875 0.8820682421875 0.5115276328125 0.8757087968749999
0 0.42329675 0.893492071875 0.41050731718750005 0.8816565546874999 0.3471953359375 0.8814894499999999 0.3318232921875 0.893413834375 0.3274607390625 0.9153352124999999 0.340331065625 0.9252684046875 0.40769455781249997 0.9242737578125 0.41674352187499997 0.9165114000000001 0.42329675 0.893492071875
0 0.3191583328125 0.8820124078125 0.310986665625 0.8556988546875001 0.295975509375 0.855775190625 0.26997992656249997 0.872155175 0.2229489 0.9025532796875 0.22445511406250002 0.9209126875000001 0.23604339218749998 0.930743715625 0.25944383125 0.9249733109375 0.312511678125 0.8937837421875001 0.3191583328125 0.8820124078125
0 0.30111595 0.8256444515625001 0.2875796765625 0.8112043906249999 0.2740559359375 0.8099146515625 0.2536864390625 0.82843964375 0.204309215625 0.8703155109375 0.21193314375 0.885981125 0.22893587499999998 0.8928502375 0.2538610421875 0.8814750171875 0.300425221875 0.8385266453125 0.30111595 0.8256444515625001
0 0.40680986093750005 0.7770156859374999 0.40926828125 0.7965113984375 0.42358244375 0.8027420984375 0.47365694375 0.7982489015625001 0.4770983375 0.7643773125 0.43074550624999997 0.7687429031249999 0.40680986093750005 0.7770156859374999
0 0.6616693890625001 0.7330624171875 0.6582650265625001 0.7190055562500001 0.6463904874999999 0.712545090625 0.5652605734375 0.7179569781249999 0.553243046875 0.7350266453125001 0.5555334140625 0.7517518515625 0.5629394421875 0.75573538125 0.614712990625 0.754983034375 0.6513882234375 0.7496341906249999 0.6616693890625001 0.7330624171875
0 0.8516990453125001 0.78850143125 0.8682349281249999 0.782820278125 0.8870734296875 0.763324946875 0.8869800046874999 0.7520769515625 0.8645938671875 0.737355853125 0.8129943531249999 0.7037641609375 0.7845340843749999 0.6940732703125 0.7620921187499999 0.7075551421874999 0.7561114124999999 0.72383334375 0.8292755953125001 0.7780190765625 0.8516990453125001 0.78850143125
0 0.8723978125 0.681562884375 0.869404184375 0.6645695515625001 0.8439187421875 0.6521465125 0.781739271875 0.6253468375 0.7557499562500001 0.6483019796875 0.7632867234375 0.6592947625 0.8308122875 0.6981851671875 0.85016748125 0.7001516796875 0.8723978125 0.681562884375
0 0.6587438375 0.65732673125 0.55426204375 0.670862803125 0.54873565 0.68654095 0.5528059609375 0.705104678125 0.590725928125 0.7040967390625 0.6559297921875 0.6933861375 0.666665271875 0.6762143078125 0.6587438375 0.65732673125
0 0.47817971249999996 0.72227536875 0.40701365625 0.7252999484375 0.39101924375 0.73505388125 0.388635734375 0.7507703859375 0.40059743281250004 0.7619036875 0.4770098890625 0.75314668125 0.48307775625 0.7415413125 0.47817971249999996 0.72227536875
0 0.32958063125 0.7479732921875 0.32204386406249996 0.7369805109375 0.3056635 0.7322818515625 0.26347440624999996 0.7664591656249999 0.2467456859375 0.7867588750000001 0.2485381609375 0.8017477203125001 0.2620681671875 0.8096126187499999 0.2778198984375 0.8055656656249999 0.32347545 0.7638174046875 0.32958063125 0.7479732921875
0 0.31462501875000004 0.6761569546875 0.29994370312499996 0.6751991453125 0.25639793437499997 0.7177517828125 0.24640929531250003 0.7375281546875 0.26329381875 0.7505383359375 0.2751185125 0.7480872265625 0.32069316875 0.708241290625 0.328410240625 0.69146519375 0.31462501875000004 0.6761569546875
0 0.466261309375 0.669788778125 0.40151175781250004 0.6798993249999999 0.39205832812499997 0.697173315625 0.395879690625 0.7148688625 0.47485624375 0.7063161796874999 0.483077471875 0.6978516078125 0.48276614531249995 0.674921528125 0.466261309375 0.669788778125
0 0.47895703125000005 0.6266865953125 0.42664827499999997 0.629941321875 0.393862765625 0.6379330671875 0.39077599531249996 0.653381446875 0.3953379328125 0.6671063796875 0.4142388125 0.6696729421875001 0.471669496875 0.6602517 0.48100471875000006 0.6491187796875 0.47895703125000005 0.6266865953125
0 0.6520335187499999 0.6404783703125 0.666036353125 0.623778990625 0.661057415625 0.6064153703125 0.6442227375 0.6023167671875 0.5907626734375 0.612478584375 0.558680425 0.62073845625 0.5522391375 0.631041553125 0.5559360265625 0.648303009375 0.57219191875 0.6525675796875 0.6150284453125 0.646861359375 0.6520335187499999 0.6404783703125
0 0.8612622765625 0.620884296875 0.8675728250000001 0.60357195 0.8243813921875001 0.584011671875 0.7688237953125 0.562829728125 0.7441227921875 0.5924621921875 0.7970416671875 0.6219173015624999 0.8212014796875 0.6319017625 0.8443219234375 0.6360770828125 0.8612622765625 0.620884296875
0 0.7671119281250001 0.50224885 0.740537559375 0.5187948 0.7389382046875 0.5328771031249999 0.811181225 0.5751126265625001 0.8322292015625001 0.574244828125 0.8512793359374999 0.5598564171875 0.8511796453124999 0.5420332640625001 0.7671119281250001 0.50224885
0 0.660689978125 0.567998553125 0.6452555546875 0.557861040625 0.5616985515625 0.5766530171875 0.5551763703125 0.5888584406249999 0.558294471875 0.6062858640625 0.574301415625 0.60968225 0.64955003125 0.594682015625 0.6612439828125 0.585221653125 0.660689978125 0.567998553125
0 0.486003175 0.605386265625 0.4848703828125 0.5883291296875 0.474240578125 0.58620956875 0.4308252640625 0.592081753125 0.4089558203125 0.598822496875 0.40255811250000006 0.6114620109375 0.4045559515625 0.62498261875 0.42155241875 0.6252765703125001 0.47737121250000003 0.6167873109374999 0.486003175 0.605386265625
0 0.328143496875 0.633739625 0.33885391249999997 0.590267153125 0.3377273828125 0.5797851781250001 0.323830221875 0.57719316875 0.30377803281250004 0.5815336921875 0.2937085015625 0.603212390625 0.2844419234375 0.6429823703124999 0.2891220671875 0.6505662296875 0.309261415625 0.650898540625 0.3206691078125 0.644808740625 0.328143496875 0.633739625
0 0.414500728125 0.5591801249999999 0.4044186640625 0.567708503125 0.4030682546875 0.5826589890625 0.41523531875 0.5923240515625 0.4820883875 0.576442721875 0.48835535312499995 0.5567939578125001 0.485529778125 0.5425711328125 0.451997428125 0.5479583359375 0.414500728125 0.5591801249999999
0 0.8293049375000001 0.5050669375 0.8459527625 0.48666955468750006 0.842716453125 0.4753832015625 0.8104909328125001 0.46348350156249996 0.7599806328125001 0.44461252812499996 0.743737275 0.45349828125 0.7332071625000001 0.469201871875 0.73946188125 0.48009249218749994 0.8097506421875 0.511143825 0.8293049375000001 0.5050669375
0 0.6631676328125 0.48270842812500003 0.6521208281249999 0.47695017812499996 0.57852768125 0.49335484531249996 0.5633610046874999 0.5038109953125 0.5633798031249999 0.5235364765625 0.5809177437499999 0.52790320625 0.6553386234375 0.5122007546875 0.6658687359375 0.49649716093749996 0.6631676328125 0.48270842812500003
0 0.4900415859375 0.50369478125 0.4768041046875 0.49903447968750003 0.41474939062500005 0.5163585984375 0.39917198125 0.529751221875 0.40183576875 0.5477786984375 0.41990891562500005 0.549643046875 0.4829158359375 0.5334552343750001 0.4922883734375 0.5180835687500001 0.4900415859375 0.50369478125
0 0.6606468328124999 0.441150815625 0.642940840625 0.43401357812499997 0.567984753125 0.4522184125 0.555880065625 0.46461524687500005 0.56061005625 0.4811106828125 0.5795545171875001 0.4860136671875 0.6442169078125 0.4712302859375 0.663061675 0.4583101125 0.6606468328124999 0.441150815625
0 0.4923627171875 0.46591637500000005 0.475073725 0.46241782656249997 0.42608217187499997 0.47505658124999994 0.4154649 0.48608733906249996 0.41675948125 0.49933982187500003 0.42921280624999997 0.505634325 0.4794864078125 0.49309773124999995 0.491466621875 0.48026680781250003 0.4923627171875 0.46591637500000005
0 0.352628521875 0.50505434375 0.3489354078125 0.49435936406250003 0.32380109687499997 0.5006363421875 0.308572325 0.5327202984375 0.310115853125 0.5468409609375 0.314715103125 0.55632715 0.33443745156250004 0.5530207703125 0.34472488437500004 0.54302415625 0.352628521875 0.50505434375
0 0.8333894171875 0.40572055156250003 0.769056584375 0.3757800828125 0.7516866984374999 0.374183859375 0.7238801265625 0.39953922343750004 0.738325028125 0.41277917343750004 0.7970753562499999 0.4429110546875 0.8170030703125001 0.43813643906250005 0.83882266875 0.422484115625 0.8333894171875 0.40572055156250003
0 0.3599223234375 0.47806439687499996 0.36758328125 0.4458015640625 0.364384284375 0.4302764671875 0.351806484375 0.42354787656250004 0.33498433906249997 0.4325995921875 0.3258607484375 0.44883943750000005 0.3192266265625 0.47376109062499994 0.3218841484375 0.4852134078125 0.3412393421875 0.4871799171875 0.3599223234375 0.47806439687499996
0 0.469275809375 0.45093583437499996 0.48713105624999997 0.44111809687500003 0.4909957140625 0.41746035781249996 0.47594097812499997 0.415200275 0.4503498640625 0.422068628125 0.42984336093750003 0.42700920625 0.41761420156250006 0.43897195 0.418124628125 0.45385863437499996 0.43206536875 0.4587870609375 0.469275809375 0.45093583437499996
0 0.4896575546875 0.401871459375 0.49038559687500005 0.3847505203125 0.47955042499999995 0.38409919375 0.44362203281249996 0.39205258125000003 0.4262646796875 0.40360667968749997 0.42300985625000004 0.416284553125 0.4269058453125 0.4255026125 0.44270115624999995 0.42379207656249995 0.4842493671875 0.41140853593750004 0.4896575546875 0.401871459375
0 0.2375486875 0.42483533281249997 0.207121909375 0.4344996375 0.1874929859375 0.44905401093749997 0.184325321875 0.4664047171875 0.20008331875000002 0.46893292343750004 0.2455958828125 0.450714796875 0.2514894296875 0.4297637609375 0.2375486875 0.42483533281249997
0 0.187418359375 0.457531496875 0.1785622296875 0.4506752984375 0.1450734609375 0.45839891875000005 0.12793400625 0.4816351 0.15283439375000002 0.4876489453125 0.17957681718750002 0.4738735046875 0.187418359375 0.457531496875
0 0.5177626359375 0.342606146875 0.5041517343749999 0.336643575 0.465702825 0.34672905468750004 0.4378464078125 0.3631728421875 0.43198390781249996 0.373309975 0.43840668125000004 0.386971103125 0.4515570015625 0.38695857031249997 0.5120744546875 0.36208894687500004 0.5177626359375 0.342606146875
0 0.535270728125 0.351237665625 0.5496595171875 0.348990878125 0.6203760390624999 0.316000921875 0.6221446515625 0.298140009375 0.6147759374999999 0.289917734375 0.6005489359375 0.28835986875 0.5514827546875 0.3094761109375 0.531194153125 0.32609877656249997 0.5252507578125 0.338138234375 0.535270728125 0.351237665625
0 0.8167544734375 0.299650025 0.78784615625 0.29713435 0.7421965875 0.3017680671875 0.7202835624999999 0.30617239375 0.7132324421875 0.3274553609375 0.7327619546874999 0.3387675375 0.8039653265625001 0.3315042140625 0.8152485437499999 0.3249803234375 0.8167544734375 0.299650025
0 0.8241229062500001 0.26418259375 0.814022040625 0.25298548906249996 0.7856116171874999 0.2522061765625 0.75426994375 0.25649543124999996 0.7252061046875 0.26435956875 0.7136055781249999 0.2850679234375 0.7217647125 0.2982311578125 0.7452523125 0.2971335890625 0.8061992968749999 0.289052975 0.8241229062500001 0.26418259375
0 0.8153226046875 0.2291234265625 0.8083646234374999 0.21796467968750002 0.7740791671875 0.21417217812499997 0.7180114265624999 0.2217932578125 0.7057885328125 0.2403311609375 0.7104313624999999 0.252153765625 0.7309877109375 0.2561247640625 0.792476171875 0.25211692812500003 0.811775253125 0.2385967 0.8153226046875 0.2291234265625
0 0.059588178125 0.4420685234375 0.029740184375 0.4515668640625 0.0294975046875 0.45727384375 0.069166365625 0.4689183296875 0.090083603125 0.461041278125 0.09751441250000001 0.4476357453125 0.0855962921875 0.4388388609375 0.059588178125 0.4420685234375
0 0.125196509375 0.42184628750000003 0.10709231562499999 0.43079584375 0.098622140625 0.4383922375 0.098217671875 0.4479038703125 0.10608428125 0.45786250468749995 0.1388635234375 0.4432956015625 0.14463259687500002 0.42191047187499997 0.125196509375 0.42184628750000003
0 0.19051231562499998 0.39841945624999997 0.1589279609375 0.4084156890625 0.1442591765625 0.4206082015625 0.1419565609375 0.4344223796875 0.1568059296875 0.4381506984375 0.1941345765625 0.42415840156250006 0.2017271734375 0.40694821562500005 0.19051231562499998 0.39841945624999997
0 0.2608628859375 0.364153275 0.232259628125 0.37799252031249997 0.2183749984375 0.38855083125 0.21764695625 0.40567176875 0.23154411874999997 0.4082637796875 0.2712252296875 0.38936888125 0.2742248390625 0.369247665625 0.2608628859375 0.364153275
0 0.3293215734375 0.3407648015625 0.2993926890625 0.35216546718749997 0.2821162296875 0.36181723906249996 0.277871884375 0.3775975484375 0.2910284703125 0.384160175 0.33402051875 0.3680741421875 0.340617325 0.3473912328125 0.3293215734375 0.3407648015625
0 0.4191953921875 0.3112356375 0.40727727500000005 0.3024387546875 0.374703396875 0.3155374234375 0.3649947546875 0.325368071875 0.353176328125 0.33439434375 0.35451448750000003 0.3499832421875 0.3704405375 0.3552819578125 0.41755872343749995 0.3295566859375 0.4191953921875 0.3112356375
0 0.49534636875000004 0.28846013125000003 0.553953140625 0.254742734375 0.5536045015625 0.23605139999999997 0.5430120109375001 0.2296930921875 0.530733003125 0.23274425937499998 0.5002689109375 0.24664730625 0.488823903125 0.2569758484375 0.4750637484375 0.2679682484375 0.47238771249999995 0.2804801578125 0.48244499531249996 0.28934084375 0.49534636875000004 0.28846013125000003
0 0.6036962296875 0.20103617968749998 0.60147450625 0.21294803281250002 0.6147505890625 0.2199273875 0.6342675703125 0.21808924375 0.691044553125 0.173621746875 0.698226415625 0.1593480328125 0.6804382421875 0.1475553234375 0.6603860546875 0.15189585 0.630301646875 0.1736763296875 0.6169584921875 0.1883074171875 0.6036962296875 0.20103617968749998
0 0.85163509375 0.141685421875 0.831545590625 0.15026468906249998 0.8112008765625 0.151400615625 0.76126338125 0.169478225 0.7545421 0.1897270453125 0.7605105578125 0.2039882265625 0.7895370828125 0.20036283125 0.8567137234375 0.1768721953125 0.85163509375 0.141685421875
0 0.7250761078125 0.1418399453125 0.780739096875 0.10004079375 0.7870282484375 0.0845761296875 0.7713289609375 0.0759614953125 0.736527096875 0.0943968578125 0.704625434375 0.11857755625 0.6915312250000001 0.134076828125 0.6943941140625001 0.1440609078125 0.7073017562499999 0.1497553546875 0.7250761078125 0.1418399453125
0 0.83553760625 0.14915758125 0.8529385390625001 0.1399399 0.8513141171875 0.1277215640625 0.90631851875 0.10302343437499999 0.9038031765625 0.0966979578125 0.87874726875 0.1010639265625 0.8468330734375 0.11209430625000001 0.8355498562499999 0.1186181953125 0.81359951875 0.1272612671875 0.8055463406250001 0.1384963484375 0.8046066656249999 0.1505103609375 0.8132511609374999 0.1522596375 0.83553760625 0.14915758125
0 0.8176008984375001 0.0734982328125 0.8342612562499999 0.06825116718749999 0.8879950484375 0.0415684671875 0.87843646875 0.0057871671875 0.8454632984374999 0.0199398984375 0.8364579140625 0.030038673437500003 0.8231084937500001 0.0380946046875 0.8110038062499999 0.050491435937499995 0.8110163375000001 0.06364175625 0.8176008984375001 0.0734982328125
0 0.716872825 0.038960884375 0.7050418656249999 0.0348368328125 0.6817721671875 0.0476164859375 0.6771917140625 0.0578557796875 0.697605075 0.0853569125 0.71087986875 0.0857784703125 0.7283616953125 0.0746584640625 0.733850775 0.0632190578125 0.716872825 0.038960884375
0 0.6746028374999999 0.075040521875 0.6580980000000001 0.069907771875 0.6373115031250001 0.084794075 0.6389732375 0.09277366875000001 0.6591812328125 0.1217430375 0.6696865625 0.12342850624999999 0.68563739375 0.1113381578125 0.6923276281249999 0.101903240625 0.6746028374999999 0.075040521875
0 0.6316233234374999 0.1042768765625 0.6217340921875001 0.0981866953125 0.59503525 0.11429855468750001 0.59810350625 0.1228143984375 0.6121937859375 0.1544775578125 0.6234023765625001 0.1564311546875 0.64237161875 0.14394507343750002 0.6480287515625001 0.1352761765625 0.6316233234374999 0.1042768765625
0 0.5874298375 0.0746687140625 0.5975181671875001 0.072715496875 0.645040821875 0.0374785921875 0.6485072796875 0.029907645312499998 0.6402672515625001 0.0186467375 0.624185678125 0.0237278375 0.6073635328125 0.032779553125 0.576121553125 0.0548919640625 0.577870446875 0.0675443890625 0.5874298375 0.0746687140625
0 0.572829415625 0.071808578125 0.55073580625 0.060292078125 0.50734555625 0.092464903125 0.495533396875 0.10806633437499999 0.4983153921875 0.1199527421875 0.507009734375 0.1306135953125 0.519948421875 0.1254941375 0.57759671875 0.084065271875 0.572829415625 0.071808578125
0 0.5072529828125 0.2122860265625 0.5134265234375001 0.18138926718749998 0.5089081656250001 0.17000075312500001 0.49741331562499996 0.17141771875 0.48385852500000004 0.1809418828125 0.47613518906249996 0.19114281875 0.47284305312499997 0.2080594359375 0.47124369687499995 0.222141740625 0.48125739999999995 0.228666009375 0.4976688125 0.222550765625 0.5072529828125 0.2122860265625
0 0.4748844734375 0.223916459375 0.47791513124999996 0.19298134218750002 0.468517528125 0.182052365625 0.4502888625 0.190567828125 0.44707135156250005 0.1990069578125 0.44550930937500005 0.2088505203125 0.44180017187500004 0.222128446875 0.44168823125 0.23484467812499998 0.44723342343750006 0.23889201249999997 0.4668686109375 0.23091279999999997 0.4748844734375 0.223916459375
0 0.43899339531250003 0.2276311046875 0.4466170390625 0.1996070125 0.43817164374999995 0.18981434218749998 0.424486115625 0.19232925625 0.4134518421875 0.1997213265625 0.4082117078125 0.21202891250000003 0.404421678125 0.22720916562500001 0.403401109375 0.24112550625 0.4129978125 0.24401108749999997 0.43263300156250006 0.23603187499999997 0.43899339531250003 0.2276311046875
0 0.41003523125 0.21620385312499998 0.40907675781249997 0.208492384375 0.3971213234375 0.20393424375000002 0.379141603125 0.2133178890625 0.37146184843749996 0.22585524375000002 0.36594172187499996 0.24810855156249997 0.37687031875 0.26000787187499996 0.398036503125 0.2529990015625 0.40683651875000004 0.2443684625 0.404421678125 0.22720916562500001 0.41003523125 0.21620385312499998
0 0.3758058875 0.22789808906250003 0.3814630203125 0.21922919218749998 0.3697129546875 0.2132028171875 0.35140339374999996 0.22362060781249998 0.34537910625 0.23756239375 0.3402697140625 0.2568792296875 0.34764469375 0.2716766640625 0.369346084375 0.2621654109375 0.37326685625 0.253994409375 0.3712317015625 0.24471254375 0.3758058875 0.22789808906250003
0 0.33626178281249997 0.260377396875 0.340705228125 0.23655369375 0.3409043296875 0.228510296875 0.33069152343749997 0.2300294234375 0.3301127359375 0.23019538750000001 0.3153132140625 0.2353786484375 0.3072600390625 0.246613728125 0.302723165625 0.259189440625 0.300090709375 0.27403776562500004 0.320360796875 0.28137932656250003 0.3347433203125 0.272557378125 0.33626178281249997 0.260377396875
0 0.40315159375 0.1528779125 0.40760757343750004 0.142204528125 0.39659808124999996 0.1322075359375 0.3868831703125 0.13546302500000001 0.369115084375 0.14995359531250002 0.35982343906250003 0.16342293125000001 0.35358751875 0.17225779218749998 0.36165949531249997 0.1807481921875 0.3711690390625 0.178960940625 0.40315159375 0.1528779125
0 0.364571946875 0.15595414531250001 0.3848169703125 0.1369950625 0.3946127734375 0.1318372484375 0.40200626875 0.1226704578125 0.3757739875 0.107642875 0.3520189265625 0.13183648750000002 0.3438039640625 0.1468762234375 0.335707209375 0.1557748859375 0.339771253125 0.16776345625 0.352056525 0.17128745 0.36238753749999997 0.16362725312499998 0.364571946875 0.15595414531250001
0 0.353269928125 0.1427525515625 0.3570226453125 0.13181104375 0.36710471093749997 0.12328266562500001 0.357918740625 0.11746061249999999 0.34250311718750004 0.1270485796875 0.326801234375 0.1400071109375 0.3216046796875 0.15465111250000002 0.3161156 0.1660905171875 0.3275794046875 0.17548745625 0.3372880484375 0.16565680625 0.34199297500000003 0.15585160468749998 0.353269928125 0.1427525515625
0 0.351421340625 0.112276971875 0.34232253125 0.11112775156250002 0.328562375 0.12212015312499999 0.317608996875 0.127609896875 0.3009611703125 0.1460072828125 0.3035751125 0.15512318281249998 0.3147463921875 0.161315521875 0.320490684375 0.1573194578125 0.329290703125 0.1486889203125 0.33651614375 0.136751621875 0.347550415625 0.12935955 0.36317140625 0.11830334687499999 0.351421340625 0.112276971875
0 0.3330368703125 0.08748254375 0.31505715 0.0968661890625 0.3137004734375 0.10524151562499999 0.31966893281250003 0.119502696875 0.325463071875 0.12441821093750001 0.3478614578125 0.108599925 0.34268341874999997 0.0992797015625 0.3400694765625 0.090163803125 0.3330368703125 0.08748254375
0 0.3251887765625 0.053559682812499995 0.30340649218750004 0.06497326249999999 0.3048255453125 0.078659834375 0.3117026328125 0.09172090625 0.3210503890625 0.0937383078125 0.33803432187500004 0.08088193906249999 0.3385507296875 0.05865407500000001 0.3251887765625 0.053559682812499995
0 0.3119947625 0.0337599171875 0.3098415140625 0.048095003125 0.3198179046875 0.0588580171875 0.34072887343749997 0.04440580625 0.3409341265625 0.025461687500000003 0.3119947625 0.0337599171875
0 0.28073409531250004 0.053622725 0.27572411093750004 0.0470730109375 0.26381852499999997 0.05142644843750001 0.2521991984375 0.0524093234375 0.231823434375 0.064359153125 0.23109539375 0.08148009218749999 0.2463990765625 0.0846083546875 0.2749587546875 0.0684326921875 0.28073409531250004 0.053622725
0 0.25315225625000004 0.18461474687499999 0.2361059453125 0.17540921874999998 0.2159418171875 0.192465975 0.2150021421875 0.20447998906249998 0.20608391875 0.219251596875 0.2139878390625 0.2249714890625 0.22362185625 0.22361832656249997 0.254857571875 0.1949307578125 0.25315225625000004 0.18461474687499999
0 0.20802674062499998 0.2323181984375 0.1997867125 0.22105729218749998 0.1794482640625 0.228768378125 0.1712706140625 0.23956936875 0.1584190859375 0.2493616609375 0.1611201890625 0.26315039375 0.17323740781250002 0.26390388124999997 0.200060725 0.2482261140625 0.20802674062499998 0.2323181984375
0 0.20739229531249997 0.2869009546875 0.196718909375 0.282444975 0.1841100640625 0.2865302875 0.16937291875 0.3137754453125 0.1768287921875 0.3266705546875 0.1900226953125 0.3289944375 0.2049777390625 0.3134313640625 0.20413747031249999 0.2995788265625 0.20739229531249997 0.2869009546875
0 0.1265486421875 0.288942278125 0.14899060625 0.2754604109375 0.15729272968750002 0.265093509375 0.1509571171875 0.256105215625 0.1388834765625 0.2576881453125 0.1230072734375 0.261301009375 0.10610423437500001 0.2722550515625 0.10512097812500001 0.2819326484375 0.114848421875 0.29182748125 0.1265486421875 0.288942278125
0 0.172472221875 0.3114773859375 0.17821025 0.30090616406250004 0.17832845625 0.29476509375000004 0.17146390312499998 0.2948543421875 0.157205853125 0.30411038125 0.151922140625 0.31408155 0.1505717328125 0.32903203593749997 0.15277494062500002 0.3410844078125 0.16489215937499999 0.3418378953125 0.1735677015625 0.332773265625 0.174426484375 0.3226615765625 0.172472221875 0.3114773859375
0 0.1543307171875 0.324665684375 0.1558927578125 0.31482212187499997 0.1479888359375 0.30910223124999997 0.13381168125 0.31645594374999997 0.125882978125 0.3281251140625 0.1238728875 0.34514389375 0.1274390390625 0.3553961 0.140091465625 0.35364720625 0.156540190625 0.3432932171875 0.1566148171875 0.3348157296875 0.1543307171875 0.324665684375
0 0.056552692187499996 0.30478525 0.034645934375 0.31576474062500004 0.0323806328125 0.325340175 0.045786165625 0.3327709828125 0.0593036390625 0.3274855625 0.07943045625 0.31466755156250004 0.077886928125 0.3005468875 0.056552692187499996 0.30478525
0 0.036488256250000003 0.3396651609375 0.039823971875 0.32508496249999996 0.02704080625 0.31982460625 0.014643592187500002 0.3290168421875 0.009608825 0.3398561890625 0.0113950328125 0.348269875 0.01896285 0.3484487515625 0.036488256250000003 0.3396651609375