0 0.2474927734375 1 0.3111712859375 0.9133271109375001 0.298698175 0.896094525 0.2685001171875 0.8818160953125 0.2323937453125 0.9039722796874999 0.21860767499999997 0.9226819453124999 0.1687152328125 0.9797956624999999 0.1523032453125 0.9896428546875 0.1509902859375 1 0.2474927734375 1
0 0.17528002812500001 0.9207125062499999 0.1995697703125 0.9103729546875 0.2218900734375 0.8882167703125001 0.243553896875 0.866552946875 0.2711260359375 0.8429196843750001 0.29213337968749997 0.8153475453125001 0.28097322812500003 0.7976225984374999 0.2534010890625 0.782851809375 0.22845486718750002 0.7902372046874999 0.20679104375000001 0.8099315890625001 0.184470740625 0.8315954140624999 0.17134115156250002 0.8468585624999999 0.15558564218749998 0.8571981140625 0.14573845000000002 0.8754154203125 0.1345782984375 0.894617446875 0.1437690109375 0.908895875 0.17528002812500001 0.9207125062499999
0 0.215325278125 0.793683721875 0.2369891015625 0.7784205734375 0.2534010890625 0.7616803453125 0.26981307656250003 0.74937135625 0.28162970781249996 0.7365700046875 0.2822861875 0.7237686546875 0.27046955625 0.7173679796875 0.26324828125 0.707028428125 0.24421037656250003 0.70407426875 0.22254655156249997 0.7153985406250001 0.196287371875 0.7316464078125 0.1765929859375 0.7459248374999999 0.15361620468749998 0.7651268640625 0.1358912578125 0.7789129328125 0.130639421875 0.7951608015625 0.1326088609375 0.7976225984374999 0.1542726828125 0.8173169843749999 0.179875384375 0.8173169843749999 0.196287371875 0.805500353125 0.215325278125 0.793683721875
0 0.1582115609375 0.73410820625 0.178562425 0.737062365625 0.1969438515625 0.7237686546875 0.2166382359375 0.707028428125 0.2323937453125 0.696196515625 0.2547140484375 0.67847156875 0.2685001171875 0.6627160609375 0.2750649125 0.6508994296874999 0.2711260359375 0.636128640625 0.2606223640625 0.6257890890625 0.23895853906250003 0.6252967296875 0.22517247031249998 0.6331744828125 0.20876048281249998 0.6410522375000001 0.1890660984375 0.6553306671875 0.17331058906250002 0.667147296875 0.15886804062499998 0.6769944906250001 0.142456053125 0.6883187609375 0.1332653390625 0.6991506734375 0.1332653390625 0.7168756187499999 0.14114309375 0.7242610140625 0.1582115609375 0.73410820625
0 0.457566215625 0.908895875 0.4811994765625 0.9039722796874999 0.5041762609375 0.898556321875 0.53634375625 0.8916632890624999 0.5632594156249999 0.884770253125 0.5724501296875 0.8724612625000001 0.5691677312500001 0.855721034375 0.5573511 0.8394731671875 0.5396261531250001 0.8350419312499999 0.5166493703125 0.8404578859375 0.47988651875 0.8463662031249999 0.445749584375 0.855721034375 0.4352459125 0.865568228125 0.4299940765625 0.8808313765625 0.43918478906249997 0.9010181203125001 0.457566215625 0.908895875
0 0.42605519843749995 0.83602665 0.4516579 0.8350419312499999 0.47266524375 0.8340572125 0.49629850624999994 0.830118334375 0.5192752890625 0.823717659375 0.5442215109374999 0.8187940640625 0.5593205390625 0.8089468703125 0.5540687015625 0.792699003125 0.5442215109374999 0.7779282140625 0.5324048796875 0.76857338125 0.5081151375 0.7725122578125 0.4851383546875 0.7739893375 0.4615050921875 0.7789129328125 0.44246718593749995 0.7803900125000001 0.41029969062499994 0.7882677671875 0.40570433437500003 0.8015614765624999 0.40767377343750005 0.816824625 0.41817744531249995 0.8286412546875 0.42605519843749995 0.83602665
0 0.39651362031250004 0.75774146875 0.41358208906250005 0.7621727046875 0.43787182968750005 0.7606956265625 0.4595356546875 0.7552796703125 0.4766041203125 0.7547873109375 0.48842075156250003 0.75774146875 0.50548921875 0.7528178734375001 0.5238706453125 0.7474019171874999 0.5324048796875 0.732631128125 0.5264965640625 0.7198297765625 0.5159928921875 0.708997865625 0.4989244234375 0.7050589890625 0.4746346828125 0.7085055062500001 0.4542838171875 0.708997865625 0.4332764734375 0.709982584375 0.40701729374999995 0.7124443828125 0.3932312234375 0.720814496875 0.3873229078125 0.7301693296875 0.3886358671875 0.7474019171874999 0.39651362031250004 0.75774146875
0 0.473978203125 0.7016124703125 0.49170315000000003 0.7016124703125 0.5061456984375 0.6937347171875 0.5120540140625 0.679948646875 0.5087716171875 0.66567021875 0.49826794531249996 0.6568077453125001 0.478573559375 0.6553306671875 0.45297085781249996 0.6553306671875 0.42080336249999994 0.6573001046875 0.39979601875 0.6587771828125 0.38141459218749996 0.664193140625 0.3781321953125 0.6789639281250001 0.3866664296875 0.6986583140625 0.40307841718750004 0.7050589890625 0.42342928124999996 0.70308955 0.4510014203125 0.704566628125 0.473978203125 0.7016124703125
0 0.8606446312499999 0.97437970625 0.781867090625 0.9989976875 0.8908426890625 0.998505328125 0.8803390171875 0.9797956624999999 0.8606446312499999 0.97437970625
0 0.7240968953125 0.896094525 0.7444477593750001 0.8916632890624999 0.7496995953125001 0.8793542984375 0.7437912796874999 0.864583509375 0.7359135265625001 0.855721034375 0.7188450578125 0.8547363156250001 0.6604183828125 0.8690147453125 0.6709220546875 0.90791115625 0.6945553171875 0.9039722796874999 0.7240968953125 0.896094525
0 0.7306616890625001 0.8399655265625 0.7516690328125 0.8281488953125 0.7516690328125 0.8266718171875 0.7451042390625 0.8089468703125 0.73131816875 0.7931913625 0.7096543453125 0.7922066421875 0.6893034796874999 0.7961455203125001 0.6617313421875 0.8015614765624999 0.643349915625 0.8084545109375 0.6335027234374999 0.8212558609375 0.6459758328125 0.8399655265625 0.652540628125 0.8498127203125 0.6801127671875 0.8507974390624999 0.70571546875 0.8453814828124999 0.7306616890625001 0.8399655265625
0 0.6492582312499999 0.7897448453125 0.6676396578125 0.7853136078125 0.6893034796874999 0.781867090625 0.7076849078125 0.782851809375 0.72212745625 0.7769434937499999 0.7306616890625001 0.7646345046875 0.7234404140625 0.7513407937500001 0.713593221875 0.7375547250000001 0.7017765921875 0.7355852859375 0.6814257265625 0.7390318031249999 0.6558230265625 0.7414936015625 0.6328462421875 0.74494011875 0.6190601734375 0.7538025921875 0.619716653125 0.7651268640625 0.6262814484375 0.7784205734375 0.6367851203125 0.7872830468750001 0.6492582312499999 0.7897448453125
0 0.6367851203125 0.7355852859375 0.6531971078125001 0.7301693296875 0.6794562890625 0.7277075328125 0.697181234375 0.7296769703125 0.708997865625 0.7188450578125 0.7109673046875 0.7025971906249999 0.7011201109375 0.6927499984375001 0.6899599609375 0.6819180859375 0.6696090953125 0.684379884375 0.6505711890625 0.6858569640625001 0.6282508859375 0.6868416828125 0.612495378125 0.6922576390625 0.6026481859375 0.6942270781250001 0.6026481859375 0.704566628125 0.6105259390625 0.7222915765625 0.6210296125 0.73410820625 0.6367851203125 0.7355852859375
0 0.6098694609375 0.6829028046875 0.6229990515625 0.6794562890625 0.6459758328125 0.67847156875 0.6617313421875 0.6794562890625 0.676173890625 0.674532690625 0.6814257265625 0.6617313421875 0.67486093125 0.6494223515625 0.6577924640624999 0.640559878125 0.6374416 0.640559878125 0.6138083375 0.640559878125 0.5947704328125 0.643514034375 0.5829538015625 0.6444987546875 0.5737630874999999 0.6513917890625 0.5822973203124999 0.6666549374999999 0.591488034375 0.6794562890625 0.6098694609375 0.6829028046875
0 0.60199170625 0.63366684375 0.6262814484375 0.6331744828125 0.643349915625 0.636621 0.6577924640624999 0.6321897640625 0.6610748609375 0.6169266140625 0.652540628125 0.601663465625 0.6354721609375 0.5957551515625 0.6138083375 0.5957551515625 0.5908315546875 0.5952627921875 0.5757325265625 0.59477043125 0.5573511 0.60117110625 0.5612899765625 0.6198807734375 0.5790149234374999 0.6341592031250001 0.60199170625 0.63366684375
0 0.4142385671875 0.604617625 0.4359023921875 0.6031405453125 0.4464060640625 0.60560234375 0.4628180515625 0.600678746875 0.471352284375 0.5903391953125 0.4628180515625 0.574091328125 0.444436625 0.564313065625 0.42277280156249997 0.5657901437499999 0.39979601875 0.564313065625 0.38141459218749996 0.564313065625 0.35975076875 0.5648054250000001 0.344651740625 0.5834461609375 0.353842453125 0.5992016687499999 0.3709109203125 0.60560234375 0.3945441828125 0.6026481859375 0.4142385671875 0.604617625
0 0.1595245203125 0.6519530796875 0.18644017968749999 0.6445676859375 0.2048216046875 0.63028925625 0.227141909375 0.6160108265625001 0.25077517031249996 0.603209475 0.2625918015625 0.5874539671875 0.264561240625 0.5731755374999999 0.2520881296875 0.560866546875 0.2343631828125 0.5510193546875 0.2159817578125 0.5544658734375 0.19563089218750002 0.5648054250000001 0.1765929859375 0.577606775 0.15886804062499998 0.5918852046875 0.1444254921875 0.60025531875 0.1267005453125 0.6155184671875 0.12473110624999999 0.6297968968750001 0.1378606953125 0.64309060625 0.1595245203125 0.6519530796875
0 0.1726541109375 0.563328346875 0.1910355359375 0.5500346359375 0.2107299203125 0.536248565625 0.2264854296875 0.5219701375 0.23961502031249998 0.5131076640625001 0.25077517031249996 0.5017833921875 0.24683629375 0.487012603125 0.23042430625 0.4771654109375 0.21204287968750002 0.47076473593749996 0.193004975 0.480611928125 0.1660893140625 0.4953827171875 0.1509902859375 0.505229909375 0.135234778125 0.5175389 0.12473110624999999 0.527878453125 0.1207922296875 0.54018744375 0.1365477375 0.55298879375 0.1542726828125 0.5613589078125 0.1726541109375 0.563328346875
0 0.6177472140625 0.589915765625 0.63481568125 0.590900484375 0.6499147109375001 0.583515090625 0.6492582312499999 0.5667748625 0.6387545578125 0.5539735125 0.6223425703125 0.5515117140625 0.6072435421875 0.5485575578125 0.5862361984375 0.547080478125 0.5612899765625 0.547080478125 0.546847428125 0.5490499171875001 0.5396261531250001 0.55938946875 0.5435650296875 0.5761296953125 0.5573511 0.5854845296875 0.5724501296875 0.5859768890625 0.591488034375 0.589915765625 0.6177472140625 0.589915765625
0 0.3623766859375 0.55938946875 0.39257474375 0.5579123890625 0.41883392343750003 0.556927671875 0.43393295312499996 0.559881828125 0.4510014203125 0.5554505921875 0.4615050921875 0.54658811875 0.462161571875 0.53378676875 0.4536273390625 0.520493059375 0.43984126874999996 0.5155694609375 0.4063608140625 0.5140923828124999 0.3748497984375 0.5145847421874999 0.3518730140625 0.5150771015625 0.3393999046875 0.5254166546875 0.33611750625000003 0.5387103640625 0.3439952609375 0.55298879375 0.3623766859375 0.55938946875
0 0.5534122234375001 0.5436339609374999 0.5724501296875 0.5441263203125 0.5908315546875 0.547080478125 0.6046176234375 0.5460957578125 0.6177472140625 0.5377256453125 0.61840369375 0.5254166546875 0.6111824203125 0.5140923828124999 0.5941139515625 0.5081840671875 0.575076046875 0.5071993484374999 0.5461909484375 0.5076917078125 0.5383131953125 0.5067069875 0.5284660015625 0.5145847421874999 0.5297789609375 0.52738609375 0.5409391125 0.5392027234375 0.5534122234375001 0.5436339609374999
0 0.8836214140624999 0.90694613125 0.906598196875 0.9133468062500001 0.9262925828125 0.9271328750000001 0.9446740078125 0.937472428125 0.9748720656250001 0.94338074375 0.9945664515624999 0.939441865625 0.9978488484374999 0.9089155703125 0.9827498203125 0.894637140625 0.94073513125 0.8729733156249999 0.92432314375 0.8650955625 0.8901862093749999 0.8552976062500001 0.8777130984375001 0.8586948874999999 0.8711483046874999 0.8714962375 0.8731177421874999 0.889221184375 0.8836214140624999 0.90694613125
0 0.885590853125 0.9734146812500001 0.9098805953125 0.980307715625 0.9289185 0.986708390625 0.946643446875 0.9955708640625 0.96896375 0.997540303125 0.9939099703125001 0.9955708640625 0.9991618078125001 0.9906472687500001 0.9991618078125001 0.9571668125 0.9853757375000001 0.9478119812499999 0.963055434375 0.9389495078125 0.9440175296875 0.9350106296874999 0.9236666640625 0.9286099546875001 0.8954380453124999 0.9192551218749999 0.8783695781249999 0.923686359375 0.8731177421874999 0.937472428125 0.87705661875 0.9547050140625 0.885590853125 0.9734146812500001
0 0.826507696875 0.8173366796874999 0.8442326437500001 0.8261991515625 0.8711483046874999 0.84047758125 0.8816519765624999 0.8513094921875 0.9006898812499999 0.8527865718750001 0.9164453890625 0.841954659375 0.9190713078125 0.822752634375 0.9098805953125 0.810936003125 0.896094525 0.8020735312499999 0.8809954953125001 0.7897645390625 0.8606446312499999 0.7794249875 0.8468585609374999 0.7769631890625 0.8356984109375001 0.7681007156249999 0.8179734640625 0.7710548734375 0.8087827515624999 0.7838562234374999 0.8120651484374999 0.8015811703125 0.826507696875 0.8173366796874999
0 0.7963096390625 0.7410209359375 0.8094392296875 0.7513604890625001 0.8271641765625001 0.7597306015624999 0.8448891234374999 0.7705625140625 0.8573622343749999 0.7769631890625 0.8685223859375 0.7818867843749999 0.8836214140624999 0.77400903125 0.88887325 0.7612076812499999 0.8862473328125 0.74840633125 0.8731177421874999 0.738066778125 0.8593316734374999 0.732650821875 0.8501409593749999 0.7218189109375001 0.8343854515625001 0.7149258765625001 0.8245382578125 0.70754048125 0.812721628125 0.703601603125 0.7956531609375 0.70557104375 0.7864624484375 0.7114793578125 0.7812106109375 0.7292043046875001 0.7963096390625 0.7410209359375
0 0.7424783203125 0.6391024937500001 0.7516690328125 0.6558427203125 0.7615162265625 0.6686440703125001 0.772676378125 0.676521825 0.7917142828125 0.672582946875 0.8061568328125001 0.66913643125 0.8094392296875 0.6578121578125 0.8061568328125001 0.6425490093749999 0.789088365625 0.626793503125 0.7825235703125 0.6139921515625 0.7700504593749999 0.60906855625 0.7575773484375 0.596759565625 0.7470736765625 0.5947901265625 0.73131816875 0.59823664375 0.7234404140625 0.6066067562499999 0.7300052109374999 0.623346984375 0.7424783203125 0.6391024937500001
0 0.7004636328125 0.5617823375000001 0.7122802640625 0.57556840625 0.7254098531250001 0.5770454843749999 0.7391959234375001 0.5721218890624999 0.7391959234375001 0.5598128984375 0.7352570453125 0.5489809859375 0.728035771875 0.5361796359375 0.7214709765625 0.528794240625 0.7129367421875 0.5228859265625 0.70308955 0.5145158125 0.685364603125 0.5135310921875 0.6768303703125 0.5204241281249999 0.67748685 0.528794240625 0.6906164390625 0.54454975 0.7004636328125 0.5617823375000001
0 0.1319523796875 0.4382394578125 0.1568986015625 0.43873181875 0.17790594531249998 0.4372547390625 0.2054780859375 0.43430058125000004 0.2232030328125 0.43331586250000004 0.240927978125 0.42888462499999996 0.24421037656250003 0.4170679953125 0.240927978125 0.403774284375 0.2297678265625 0.39343473125 0.21466879843750003 0.390972934375 0.1923484953125 0.3939270921875 0.1463949296875 0.39979601875 0.12276166718749999 0.403774284375 0.11488391406250001 0.41165203906250003 0.1181663109375 0.4249457484375 0.1319523796875 0.4382394578125
0 0.11882279062500001 0.390972934375 0.139830134375 0.3983583296875 0.1542726828125 0.395404171875 0.1746235484375 0.3924500140625 0.1910355359375 0.3924500140625 0.2048216046875 0.3904805734375 0.21401231874999999 0.391957653125 0.2264854296875 0.3880187765625 0.23370670468750002 0.3811257421875 0.23305022343749998 0.37226326875 0.224515990625 0.3599542765625 0.2107299203125 0.3510918046875 0.1936614546875 0.349122365625 0.1765929859375 0.350107084375 0.16805875312500002 0.349122365625 0.12801350312499998 0.3535536015625 0.1109450359375 0.355523040625 0.1043802421875 0.365370234375 0.10700615937499999 0.3796486625 0.11882279062500001 0.390972934375
0 0.12473110624999999 0.350107084375 0.14048661406250001 0.3535536015625 0.1608374796875 0.349614725 0.1884096171875 0.347152928125 0.2015392078125 0.3476452875 0.2166382359375 0.34813764687500004 0.22845486718750002 0.338290453125 0.22911134687499998 0.32056550625 0.21860767499999997 0.3087488765625 0.20285216718750002 0.308256515625 0.163463396875 0.3097335953125 0.1417995734375 0.3141648328125 0.1102885578125 0.3220425859375 0.1030672828125 0.32992034062500003 0.1102885578125 0.34469112968750004 0.12473110624999999 0.350107084375
0 0.08402937656250001 0.29496280625 0.1135709546875 0.30136348125 0.13392181875 0.300871121875 0.156242121875 0.3048099984375 0.1693717125 0.29496280625 0.16805875312500002 0.2782225796875 0.15755508125 0.26295943125 0.1372042171875 0.2550816765625 0.09978488437500001 0.2506504390625 0.0748386640625 0.25409695625 0.0571137171875 0.25163515937500003 0.050548921875 0.2875774125 0.062365553124999994 0.2920086484375 0.08402937656250001 0.29496280625
0 0.083372896875 0.253683375 0.10109784375 0.2522062953125 0.10241080312499999 0.24482090156249997 0.09059417187499999 0.2364507890625 0.0531748390625 0.2245553796875 0.0531748390625 0.248759778125 0.0676173890625 0.25269865625 0.083372896875 0.253683375
0 0.0046216156250000005 0.17344845 0.021033603125 0.1768949671875 0.0354761515625 0.18329564375000001 0.05582701718750001 0.1877268796875 0.0722390046875 0.184772721875 0.07880380000000001 0.173940809375 0.0702695671875 0.15966238125 0.051888140625 0.1512922671875 0.026915659375 0.1389635828125 0.013155848437500001 0.166555415625 0.000026259375000000003 0.1695095734375 0.0046216156250000005 0.17344845
0 0.1273832828125 0.2143142984375 0.14445175 0.22268441249999998 0.1615202171875 0.2310545265625 0.1792451640625 0.2379475625 0.19565715156250002 0.2433635171875 0.20944322187500003 0.24287115781250002 0.21994689374999998 0.23893228125000002 0.2219163328125 0.22613092968749998 0.2114126609375 0.21529901875 0.19762659062500001 0.2054518265625 0.1818710828125 0.197574071875 0.1654590953125 0.19166575624999999 0.1497035859375 0.19166575624999999 0.1260703234375 0.184772721875 0.11162777500000001 0.185757440625 0.1050629796875 0.19609699375 0.1090018578125 0.20643654531250002 0.1273832828125 0.2143142984375
0 0.24817551249999997 0.2733974546875 0.2665569390625 0.2832446484375 0.2829689265625 0.2911224015625 0.3072586671875 0.29900015468749996 0.326953053125 0.29653835625 0.33154840937499996 0.2802904890625 0.32235769531249997 0.2669967796875 0.3111975453125 0.25813430625 0.2967549953125 0.2468100359375 0.275091171875 0.23942464062500002 0.254083828125 0.2310545265625 0.2383283203125 0.2300698078125 0.225855209375 0.2418864390625 0.2219163328125 0.2551801484375 0.231763525 0.266012059375 0.24817551249999997 0.2733974546875
0 0.1365739953125 0.07156939531249999 0.14051287343750002 0.0622145625 0.1346045578125 0.05039793125000001 0.12344440625 0.041043098437499995 0.11753609062499999 0.0331653453125 0.0978417046875 0.018886915625 0.0768343609375 0.008055003125 0.0643612515625 0.009532081250000001 0.0545140578125 0.03759658125 0.0630482921875 0.0395660203125 0.09849818593750001 0.0616828140625 0.110314815625 0.0686152390625 0.1201620078125 0.0725541140625 0.1365739953125 0.07156939531249999
0 0.27640413124999996 0.15133165625 0.2934725984375 0.1606864890625 0.3085716265625 0.16265592812500002 0.31710586093750004 0.1557628921875 0.3190752984375 0.148377496875 0.31710586093750004 0.1395150234375 0.30594570781249997 0.13065255 0.2901902015625 0.122774796875 0.2783735703125 0.1242518765625 0.2626180609375 0.11834356093750001 0.254083828125 0.1178512 0.24554959375 0.12228243750000001 0.2435801546875 0.13311435 0.258679184375 0.14345390156249999 0.27640413124999996 0.15133165625
0 0.1831840421875 0.17791907499999998 0.19631363125 0.1857968296875 0.21206913906249997 0.1636406453125 0.21469505781249998 0.152808734375 0.20681730312500002 0.144438621875 0.19368771406250002 0.139022665625 0.17990164375 0.1365608671875 0.17136741093750002 0.147392778125 0.162176696875 0.1631482859375 0.1602072578125 0.17250311875 0.1831840421875 0.17791907499999998
0 0.2297940859375 0.20844537187499998 0.24554959375 0.21336896875 0.2547403078125 0.2035217765625 0.2639310203125 0.1857968296875 0.267869896875 0.17447255781249998 0.2534273484375 0.16462536562500002 0.2357024015625 0.1616712078125 0.22454225 0.17151840000000002 0.20944322187500003 0.194659303125 0.214038578125 0.20056761875 0.2297940859375 0.20844537187499998
0 0.279686528125 0.232078634375 0.30003739218750003 0.23897166875 0.30922810625 0.2325709953125 0.3157929015625 0.21238424843749998 0.3184188203125 0.1976134609375 0.3131669828125 0.188258628125 0.2888772421875 0.180873234375 0.27574765156250003 0.182842671875 0.2698393359375 0.20450649531249998 0.263274540625 0.2242008796875 0.279686528125 0.232078634375
0 0.3518992734375 0.182842671875 0.3650288640625 0.1887509875 0.38209733125 0.19613638125 0.40113523593749995 0.1995829 0.41032595 0.1862891890625 0.404417634375 0.1739801984375 0.3906315640625 0.157239971875 0.3683112609375 0.1498545765625 0.3440215203125 0.1395150234375 0.3249836140625 0.1542858125 0.3230141765625 0.1690566015625 0.3381132046875 0.17791907499999998 0.3518992734375 0.182842671875
0 0.347960396875 0.3915046828125 0.3709371796875 0.3959359203125 0.39194452343749997 0.400859515625 0.4155777859375 0.40775255 0.43133329375 0.41070670781249996 0.44774528281250003 0.40381367343749996 0.449058240625 0.3875658046875 0.43592865156249994 0.37673389375 0.4201731421875 0.3688561390625 0.4083565109375 0.3624554640625 0.364372384375 0.3512296640625 0.3473039171875 0.3555624296875 0.3381132046875 0.36590198125 0.338769684375 0.3777186140625 0.347960396875 0.3915046828125
0 0.54424776875 0.4944078453125 0.5659115921875 0.49342312499999996 0.5849494984375 0.4949002046875 0.60070500625 0.48702245 0.5954531703125 0.47323638125 0.5842930187500001 0.46240446874999996 0.5639421546875 0.46092739062500004 0.5225839453125001 0.45994267187500004 0.5094543546875 0.4648662671875 0.5094543546875 0.4771752578125 0.5212709859375 0.49046896875 0.54424776875 0.4944078453125
0 0.6519104078125 0.4889918890625 0.65716224375 0.5022856 0.67620015 0.5077015546875 0.6998334109375 0.5072091953125 0.7057417265625 0.49046896875 0.6932686171875 0.46782042500000004 0.682108465625 0.4569885125 0.674887190625 0.44763367968749995 0.6525668875 0.44517188281250003 0.64075025625 0.4510801984375 0.634841940625 0.4594503125 0.6427196953125 0.4727440203125 0.6519104078125 0.4889918890625
0 0.510110834375 0.46191210937499994 0.5298052203125 0.46043503125 0.5468736875 0.46141975 0.566568071875 0.46191210937499994 0.578384703125 0.4594503125 0.5770717453125 0.44615660156250003 0.5645986328125 0.43680176875 0.5475301671875 0.429416375 0.5206145078125 0.4274469359375 0.505515478125 0.426462215625 0.496324765625 0.43335524999999997 0.4982942046875 0.4515725578125 0.510110834375 0.46191210937499994
0 0.4805692578125 0.41710738437500006 0.5028895609374999 0.421046259375 0.5219274656249999 0.42547749687499997 0.538339453125 0.4274469359375 0.552782003125 0.424492778125 0.55869031875 0.4121837859375 0.5494996046875 0.401351875 0.5258663421875001 0.3915046828125 0.49304236718750005 0.3875658046875 0.46547022812499994 0.38658108750000003 0.456279515625 0.3969206390625 0.46350078906250003 0.41513794531250003 0.4805692578125 0.41710738437500006
0 0.39850931875 0.32060489531249997 0.41492130625 0.3265132125 0.4378980890625 0.33389860625 0.45365359843749997 0.3393145609375 0.4641572703125 0.34473051875 0.47334798281249996 0.34029928125 0.4851646140625 0.32848265 0.47663037968750005 0.315188940625 0.45824895468750004 0.308788265625 0.4484017609375 0.3009105109375 0.41032595 0.291555678125 0.39850931875 0.2935251171875 0.3932574828125 0.3028799484375 0.39194452343749997 0.3117424234375 0.39850931875 0.32060489531249997
0 0.4267379375 0.2748154515625 0.4405240078125 0.281216125 0.45824895468750004 0.281708484375 0.4648137484375 0.273338371875 0.4615313515625 0.262506459375 0.456279515625 0.248720390625 0.44774528281250003 0.24231971562500002 0.439867528125 0.23591903906249997 0.4247684984375 0.23198016250000003 0.4136083484375 0.23739611875 0.4122953890625 0.2452738734375 0.4195166640625 0.2585675828125 0.4267379375 0.2748154515625
0 0.561972715625 0.37476445625 0.5777282234375 0.3757491734375 0.5941402109375 0.38264220937500004 0.6079262812499999 0.38313456874999996 0.6184299531249999 0.37673389375 0.6131781171874999 0.359008946875 0.5974226093749999 0.35310063125 0.5875754171875001 0.34620759687499997 0.5672245515625 0.34029928125 0.5514690437499999 0.34473051875 0.5429348109375 0.3511311921875 0.5422783296875 0.3585165875 0.550156084375 0.3693484984375 0.561972715625 0.37476445625
0 0.7726895078125 0.45501907499999994 0.7963227703125 0.4584655921875 0.8087958796875 0.4589579515625 0.8087958796875 0.44517188281250003 0.7996051671875 0.4358170484375 0.7851626171875 0.4313858125 0.77072006875 0.4284316546875 0.7530082515625 0.426954575 0.7431479296875 0.43237053281250004 0.7451173671875 0.44074064531249996 0.7523386421875 0.45403435625000005 0.7726895078125 0.45501907499999994
0 0.825864346875 0.466343346875 0.8389939375000001 0.4643739078125 0.8534364859375 0.46929750312499996 0.8665660765625001 0.4648662671875 0.8606577609375 0.45452671406249995 0.854092965625 0.4422177234375 0.833085621875 0.43975592656250007 0.8265208265625 0.4387712078125 0.8133912359375 0.4412330046875 0.8074829203125 0.44763367968749995 0.8160171546875 0.4589579515625 0.825864346875 0.466343346875
0 0.6558361546875 0.3949512 0.675530540625 0.3969206390625 0.69062956875 0.3983977171875 0.6939119671875 0.38658108750000003 0.6866906921875 0.3757491734375 0.675530540625 0.37131793750000003 0.6669963078125 0.36688670156250003 0.6512407984374999 0.36590198125 0.63679825 0.36442490312500003 0.6276075359375 0.37131793750000003 0.6269510578124999 0.37968805156249996 0.6374547296874999 0.391012321875 0.6558361546875 0.3949512
0 0.7254229828125001 0.406275471875 0.7457738484374999 0.41021434843750004 0.760216396875 0.4087372703125 0.7595599171875 0.3915046828125 0.7477432859375 0.384611646875 0.7333007375 0.377226253125 0.7103239546875 0.37476445625 0.6958814046875 0.38214985 0.7024462 0.3969206390625 0.7090109953125 0.4043060328125 0.7254229828125001 0.406275471875
0 0.8199560328125 0.42498513750000005 0.8304597046875 0.42400041875000005 0.833085621875 0.41513794531250003 0.8245513890625 0.40332131406249994 0.8147041953124999 0.3964282796875 0.797635728125 0.393474121875 0.7799107828125 0.3915046828125 0.7759719046875 0.40332131406249994 0.7845061390625 0.4146455859375 0.7989486875 0.420061540625 0.8199560328125 0.42498513750000005
0 0.8606577609375 0.4289240140625 0.8751003109375001 0.4343399703125 0.8842910234374999 0.42498513750000005 0.8783827078125 0.4156303046875 0.86722255625 0.40824491093750004 0.8514670484375 0.40036715625 0.8363680203125 0.401351875 0.8304597046875 0.40922962968750004 0.8396504171875 0.42547749687499997 0.8606577609375 0.4289240140625
0 0.8921687765625 0.43778648750000004 0.9092372453124999 0.4387712078125 0.946000096875 0.41907682187499995 0.9394353015625001 0.4121837859375 0.9151455609375001 0.40922962968750004 0.884947503125 0.4141532265625 0.8783827078125 0.420061540625 0.8816651046875 0.43089345312500005 0.8921687765625 0.43778648750000004
0 0.4595487828125 0.2659529765625 0.4602052625 0.2767848890625 0.47202189375000003 0.2846626421875 0.48974684062499996 0.29204803749999997 0.4989375546875 0.285155003125 0.496968115625 0.27235365312500004 0.49040332031249995 0.26102938125 0.48318204531250003 0.251674546875 0.47530429218750003 0.24281207500000002 0.4595487828125 0.23936555781250002 0.4483886328125 0.2452738734375 0.4575793453125 0.25413634687500003 0.4595487828125 0.2659529765625
0 0.49368571718750004 0.2669376953125 0.5009069921875 0.278754328125 0.513380103125 0.2890938796875 0.529792090625 0.290570959375 0.5376698453125 0.28023140625 0.5350439265625 0.2649682578125 0.5232272953125 0.2546287046875 0.5120671437500001 0.2447815125 0.49105980000000005 0.2408426359375 0.48252556562500004 0.249705109375 0.4864644421875 0.2565981453125 0.49368571718750004 0.2669376953125
0 0.5324180078125 0.2703842140625 0.529792090625 0.2822008453125 0.5370133640625 0.292540396875 0.5553947921875 0.29894107187499996 0.5718067796875 0.2945098359375 0.5724632578125 0.2822008453125 0.5678679015625 0.2669376953125 0.5593336671875 0.261521740625 0.5481735171875 0.255613425 0.5311050484375001 0.2511821875 0.5219143359375 0.2531516265625 0.5278226515625 0.2580752234375 0.5324180078125 0.2703842140625
0 0.5586771890625 0.2457662328125 0.5750891765625 0.25068982812499996 0.586249328125 0.249705109375 0.59215764375 0.2398579171875 0.5947835609375 0.2270565671875 0.58493636875 0.22213297031249998 0.567211421875 0.2177017328125 0.55211239375 0.214255215625 0.5304485703124999 0.21376285625000002 0.5212578578125 0.223117690625 0.523883775 0.23247252187499998 0.5357004062499999 0.2398579171875 0.5586771890625 0.2457662328125
0 0.5232272953125 0.1911143125 0.5396392828125001 0.19849970781249998 0.5488299953125 0.20933162031250002 0.562616065625 0.214747575 0.5711502984375 0.20933162031250002 0.5691808609375 0.197022628125 0.5586771890625 0.1911143125 0.553425353125 0.1802824015625 0.522570815625 0.1655116125 0.501563471875 0.1792976828125 0.5114106640625 0.1871754375 0.5232272953125 0.1911143125
0 0.5317615296875 0.217209375 0.5448911187500001 0.214747575 0.5540818328125 0.21327049687500002 0.5435781609375 0.20096150625 0.5337309671875 0.1930837515625 0.5186319390625 0.1876677953125 0.510754184375 0.1876677953125 0.49959403281250003 0.19456083125 0.5022199515625 0.2044080234375 0.5173189796875 0.2117934171875 0.5317615296875 0.217209375
0 0.5652419828124999 0.268414775 0.567211421875 0.281708484375 0.5665549421875 0.292540396875 0.57574565625 0.3004181515625 0.595440040625 0.30189523125 0.60134835625 0.292540396875 0.5947835609375 0.279739046875 0.58493636875 0.2659529765625 0.567211421875 0.255121065625 0.55670775 0.255121065625 0.5553947921875 0.261521740625 0.5652419828124999 0.268414775
0 0.6046307546875 0.2984487125 0.6230121796875 0.3078035453125 0.6413936062500001 0.304357028125 0.6420500859375 0.291555678125 0.6394241671875001 0.280723765625 0.6276075359375 0.27186129375 0.61776034375 0.2649682578125 0.60134835625 0.261521740625 0.5915011640625 0.2703842140625 0.5960965203125 0.28269320468750003 0.6046307546875 0.2984487125
0 0.7372396140624999 0.317158378125 0.7444608890625 0.3255284921875 0.7589034375 0.33439096562500004 0.7700635890624999 0.33143680781249996 0.77072006875 0.3186354578125 0.7608728765625 0.3014028703125 0.7510256828124999 0.2945098359375 0.7352701765625 0.2930327578125 0.7241100234375 0.2940174765625 0.7260794625 0.3053417484375 0.7372396140624999 0.317158378125
0 0.7680941515625 0.322574334375 0.7700635890624999 0.33389860625 0.7858190984375 0.3417763609375 0.79435333125 0.334883325 0.793040371875 0.322574334375 0.7877885359375 0.3132195015625 0.77794134375 0.3073111859375 0.7648117531249999 0.29943343125 0.7589034375 0.30238758906249996 0.767437671875 0.309772984375 0.7680941515625 0.322574334375
0 0.793040371875 0.33832984375 0.8022310859375 0.34719231562499997 0.8192995515625 0.3457152375 0.8219254703125 0.3304520890625 0.8133912359375 0.3210972546875 0.8022310859375 0.310757703125 0.7864755765625 0.3073111859375 0.7838496593750001 0.31272714218750003 0.7923838921875 0.32749793125000004 0.793040371875 0.33832984375
0 0.5764021359375 0.1916165203125 0.56852438125 0.1842311265625 0.5553947921875 0.17487629375 0.5416087218750001 0.170937415625 0.5383263234375 0.17241449375 0.5435781609375 0.17684573125 0.5553947921875 0.18472348593750001 0.5593336671875 0.1930936 0.5691808609375 0.1980171953125 0.569837340625 0.2088392609375 0.5829669296875 0.21623450156250001 0.5888752453125 0.206387309375 0.58493636875 0.199001915625 0.5764021359375 0.1916165203125
0 0.567211421875 0.18472348593750001 0.5764021359375 0.1955553984375 0.5869058078125 0.2034331515625 0.5947835609375 0.1985095546875 0.6006918765625 0.1871852828125 0.5770586140625 0.1714297765625 0.5658984640625 0.17044505625 0.5494864765624999 0.16502909999999998 0.5370133640625 0.1714297765625 0.5527688734375 0.1797998890625 0.567211421875 0.18472348593750001
0 0.567211421875 0.17241449375 0.5750891765625 0.16847561718749998 0.5737762171874999 0.1601055046875 0.57574565625 0.1546895484375 0.567211421875 0.1477965140625 0.5560512703125 0.1433652765625 0.5475170375 0.146319434375 0.5442346390624999 0.1630596609375 0.5527688734375 0.16404438125 0.567211421875 0.17241449375
0 0.6761870203125 0.2383906859375 0.68504949375 0.2447913609375 0.6978508437500001 0.24282192187499999 0.7004767609375 0.236421246875 0.6912860484375 0.2270664140625 0.682751815625 0.2167268625 0.6617444703124999 0.20687966875 0.6505843203125 0.2167268625 0.6525537578125 0.2221428171875 0.6617444703124999 0.2270664140625 0.6761870203125 0.2383906859375
0 0.7287053796875 0.2644857453125 0.7385525734375 0.2703940609375 0.749712725 0.27236349843749996 0.755621040625 0.266455184375 0.7503692046875 0.2541461921875 0.736583134375 0.2447913609375 0.7254229828125001 0.24134484375 0.71426283125 0.2403601234375 0.7070415578125 0.2477455171875 0.7103239546875 0.2561156328125 0.7195146671875 0.26103922812499997 0.7287053796875 0.2644857453125
0 0.7923838921875 0.2895960875 0.8055134828125 0.2895960875 0.8114217984375 0.27974889375 0.8101088390625 0.268424621875 0.795666290625 0.2639933859375 0.7799107828125 0.2639933859375 0.7667811921875 0.2635010265625 0.7621858359375 0.27137878125000003 0.7680941515625 0.2812259734375 0.7805672609375 0.2831954109375 0.7923838921875 0.2895960875
0 0.8691919953125 0.3132293484375 0.877726228125 0.3142140671875 0.8862604609375 0.303874515625 0.8816651046875 0.2950120421875 0.8685355156250001 0.290088446875 0.8573753640625 0.289103728125 0.8468716921875 0.2895960875 0.8363680203125 0.29451968281249996 0.8429328140625 0.30338215625 0.8573753640625 0.308305753125 0.8691919953125 0.3132293484375
0 0.8928252578125001 0.3191376640625 0.9079242859375001 0.3225841828125 0.9112066828125001 0.31716822499999997 0.9066113265625001 0.30978283125 0.9000465312499999 0.302889796875 0.8875734203125001 0.299443278125 0.884947503125 0.3043668765625 0.8796956671875 0.3132293484375 0.8928252578125001 0.3191376640625
0 0.9433741796874999 0.3363702515625 0.9505954531249999 0.33932440937499997 0.9558472890624999 0.32996957656250003 0.9512519328125 0.3225841828125 0.9427176984375001 0.3191376640625 0.9328705062499999 0.3201223828125 0.9236797937500001 0.3215994625 0.9230233140624999 0.32701541875 0.9309010687500001 0.3324313734375 0.9433741796874999 0.3363702515625
0 0.9571602484374999 0.3412938484375 0.9709463171875001 0.345725084375 0.9834194296875 0.3491716015625 0.986045346875 0.34178620625 0.9873583046875 0.33538553125 0.9781675921874999 0.332923734375 0.9689768796875 0.332923734375 0.9597861671875 0.3304619359375 0.9545343296875 0.33341609375000003 0.9571602484374999 0.3412938484375
0 0.5731197375 0.1364722421875 0.5691808609375 0.122686171875 0.5455475984375 0.11677785781250001 0.5370133640625 0.122686171875 0.5455475984375 0.1418881984375 0.5645855046875 0.1482888734375 0.5731197375 0.1364722421875
0 0.5540818328125 0.11874729531249999 0.5619595859375 0.109884821875 0.5553947921875 0.093636953125 0.5422652015625 0.089698078125 0.5199448984374999 0.09659111249999999 0.52847913125 0.111854259375 0.5540818328125 0.11874729531249999
0 0.5330744875 0.0882308453125 0.5488299953125 0.0926620828125 0.5527688734375 0.078383653125 0.5383263234375 0.059673987500000004 0.523883775 0.054258031250000005 0.5140365828125 0.0557252625 0.5081282671875 0.0705059 0.517975459375 0.08084545 0.5330744875 0.0882308453125
0 0.5455475984375 0.06065870625000001 0.550799434375 0.05868926875 0.569837340625 0.061643426562500006 0.569837340625 0.054750390625 0.5586771890625 0.0449031984375 0.5370133640625 0.0394872421875 0.522570815625 0.0453955578125 0.52847913125 0.05228859375 0.5455475984375 0.06065870625000001
0 0.5809974921875 0.0724753375 0.5928141234375001 0.07149061875 0.5796845328125 0.0631205046875 0.563929025 0.060166346875 0.55211239375 0.0591816265625 0.5448911187500001 0.06508994375 0.55670775 0.0749371359375 0.5691808609375 0.07149061875 0.5809974921875 0.0724753375
0 0.6308899343750001 0.114818265625 0.614477946875 0.108417590625 0.6033177953125 0.10890995 0.5928141234375001 0.10890995 0.583623409375 0.1123564671875 0.5934706015625 0.12515781875 0.629576975 0.1340202921875 0.6328593734375 0.1246654578125 0.6308899343750001 0.114818265625
0 0.60856963125 0.10890995 0.6223557015625001 0.1108793875 0.6269510578124999 0.1108793875 0.6138214671875 0.10349399374999999 0.5960965203125 0.0990627578125 0.5829669296875 0.10004747656249999 0.5764021359375 0.1054634328125 0.5855928484375 0.1108793875 0.5941270828125 0.1074328703125 0.60856963125 0.10890995
0 0.598065959375 0.09709331875 0.6111955484375 0.10152455625000001 0.6184168234375 0.10004747656249999 0.6020048359375 0.0926620828125 0.5875622859375 0.0877384859375 0.5718067796875 0.0852766875 0.567211421875 0.091185003125 0.5704938203125 0.10103219687500001 0.58493636875 0.0995551171875 0.598065959375 0.09709331875
0 0.589531725 0.085769046875 0.6033177953125 0.0887232046875 0.6066001921875 0.08429196875 0.596753 0.07887601250000001 0.58493636875 0.07346005781250001 0.5665549421875 0.0724753375 0.5599901484375 0.08084545 0.5665549421875 0.0872461265625 0.5770586140625 0.08429196875 0.589531725 0.085769046875