0 0.2437164765625 0.7135323484375 0.139839671875 0.658384328125 0.11677693281249998 0.6839980953125 0.10814390781250001 0.706611484375 0.2324688109375 0.7745735234375 0.25582239218749997 0.76521458125 0.26725410781250003 0.73712466875 0.2437164765625 0.7135323484375
0 0.3790306765625 0.8225754406249999 0.38074325625 0.8017273296875 0.3628874015625 0.784850196875 0.2949897765625 0.7525022078125 0.26802698125 0.7706061109375 0.2733955234375 0.795431153125 0.3432355484375 0.832726678125 0.36511350625 0.8380320250000001 0.3790306765625 0.8225754406249999
0 0.5113011125 0.9136846171874999 0.51756359375 0.8913357203125001 0.5064369937500001 0.87172151875 0.44663745937500005 0.8386686078125001 0.42864430000000003 0.843258328125 0.42358997656249997 0.86189716875 0.42505846406250003 0.8792123484375001 0.49152623125000006 0.9190690109374999 0.5113011125 0.9136846171874999
0 0.5496956203125001 0.8674908015625 0.527504428125 0.8802953046875001 0.527030515625 0.8926629515625001 0.553520378125 0.9485004265624999 0.5705809671875001 0.9662607921875 0.5829767453125 0.9726241171875 0.593651825 0.9702412890625001 0.60615439375 0.959908175 0.6046553953125 0.94736340625 0.5933376078125 0.9267774078125001 0.5834039109375 0.9058383546875 0.5757949875 0.8917904234374999 0.5640795671875 0.8716460421875001 0.5496956203125001 0.8674908015625
0 0.62033805 0.8719236218749999 0.6122165859375001 0.845419484375 0.5964790640625 0.8368468874999999 0.58184290625 0.8412606765625 0.57151969375 0.8503575015625 0.5688664250000001 0.8639614375000001 0.57603194375 0.8856066015625 0.5820198203125 0.906191409375 0.5892005953125 0.9254513687499999 0.6013441625 0.9403837218750001 0.617892209375 0.9456878796874999 0.6317331 0.9421573249999999 0.639509834375 0.929967990625 0.6333002578125 0.9131818 0.6294764828125 0.893745909375 0.62033805 0.8719236218749999
0 0.5947726390625 0.764141796875 0.5918824140625001 0.7839295546875 0.603001875 0.8355232265625 0.61652953125 0.8501025249999999 0.6311046640625 0.8552295593749999 0.6441808 0.847811828125 0.649984625 0.8354453718749999 0.6451591375 0.818306125 0.646458828125 0.800284834375 0.6394539859374999 0.784381875 0.6305067421875 0.7635313828125 0.61457803125 0.75398699375 0.5947726390625 0.764141796875
0 0.647673140625 0.703021575 0.627485371875 0.7112327890625 0.6246409140625 0.7238649296874999 0.6268894109375001 0.74268208125 0.6314779421875001 0.7660051515624999 0.6380546421875 0.7871201375 0.6445011734375 0.79772250625 0.6575010296875 0.8022308015625 0.66857374375 0.799406359375 0.6775128671874999 0.7906625859374999 0.6774132125000001 0.7753795578125 0.674751825 0.759389228125 0.6686948078125 0.718750978125 0.647673140625 0.703021575
0 0 0.649168196875 0.05326139375 0.6763865859375 0.09202400625 0.6960952984375 0.1102846328125 0.68055134375 0.1218465140625 0.6629740484375 0.1138704703125 0.6445973234375 0.09186234843749999 0.6287793578125 0.0373622109375 0.60049805 0.021785367187499998 0.5976676578125 0.013182853125 0.6155106359375 0.000137228125 0.6181579578124999 0 0.6181086859375 0 0.649168196875
0 0.1847478921875 0.519698853125 0.222707121875 0.510696534375 0.22718787968749998 0.48914230937500003 0.20918660312499998 0.46413776562500003 0.177428834375 0.4603320125 0.073774709375 0.46295911093750003 0.060637553125 0.4799176671875 0.07563369375 0.5118121437500001 0.0972899515625 0.520916109375 0.1847478921875 0.519698853125
0 0.307214796875 0.60038159375 0.3775826203125 0.6477481187499999 0.3917753765625 0.6509315640625 0.40133383437500003 0.6379475578125 0.40654883750000004 0.625050925 0.40407863906249997 0.610032390625 0.33114908125000003 0.561958565625 0.314379334375 0.5604530234375 0.300714378125 0.5673405781249999 0.297059396875 0.58324115625 0.307214796875 0.60038159375
0 0.457670559375 0.7494465781249999 0.474776915625 0.7600513249999999 0.49108800468749997 0.77153930625 0.5049441515625 0.765623546875 0.5096161 0.7450411156250001 0.49707489843749997 0.7305503796874999 0.449304021875 0.699532 0.44135135312499996 0.7083643328125 0.4343546265625 0.7220556375 0.43763534843749996 0.733805734375 0.457670559375 0.7494465781249999
0 0.464712071875 0.6670259203125 0.45614006875 0.6800984859375 0.4627625328125 0.6940578562499999 0.49514775625 0.7232176421875 0.5361049812500001 0.7393048578125 0.5486380609375 0.7242013296875001 0.5422830640625 0.6992877265625 0.4948945625 0.6702129343750001 0.4768017515625 0.6595196249999999 0.464712071875 0.6670259203125
0 0.48537375312500003 0.646447059375 0.50284723125 0.6613806015625 0.5283882859375 0.680379634375 0.5517652421875 0.6982297515625 0.5616755671875 0.6919597468750001 0.5735893140625 0.6810964515625 0.57053029375 0.6655477390625 0.548919803125 0.64928815625 0.524380459375 0.6279924796875 0.5053164484375 0.614825403125 0.4854958 0.6273654125 0.48537375312500003 0.646447059375
0 0.35581047187500003 0.564172596875 0.38310273906250003 0.5871473671875 0.406892584375 0.6021706625000001 0.4222629859375 0.6064144625 0.431408553125 0.5962572796875001 0.4364476234375 0.5800036468750001 0.4308116125 0.5661328375 0.4084058578125 0.550756490625 0.3879730125 0.5355572640624999 0.3691307015625 0.5185915703124999 0.3496690578125 0.5058661109375 0.32986366562499997 0.516020915625 0.3271188609375 0.5439360843750001 0.35581047187500003 0.564172596875
0 0.1294820203125 0.42595663124999994 0.1479266984375 0.44336393906250005 0.1798909140625 0.4457562828125 0.22389903906250003 0.44779795 0.252123875 0.44842263750000005 0.2607111359375 0.4329648640625 0.2547537703125 0.40760964375000003 0.2417844265625 0.3983309359375 0.2037102890625 0.3944354296875 0.1616903296875 0.39018568125 0.140768315625 0.3897393078125 0.126086390625 0.401308709375 0.1294820203125 0.42595663124999994
0 0.20687512031250002 0.33171396875000003 0.17966725156250002 0.3264074328125 0.16483990312500002 0.32984942500000003 0.16766196875 0.3515819609375 0.17167693281250002 0.3719896484375 0.1978373234375 0.38674844531249997 0.25699415000000003 0.3968325328125 0.30335756406250003 0.40099491093750006 0.29433923125 0.35298835624999997 0.24254820000000002 0.34064438125 0.20687512031250002 0.33171396875000003
0 0.357046209375 0.487015771875 0.3774332875 0.5093706140625 0.41062903124999994 0.5352619609375 0.43282834374999996 0.55205171875 0.44999572343749994 0.5531156453125 0.461144715625 0.538365171875 0.4636067953125 0.5237894437499999 0.44632450468749996 0.5098276953124999 0.3899887625 0.45990241093749995 0.36652027187499997 0.4563635296875 0.35440007812499996 0.46864023593750004 0.357046209375 0.487015771875
0 0.39043216406250003 0.4523051765625 0.41198162812500005 0.47810558125 0.44005390625 0.5025823265625 0.4650061390625 0.5210511828125 0.4786863546875 0.511778421875 0.48611122343749996 0.49287508593749996 0.47948875781250005 0.47891571875 0.4569375796875 0.45541195781250005 0.4153223921875 0.41874112031250005 0.3989502796875 0.4167939625 0.382471375 0.4315432453125 0.39043216406250003 0.4523051765625
0 0.6751007625 0.6974268703125001 0.6971851640625 0.7013188078125 0.7087236703124999 0.6565324546875 0.711805084375 0.6377164921875 0.6963502859374999 0.6158044546875 0.6806127625 0.60723185625 0.6690966484375 0.617653534375 0.65458351875 0.664559409375 0.6580096609375 0.6844369171875 0.6751007625 0.6974268703125001
0 0.5962829828125 0.644051265625 0.5930327734375 0.6275307578125 0.5319864515625 0.5733640515625 0.5165245140625 0.5834314843749999 0.511454934375 0.6044555296875 0.533608478125 0.6284009078125 0.5713236125 0.65756188125 0.5894774468749999 0.6587143671875 0.5962829828125 0.644051265625
0 0.540122190625 0.5359092484375 0.5281626765625 0.5539281609375 0.534593953125 0.566915734375 0.5773715296875 0.6070321328125 0.5911361421875 0.61542760625 0.60042713125 0.6133978359375 0.6081886109375 0.6035937078125 0.6057336671875 0.5861899671875 0.594767746875 0.5723179703125 0.5515772796875 0.53502839375 0.540122190625 0.5359092484375
0 0.5557061734375 0.5067601703125 0.552846459375 0.521777515625 0.5685229609375 0.5398909359374999 0.5922365265625 0.5668402578125 0.6075611578125 0.578239678125 0.6192074375 0.57833061875 0.6263953515625 0.5656111078125 0.6282686078124999 0.5505052 0.6166833546875 0.5408734374999999 0.607866275 0.5305355625 0.5802068859375 0.5032319953125 0.5654558203125 0.49474795781249997 0.5557061734375 0.5067601703125
0 0.3296594640625 0.29363103125 0.2635974484375 0.282927015625 0.2428818796875 0.2810672296875 0.22273987812499998 0.28212282499999997 0.21494788593749997 0.2966973671875 0.2230846046875 0.3208162984375 0.2368339609375 0.3315969796875 0.271138209375 0.3384952390625 0.32658616875 0.3420412578125 0.345741715625 0.34089709687499997 0.3478061625 0.3267629859375 0.3428352546875 0.3014963265625 0.3296594640625 0.29363103125
0 0.3759224109375 0.2505397421875 0.36772466875 0.235961634375 0.3062125515625 0.2237568359375 0.27426359375 0.2189792875 0.26196746875 0.2278989921875 0.2621972890625 0.2536946375 0.283181140625 0.276570828125 0.358878059375 0.2919679046875 0.37766648593749996 0.28649495156250004 0.382468596875 0.2764251390625 0.3759224109375 0.2505397421875
0 0.521943184375 0.4140033328125 0.514938340625 0.39810037343750004 0.45452660937499995 0.337308228125 0.436181584375 0.335183946875 0.4216603375 0.3524955578125 0.429223490625 0.37369910625 0.4922274671875 0.43042814218750003 0.5082019468750001 0.432816915625 0.521943184375 0.4140033328125
0 0.575755825 0.4880451703125 0.594185246875 0.507837684375 0.6245823015624999 0.539205553125 0.641336790625 0.5430962984375001 0.651468815625 0.5330276765625 0.65590380625 0.518629071875 0.6374896421875 0.4964513484375 0.6092566875000001 0.4662323984375 0.59767143125 0.456600634375 0.58465631875 0.4544775453125 0.571710346875 0.4724078953125 0.575755825 0.4880451703125
0 0.7153829703125 0.6017713046875001 0.7256756703125 0.5974448875 0.7352493859375 0.5820756765625 0.7375507875 0.5617577421875 0.7372752015625 0.5431177109374999 0.721568190625 0.5297747046875 0.710510734375 0.5302139390625 0.69209755 0.569609953125 0.696525403125 0.587190815625 0.7153829703125 0.6017713046875001
0 0.7325941546875 0.4725321421875 0.7257275953125 0.4967360671875 0.717553225 0.509367015625 0.7249862140625 0.5200579453125 0.7400891484375001 0.535255984375 0.7531500265625 0.5302234578125 0.76485733125 0.520773575 0.769735721875 0.49877773281250004 0.7690472453125 0.48296452656250005 0.76694416875 0.47227478593749994 0.753814146875 0.457253871875 0.7378396671874999 0.454865096875 0.7325941546875 0.4725321421875
0 0.6276851265625 0.42445118125 0.6103570703125001 0.41764504999999996 0.601402690625 0.42877402656249997 0.5991318 0.4443215515625 0.6039877984375 0.45669038593750005 0.616765953125 0.4649973 0.633428909375 0.48319928125 0.646176553125 0.49627660625000003 0.6580140203125 0.49733934218750003 0.665981946875 0.486121803125 0.6696064140625 0.4749916359375 0.6627622468750001 0.46483088281249996 0.6571109828125 0.45334528125 0.6276851265625 0.42445118125
0 0.4658434140625 0.296320490625 0.4533103359375 0.31142401875000003 0.4579446328125 0.32759147187500004 0.4759764203125 0.347825603125 0.5047829421875 0.3809599390625 0.5252157859375 0.3961591640625 0.5386437890625 0.39545543125 0.5495558234375 0.386888784375 0.5516355265625 0.370369465625 0.5291148609375 0.3420952921875 0.5081237046875 0.3215954765625 0.484570815625 0.3003883609375 0.4658434140625 0.296320490625
0 0.3166578140625 0.1955783609375 0.3343072234375 0.21386890468750003 0.407083240625 0.224221053125 0.4288157765625 0.22139899062500001 0.4316907453125 0.20399643906249998 0.4164881578125 0.173515371875 0.35460892187500004 0.1569817796875 0.322055884375 0.154059259375 0.309538059375 0.16677758125 0.3166578140625 0.1955783609375
0 0.6755613328125001 0.40443494218750003 0.6873225203125 0.41742370624999997 0.702945134375 0.4130984796875 0.7075713140625 0.39967166875000004 0.698608815625 0.38120638125 0.678634628125 0.356024715625 0.6639140718750001 0.34277026875 0.6498972484375 0.342943821875 0.642518146875 0.35469153750000004 0.6440257468749999 0.36959501562499997 0.66066484375 0.38782349374999997 0.6755613328125001 0.40443494218750003
0 0.67702268125 0.4537295921875 0.6924846171875 0.443662159375 0.6908401984375 0.42298997812500005 0.6781078109374999 0.4075274484375 0.6467243 0.37607101875 0.6348868328124999 0.375008284375 0.6242961499999999 0.39505934531250003 0.6315074375 0.4095488921875 0.66090278125 0.44321340468750003 0.67702268125 0.4537295921875
0 0.6703726125 0.3391497234375 0.6919068234375 0.3673353359375 0.7040809015625 0.377497278125 0.7215310046875001 0.36522176093750003 0.7222113609374999 0.3514407046875 0.7007076624999999 0.3184846828125 0.675720046875 0.2870296796875 0.659347934375 0.2850825203125 0.6491516390625 0.2928542625 0.6474848265625 0.30654675781249996 0.6703726125 0.3391497234375
0 0.573965465625 0.19636901874999999 0.5848551078125 0.22216704687500002 0.612468728125 0.25662623125 0.625950615625 0.2783611453125 0.639921671875 0.2853432109375 0.6554141203125 0.270505365625 0.65020625625 0.2514225296875 0.6479730125 0.23022017187500002 0.6204356718749999 0.1838349578125 0.6037269484375 0.17278859375 0.5841585125 0.176759575 0.573965465625 0.19636901874999999
0 0.384205015625 0.0814832625 0.39374108125 0.10286393281249999 0.4188692484375 0.1246897875 0.45668760312499995 0.1531440578125 0.4762982359375 0.15800719375 0.48881606250000004 0.145288871875 0.48833403124999997 0.128062253125 0.481505121875 0.11551629375000001 0.45695052187499996 0.0966058234375 0.43457527812499996 0.0764590625 0.4050883984375 0.0571057859375 0.3908498734375 0.061077956249999996 0.384205015625 0.0814832625
0 0.5077875578125 0.11119344687499999 0.513270028125 0.087342578125 0.4980064171875 0.0664023359375 0.48643641875 0.0543853671875 0.47014058593749997 0.0405121796875 0.4471612625 0.022220446875 0.43301427343750004 0.0118813828125 0.4184086265625 0.011524759375 0.408261346875 0.023978587500000002 0.408728121875 0.043590410937500004 0.42104762031250004 0.061879764062499995 0.43538579843749997 0.0731906234375 0.47563215468750003 0.10782930937499999 0.49431378906249995 0.119052796875 0.5077875578125 0.11119344687499999
0 0.4422479265625 0 0.440921175 0.010204667187499999 0.45050300625000006 0.0244297203125 0.45990890625 0.035297771875 0.471127040625 0.040600740625 0.5023651296875 0.0639297578125 0.5237844296875 0.0792175453125 0.5364171640625 0.07939704843749999 0.5461668109375 0.0673848359375 0.5433447484375 0.0456523 0.5308188031250001 0.028776357812499997 0.50744185 0.0109262421875 0.49033549218749994 0.00032149375 0.489903296875 0 0.4422479265625 0
0 0.882500528125 0.5618165953125 0.8745244859374999 0.5434398687499999 0.8563167640625 0.5198487359375 0.8387517499999999 0.519226428125 0.833093346875 0.539720296875 0.8418799140625 0.5548285828124999 0.8638270125 0.5801873718749999 0.8766204234374999 0.586109078125 0.882500528125 0.5618165953125
0 0.918633246875 0.6223383 0.9185335921875 0.6070552703125001 0.9052276375 0.5886773562500001 0.8968081937499999 0.5778978640625 0.87805028125 0.5786004078125 0.8783106109375 0.5996256421874999 0.8953254328125 0.624541625 0.9183810343750001 0.6309073281249999 0.918633246875 0.6223383
0 1 0.6365546578125 0.9979168203125001 0.63375199375 0.9723757640624999 0.6147529609375 0.956194840625 0.6137775984375 0.9533351265625001 0.62879494375 0.9666410828125 0.6471728578125 1 0.659109109375 1 0.6365546578125
0 0.9522714109375 0.5790586765625 0.9355626875 0.5680123140625 0.9259737187500001 0.5857667296875 0.9318009171874999 0.60060933125 0.9427363265625001 0.619251740625 0.9586955500000001 0.6240257203125 0.961807475 0.600439346875 0.9522714109375 0.5790586765625
0 0.929207690625 0.5430987078125 0.90880535625 0.523129071875 0.8932132562499999 0.5226838859375 0.891898309375 0.5430903812500001 0.9083090515625001 0.5698613921875 0.9234272406249999 0.582674225 0.9341480859375 0.5731357781249999 0.929207690625 0.5430987078125
0 0.8949410921875 0.499450565625 0.8901308625000001 0.4799261140625 0.8766489734375 0.4581912 0.85874735 0.44846968593750003 0.8490434703125 0.45332627968750006 0.8441955906249999 0.4705517078125 0.87060105625 0.5087209484375 0.8869579125 0.5130533125000001 0.8949410921875 0.499450565625
0 0.8245570328125 0.3928955125 0.80915611875 0.3934221234375 0.8023200718749999 0.41285563593749997 0.833244925 0.45429450468750004 0.8494563609375 0.45049945625000004 0.8543042406250001 0.43327402812500004 0.8253522984374999 0.39201228125 0.8245570328125 0.3928955125
0 0.7559861859375 0.3423491109375 0.77766581875 0.37866213437499996 0.7925928171875001 0.39050317031250004 0.8074659328125 0.3799055609375 0.8063645656249999 0.366919175 0.804689634375 0.35101740625 0.7926070921874999 0.32654423125 0.775324803125 0.31258248125 0.76485616875 0.3135518984375 0.7545024421875001 0.3274191375 0.7559861859375 0.3423491109375
0 0.7027542484375 0.23924318906250003 0.711938446875 0.2539098578125 0.7277217390625 0.2553268375 0.741990775 0.24658425468749998 0.734649321875 0.22158209062499998 0.731987934375 0.205591759375 0.7077770812499999 0.163801025 0.688636790625 0.162559978125 0.67572133125 0.17571991874999998 0.6791322171874999 0.19798263124999999 0.7027542484375 0.23924318906250003
0 0.5990752031250001 0 0.5952321796875 0.0034191765625 0.5962725203125 0.025946384375 0.6221125375 0.0907945046875 0.6320614921875001 0.1093483515625 0.6457443031250001 0.10954575625 0.661953140625 0.09628054375 0.65970464375 0.07746339062499999 0.6551161125 0.054140321874999994 0.64021150625 0.007934609375 0.6319137359375 0 0.5990752031250001 0
0 0.667429896875 0 0.6572029515625 0.005641534375 0.6750974375000001 0.04734251875 0.71671164375 0.0224396203125 0.6918933765624999 0 0.667429896875 0
0 0.7850851453125001 0.1655674328125 0.7851919359374999 0.1488709921875 0.7764358828125 0.12899229375000001 0.75789966875 0.1258962203125 0.7410465078125 0.1682961765625 0.7452831718749999 0.18490524531250002 0.755660271875 0.198247065625 0.7665265390625 0.196836034375 0.7850851453125001 0.1655674328125
0 0.76832351875 0.1936561546875 0.7623437609375 0.2026656125 0.773455103125 0.22466501874999997 0.782891515625 0.23076266093750003 0.7910048609375 0.22767253437499999 0.80539594375 0.19984830468749998 0.8082709140625 0.182445753125 0.7953778453125 0.1612410171875 0.7827451125 0.16106151562499998 0.7802830328125 0.17563724375 0.76832351875 0.1936561546875
0 0.7941096484375 0.23606563125000002 0.8117132921874999 0.261511790625 0.8273816734375 0.2500309453125 0.8362058875 0.2283893515625 0.8321756671875 0.21036687031249998 0.8228307906250001 0.18995799687499998 0.8042793234375001 0.1892471265625 0.80678003125 0.1994952484375 0.7989422734375 0.22122540625 0.7941096484375 0.23606563125000002
0 0.8342634875 0.22344181718749997 0.8322295531250001 0.2328055171875 0.8287657609375 0.24967789218749997 0.8166760828124999 0.25718418593750003 0.8152157125 0.2694632703125 0.8308617015624999 0.2923471015625 0.845513115625 0.2855481078125 0.857487884375 0.265143990625 0.8575794203125 0.2508327578125 0.8474545328125 0.2289219078125 0.8411839343749999 0.221676540625 0.8342634875 0.22344181718749997
0 0.8542071640625 0.25339389375 0.8525403515625 0.267086390625 0.8487094390625 0.27962996875 0.8362221249999999 0.287577878125 0.8338058125 0.294997990625 0.8459188671875 0.3147007546875 0.8573587015624999 0.31620510625 0.869096515625 0.30198481093749996 0.8775383515625 0.27839962812499996 0.8674134640625001 0.2564887796875 0.861142865625 0.24924341249999998 0.8542071640625 0.25339389375
0 0.8588729562499999 0.32636466875000003 0.8690283546875 0.34350510624999997 0.8937050015624999 0.34333393125 0.903500415625 0.324166103125 0.9026207515625 0.3073811 0.8910965187500001 0.28820851406250003 0.8737226953125001 0.288558 0.8710694265625 0.302161934375 0.8656479796875001 0.31647198125 0.8588729562499999 0.32636466875000003
0 0.984437509375 0.447419975 0.9819673109375 0.43240144062499997 0.9739760125 0.416409921875 0.9574432234374999 0.40872055781250005 0.9511807421875 0.431069453125 0.945919971875 0.4511217046875 0.958621846875 0.47135464687499995 0.9752156609375 0.4695031875 0.984437509375 0.447419975
0 0.9734105640624999 0.4430888015625 0.9788401296875 0.45837302031249993 0.960564246875 0.47630218125 0.9608856015624999 0.48778659375 0.9734420578125 0.499892125 0.9905402953125 0.4809026078125 0.9954339421875 0.45652156250000003 0.9851026109375001 0.43602412343749997 0.9734105640624999 0.4430888015625
0 1 0.4672751234375 0.9999075640624999 0.4669468078125 0.9888653625 0.46500083906249995 0.9870073609375 0.477721540625 0.9751088703124999 0.48619962968749997 0.9705132015625001 0.4948560296875 0.9851727328125 0.5176513 0.9964518921875 0.5134134453125 1 0.5063211875 1 0.4672751234375
0 1 0.36222543281249997 0.9944689 0.3604945890625 0.9884738859375 0.37188925156249997 0.9964346734375 0.3926511828125 1 0.400078246875 1 0.36222543281249997
0 1 0.295046728125 0.9789520953125 0.286549640625 0.9745323609375 0.29856304218749996 0.9794422453125 0.333370525 0.9895823874999999 0.3528961671875 1 0.34626557812500003 1 0.295046728125
0 0.8893290703125001 0.22504424531249997 0.9029787734375001 0.220541896875 0.9028791187499999 0.20525886718750003 0.902254265625 0.189375003125 0.8695837203125001 0.16408449375 0.8828825390624999 0.214441878125 0.8893290703125001 0.22504424531249997
0 0.9079110515625001 0.22098470468750003 0.9272577875 0.2208123390625 0.9228630421874999 0.2079312296875 0.904737121875 0.1925381671875 0.9013038421875 0.20464012812500001 0.9079110515625001 0.22098470468750003
0 0.9228630421874999 0.2079312296875 0.9243441859375 0.21339103750000002 0.920146153125 0.22160582031249998 0.9233963624999999 0.23812632968749997 0.9421390187500001 0.23980899375 0.94242174375 0.226469553125 0.9228630421874999 0.2079312296875