0 0.8671526296875 0.6891753484375001 0.8812312921875 0.6711008515625 0.8911852250000001 0.647317853125 0.883552103125 0.6304439328125 0.8694434875000001 0.6145988 0.8477480703125 0.6136436062499999 0.8287906359375 0.6306749828125 0.8121185046875 0.6495921499999999 0.800495596875 0.6660324375 0.785266103125 0.684241925 0.77579078125 0.7017764625 0.7610794249999999 0.72746365 0.7658272765625 0.7457529296875001 0.77849325625 0.76230574375 0.7955362359375 0.7702682046875 0.8096871546875001 0.761608328125 0.8225986140625 0.7458245906250001 0.83810354375 0.7291981828125 0.8523526515625001 0.7076036859375 0.8671526296875 0.6891753484375001
0 0.8289635640625 0.8161550609375 0.847246003125 0.8312413843750001 0.860577409375 0.8358699671875 0.87319706875 0.8206589203125001 0.8895283046875001 0.8087817515625 0.9035905984375001 0.792863025 0.9213090812500001 0.7744790015625 0.9493218921875 0.7195007671875 0.9511376500000001 0.7016703343749999 0.9351241531250001 0.690625571875 0.91416641875 0.6871607671875 0.8941072421875 0.6978598234375 0.8757170437499999 0.7159015906249999 0.8641105 0.7301861093750001 0.8494809703125 0.7450944453125 0.83032035625 0.7699573625 0.8172943374999999 0.8008314890625 0.8289635640625 0.8161550609375
0 0.817586434375 0.573027553125 0.8047827375000001 0.5556832 0.7860216859375 0.5468453359375001 0.7665461125 0.5563990125 0.7546314046875 0.573411990625 0.741411778125 0.5919241875 0.731215140625 0.6098125671875 0.7211398546875001 0.6306482531250001 0.7103268843749999 0.6539935515625 0.7044417875 0.6719146609375 0.714838828125 0.6844259125 0.7336884984375 0.7005226234374999 0.74971156875 0.69137391875 0.7644460843750001 0.6815686609375 0.7752263234375001 0.662534903125 0.7797901375 0.648268784375 0.7930424953124999 0.6254450453125 0.8034982015625 0.61129551875 0.8142293453124999 0.5987290703125 0.817586434375 0.573027553125
0 0.7591325343750001 0.52953778125 0.746158390625 0.5157134296875 0.7334433140625001 0.505627928125 0.718190659375 0.507955484375 0.7079217640625 0.5164292421875001 0.6982923609375 0.5353280093749999 0.6908432765625 0.5510094890625 0.6820729078125 0.57034595625 0.67373205625 0.589901275 0.6648403359375 0.606290434375 0.6614273578125001 0.6204215625 0.6619127640625 0.632210803125 0.6715884890625 0.6450758953125 0.6871888328125 0.6537460375 0.70396595 0.63993195 0.7162774468750001 0.6274493624999999 0.7263200000000001 0.6109252140625 0.7379920046875 0.588017615625 0.748650890625 0.56603655 0.7592934125 0.54621125 0.7591325343750001 0.52953778125
0 0.6655100765624999 0.423403825 0.6542540015625 0.41045487343750003 0.6367882984375 0.42031126093750004 0.6199784484374999 0.4384368875 0.6085655156249999 0.46508333437499993 0.6016672984375 0.4839309734375 0.59621171875 0.5020709328125 0.5898807390624999 0.5219289609375 0.5939400015625 0.5362605421875 0.6124815078125 0.5550857140625001 0.6273537421875 0.5460719968750001 0.6389439203125 0.53394325 0.6439536171875 0.5177402109375 0.654458421875 0.497123371875 0.6662517765625 0.477163084375 0.6717073578125 0.45902312500000003 0.678621940625 0.43801971718750005 0.6655100765624999 0.423403825
0 0.621561578125 0.4002895765625 0.6128826093749999 0.388653725 0.593505228125 0.3852727828125 0.581023284375 0.4012753703125 0.5715315999999999 0.42096567812499996 0.563807078125 0.4350640765625 0.555433496875 0.458930934375 0.5495647640625 0.4746962734375 0.5435419484375 0.49182584374999994 0.5487684125000001 0.5038666640625 0.5584605015624999 0.5145759859375 0.570811521875 0.5158195562500001 0.5930673796875 0.49974744062500004 0.5966017109374999 0.48856362343750004 0.6001524078125 0.4752240328125 0.6087850609375 0.455096025 0.6179685796875 0.4381341765625 0.62143065625 0.4175357359375 0.621561578125 0.4002895765625
0 0.8005338453125 1 0.8050799671875 0.9936338078125001 0.8168738265625001 0.9794447328125001 0.8323100515625 0.949149434375 0.82168261875 0.92707085 0.8088298249999999 0.9161938078125 0.796170640625 0.9176786953124999 0.7808197906250001 0.9329408734375001 0.7680296828125 0.9516719203124999 0.7565772234375 0.964592209375 0.750967559375 0.9840963984375 0.76094139375 1 0.8005338453125 1
0 0.756398740625 0.8555744687500001 0.7408215546875 0.86278625625 0.7245625765625 0.8840780421875 0.7050051765625 0.9044105703125 0.694103584375 0.9204970156250001 0.691241475 0.93779430625 0.698445078125 0.9544493765625001 0.7097011546875 0.9673983296875001 0.7228621125 0.9755469124999999 0.7376293609375 0.9614301140625001 0.7509867031249999 0.9437094578125 0.7813965984375 0.91375779375 0.7894620140625 0.8926193953125001 0.7809371265625 0.8796193140625 0.7686842984375 0.8654411218750001 0.756398740625 0.8555744687500001
0 0.7195025421875 0.812248353125 0.710134984375 0.7966548015625 0.6972003640625 0.7965566078124999 0.686347871875 0.806175746875 0.6739872796874999 0.8251256437500001 0.658141453125 0.8487920515624999 0.648820215625 0.864962359375 0.64178428125 0.8830184578125 0.6508436734374999 0.9013404703125 0.6661194874999999 0.9148948421875 0.685027828125 0.904330775 0.6964802875 0.8914104875 0.706076959375 0.8768232593749999 0.71727035 0.860164121875 0.7314376328125001 0.8493484734375001 0.7324603203125 0.8282284750000001 0.7195025421875 0.812248353125
0 0.653926865625 0.7413246625000001 0.6394677843750001 0.752713 0.6196581078125 0.787344375 0.604274528125 0.8069180906250001 0.6003338375 0.833764990625 0.6104227125 0.8490047031250001 0.623842740625 0.860892134375 0.6356428921874999 0.8589695484375 0.6484002703125 0.8445500390625 0.661636259375 0.8238820718750001 0.67547221875 0.7999129546875 0.6858393031250001 0.7785045765625 0.6706125828125 0.75848289375 0.653926865625 0.7413246625000001
0 0.61304365625 0.693081584375 0.5985027484375001 0.715248771875 0.58107656875 0.73883131875 0.57256526875 0.7619066375 0.5760245687500001 0.779539365625 0.582782290625 0.798131359375 0.5990153312500001 0.7991888109375 0.61244493125 0.7908827734375 0.61845138125 0.775908975 0.6269463140625 0.7549894265625 0.6427430453125 0.7377903296875 0.6426312640625 0.7146495500000001 0.630168465625 0.690265196875 0.61304365625 0.693081584375
0 0.565311328125 0.6572188359375 0.5540361109374999 0.684656825 0.5419182250000001 0.7095013406249999 0.5402069484375 0.7266636421875 0.5485613875 0.743183721875 0.5625486515625 0.7560815453124999 0.5725257453125 0.7481804765625 0.5828928296875 0.7267721 0.59415168125 0.70148988125 0.6062368390625 0.680956903125 0.5970397296875001 0.6618433515625 0.579357259375 0.6434558796875 0.565311328125 0.6572188359375
0 0.54536269375 0.5965586328125 0.5314872140625 0.606801590625 0.5229922796875 0.6277211390625 0.5096908265625 0.6570121859375 0.5081663640625 0.668498715625 0.5037402671875 0.6835563765625 0.5056519453125 0.6967937046875 0.5122883140625001 0.7124383875 0.5256197203124999 0.7170669703125 0.5357181671875 0.712113209375 0.542121403125 0.7016698015625 0.548744184375 0.6812390828125 0.5605702703125 0.6569672546875001 0.5712618890625001 0.6306746484375 0.558749990625 0.6127576046875001 0.54536269375 0.5965586328125
0 0.509243703125 0.5644490671875 0.49231250312499997 0.5796273828125 0.4800405328125 0.60583613125 0.477867009375 0.627091121875 0.47874920468750004 0.6434107499999999 0.48380522187499997 0.658971571875 0.49917922812500004 0.6595913234374999 0.5058088046875 0.6571983046875001 0.5136710421874999 0.643891446875 0.5198806703125001 0.6210861078125001 0.528480590625 0.605269640625 0.5312213484375 0.5850250406249999 0.5185717359375001 0.5663164593750001 0.509243703125 0.5644490671875
0 0.6182153671874999 1 0.6170319796875 0.9878743421875 0.6187759859375 0.9664005031249999 0.6082180671875 0.9372157812499999 0.5936635703124999 0.92330756875 0.5768141984375 0.9277070359374999 0.56299460625 0.949520384375 0.560463821875 0.9799711421874999 0.5646423640625 1 0.6182153671874999 1
0 0.5289169734375 0.8189019468750001 0.5160805468749999 0.8058691359375001 0.5004147421875 0.8058220734375 0.4894804203125 0.8262200609375 0.4961890453125 0.8512793625 0.496317190625 0.8722643734375 0.523455840625 0.9135042453125 0.5352559921875 0.9115816578124999 0.5495282593749999 0.905869090625 0.5615806859375 0.889647653125 0.5584459171875 0.8671306937500001 0.54720620625 0.8520259703124999 0.5358287796875 0.8361297109375 0.5289169734375 0.8189019468750001
0 0.44057007812500004 0.718341503125 0.44131455624999993 0.7338695921875 0.44564925625 0.749784253125 0.4465150859375 0.7682596546875 0.45789251249999996 0.7841559140625 0.47132890468750005 0.793887578125 0.48443397343749994 0.7904657703125 0.4910403890625 0.772190821875 0.49258121718750003 0.758548521875 0.48618755 0.7487984609375 0.479380734375 0.7366737796875 0.46947867031249996 0.7157582984374999 0.4517307375 0.7059939046875 0.44057007812500004 0.718341503125
0 0.41311504218749995 0.627901721875 0.40209209843749993 0.641040859375 0.39620700000000003 0.6589619671875 0.401141665625 0.6715754765625 0.400873025 0.688030096875 0.4096242515625 0.7090805703124999 0.42102225000000004 0.718480559375 0.438913265625 0.7131835234375 0.44864765625 0.6993878359375 0.4506670953125 0.6794970765625 0.44346349218750003 0.66284200625 0.4320860640625 0.64694574375 0.4255874125 0.632092603125 0.41311504218749995 0.627901721875
0 0.3577153234375 0.7122078000000001 0.3468628296875 0.7218269390625001 0.3405645796875 0.737373428125 0.34043365625 0.7546195875 0.342466684375 0.7708042265625 0.3495489375 0.7845119875 0.36050641875 0.7799959296875 0.3663424203125 0.76854213125 0.369771765625 0.7522552328125001 0.37409287812500003 0.73209449375 0.367594225 0.717241353125 0.3577153234375 0.7122078000000001
0 0.33621753125 0.77988340625 0.327601246875 0.79785564375 0.324447334375 0.8157256234375 0.3279393640625 0.8290468140625 0.3393495234375 0.8406315359375001 0.349788865625 0.828637778125 0.35318547968749997 0.81666241875 0.35890012968749996 0.8022613078124999 0.3540145609375 0.7831804890625 0.3442897421875 0.7767827078125 0.33621753125 0.77988340625
0 0.274561865625 0.8552309640625 0.268230884375 0.8750889921875 0.274778634375 0.8834748234375001 0.3065493359375 0.863594328125 0.3073361171875 0.8546174093750001 0.312791696875 0.8364774515625 0.307978384375 0.8268112500000001 0.294355175 0.8227553578125001 0.2831945171875 0.8351029546875001 0.274561865625 0.8552309640625
0 0.29358754062500003 0.7913453374999999 0.2948992515625 0.8078838171875 0.2966895765625 0.8181738375000001 0.3108472875 0.8275516609375 0.314916125 0.8216897718749999 0.31965038749999997 0.803903653125 0.3220829796875 0.7863875124999999 0.310672821875 0.7748027921875 0.30045302500000004 0.7768092390625 0.29358754062500003 0.7913453374999999
0 0.3082198453125 0.7382058312499999 0.3043282515625 0.7585854203125 0.306118578125 0.768875440625 0.3163779015625 0.7805951515625 0.327059946875 0.7744960140625 0.332807328125 0.7557833640625 0.3323546515625 0.739682584375 0.325734646875 0.721882134375 0.3188623671875 0.7183805328124999 0.3082198453125 0.7382058312499999
0 0.32045506874999996 0.660039753125 0.3135568515625 0.6788873921875 0.319212834375 0.6911470625 0.32138358125 0.70812324375 0.334285471875 0.712532975 0.34417394218749997 0.6973730578125 0.3463147375 0.680429609375 0.3496554609375 0.6568838593749999 0.33953385625 0.6459556875 0.3293631546875 0.6414948265625 0.32045506874999996 0.660039753125
0 0.3336215796875 0.5917259953125 0.3308971875 0.6098148265625001 0.3324843328125 0.6279363859375 0.3352714125 0.639455646875 0.348002853125 0.6473853796875 0.35494059375 0.6422638984375 0.3599993875 0.6195935515625 0.36375326406249997 0.5984224218749999 0.3569791765625 0.5819862 0.3436805 0.573046078125 0.3336215796875 0.5917259953125
0 0.35072878125 0.496565340625 0.3422338484375 0.5174848875 0.342929228125 0.5394802890625 0.3429687546875 0.5532064484375 0.35405438125 0.5696754015625001 0.3612348265625 0.5704485421875 0.37074967187499996 0.5666401640625 0.37378223125 0.545822875 0.3784278734375 0.5207779046875001 0.37340458593750003 0.50090554375 0.3657551 0.48618739218749996 0.35072878125 0.496565340625
0 0.47095559531250003 0.51969236875 0.4599162875 0.534987275 0.45056231875 0.555469125 0.44699525781249994 0.5709644828125 0.4448544640625 0.587907934375 0.44731701093750004 0.6043114234375 0.45952206875 0.6111505890625 0.4640681921875 0.6128465765625 0.47346168281249995 0.6060908875 0.47586154687500004 0.5928862890625 0.4862613640625 0.5671663703125 0.49333002812500004 0.5447987328125 0.48311980156249995 0.5266117109375 0.47095559531250003 0.51969236875
0 0.466198171875 0.5215965578125 0.4694898 0.50451811875 0.45837144218750003 0.49236070625000006 0.4479975625 0.495731384375 0.43642375 0.5057043625000001 0.42925009999999997 0.5229689203125 0.4276601765625 0.54307853125 0.428112853125 0.5591793093749999 0.43071311718749994 0.5763743406249999 0.43945755000000003 0.5793871125 0.4469625265625 0.5752760234375 0.44872969218750003 0.5696841140625 0.45054595312499995 0.55762489375 0.4558310859375 0.5430049343750001 0.4628015578125 0.5335719171875 0.466198171875 0.5215965578125
0 0.44268525312499996 0.43820054375 0.4322554828125 0.43000083125 0.422966975 0.4418596 0.41565560625 0.45833261875 0.4071770375 0.47709639687500005 0.4004165390625 0.49673557500000004 0.4032922390625 0.5155136859375 0.40678426874999996 0.528834878125 0.42253869687499995 0.5361407890625001 0.4282369828125 0.5238954515625001 0.4354269984375 0.504475121875 0.4417416140625 0.4867728640625 0.447213559375 0.466477134375 0.4502133890625 0.4499713859375 0.44268525312499996 0.43820054375
0 0.4748910265625 0.3420765609375 0.4762055171875 0.32038387031250004 0.46335272187500004 0.3095068296875 0.4507753640625 0.300212865625 0.4365917171875 0.3131842828125 0.43073934999999997 0.326793853125 0.4252346734375 0.351401121875 0.4216021484375 0.375519559375 0.4239269796875 0.3911315109375 0.42643862187500003 0.40106769218749994 0.428625734375 0.4158881015625 0.438196471875 0.4236501125 0.4445178796875 0.4239855546875 0.45691799531250005 0.41876181562500003 0.46191132812499996 0.4047145484375 0.4661110875 0.3816064984375 0.4704485640625 0.3592899875 0.4748910265625 0.3420765609375
0 0.3959257609375 0.34007433125 0.386987721875 0.32469963125 0.375771171875 0.32547683906249997 0.36756124375 0.327785996875 0.3598729859375 0.3469524609375 0.3548305578125 0.3674670390625 0.35499143437499997 0.384140509375 0.355752278125 0.3975128296875 0.3602574265625 0.4099074890625 0.366497009375 0.42102178125 0.381769290625 0.42519655 0.3875889265625 0.41589852031249996 0.391998659375 0.40299663125 0.38993289999999997 0.39112353125 0.3906637890625 0.370576221875 0.39751290781250004 0.35819589218750003 0.3959257609375 0.34007433125
0 0.4069293046875 0.1878741203125 0.40905373125000005 0.173086440625 0.4104568421875 0.1586526015625 0.405830340625 0.1433106296875 0.3915021828125 0.13745280937499998 0.3760463484375 0.14761190625 0.3700562640625 0.160429934375 0.3664401046875 0.182392603125 0.366551884375 0.20553338281250003 0.3690307984375 0.21978110312500002 0.3732441453125 0.2327484546875 0.3752608109375 0.25108886406250003 0.385776978125 0.25699536093750003 0.39577266093749996 0.2564905875 0.40343171875 0.25101526875 0.4105562734375 0.240218021875 0.40994951406249996 0.22548147031250002 0.40772967031249996 0.21497259999999999 0.40597207500000004 0.20037104062500002 0.4069293046875 0.1878741203125
0 0.3858781078125 0 0.379129375 0.009958468750000001 0.37212355937499997 0.039571825 0.3698777796875 0.0514121953125 0.3679074375 0.0648356453125 0.36664204218749996 0.0800610234375 0.377085403125 0.12433613750000001 0.394681865625 0.1195959609375 0.403937640625 0.11204873125 0.41126537343749997 0.09341994218750001 0.40871420625 0.0697576046875 0.40762203750000003 0.0432318125 0.40790704531250005 0.0246214234375 0.40932651875000003 0.0080318140625 0.40109069531249997 0 0.3858781078125 0
0 0.44702128593749996 0 0.4442810875 0.00420096875 0.43882550625 0.0223409296875 0.43388806406249997 0.0479585890625 0.43159318750000003 0.06626626875 0.4341770875 0.08561706718749999 0.44818071562500006 0.09635911875 0.4613744046875 0.1001961625 0.4743744859375 0.0916712734375 0.485430159375 0.074220596875 0.4931151546875 0.0463960390625 0.498823009375 0.0139572296875 0.5007811734375001 0 0.44702128593749996 0
0 0.5251162140625001 0.0908348046875 0.5336111484375 0.06991525625 0.5232141078125 0.057404003125000005 0.5100858796875001 0.04494388125 0.49702033593749995 0.062091850000000004 0.4823417109375 0.083467496875 0.469122084375 0.10197969375 0.456128796875 0.12854228125 0.4495946375 0.15623185 0.45662779374999996 0.176406921875 0.469359234375 0.1843366515625 0.486257703125 0.17346987656249999 0.496073921875 0.1488953375 0.5013590531250001 0.1342753796875 0.51128025625 0.11480392187499999 0.5251162140625001 0.0908348046875
0 0.56796575 0.0693855625 0.546060359375 0.0582242078125 0.5322898640625 0.07357024375 0.51641130625 0.1015481921875 0.50417206875 0.1234454 0.49810015625000004 0.14704227812499998 0.49177597031250003 0.1849380078125 0.49987133906250003 0.1977192375 0.5101797593749999 0.202971640625 0.5266159796875 0.196197553125 0.5371371484374999 0.1734249453125 0.5504876984375 0.1376665890625 0.5661630765625 0.11752018125000001 0.5726808703125 0.09198638125 0.56796575 0.0693855625
0 0.6165148109375 0.13019101875 0.611029275 0.11441135 0.605389659375 0.099995909375 0.5887761953124999 0.0922522953125 0.571382746875 0.11152330156250001 0.55658276875 0.129951640625 0.546937 0.151006178125 0.5373239625 0.167749175 0.528537228125 0.1892414140625 0.5253901109375 0.22514909374999997 0.534085446875 0.23462917343749998 0.5450265640625 0.2322688859375 0.55725623125 0.23056514843749998 0.5691873046875 0.2113964 0.5791085078125 0.1919249421875 0.5936494171875 0.16975775625 0.6050132546875 0.14957861875 0.6165148109375 0.13019101875
0 0.719179053125 0.16230271875 0.693463896875 0.16074210312499998 0.665607946875 0.17612493906249999 0.642525784375 0.1874478140625 0.6229520203125001 0.20993611093750003 0.6069125859375 0.2212405875 0.5984012859375001 0.2443159046875 0.6039754421875 0.26735442656249997 0.6103527421875 0.27926025781249997 0.6298842062500001 0.2812769703125 0.6490516140625 0.2744517546875 0.6698648359375 0.25908731875 0.6917961640625 0.247899434375 0.718258575 0.2267569671875 0.7280911578125 0.20002665937500003 0.719179053125 0.16230271875
0 0.8180567968749999 0.24298096406249997 0.8185286156249999 0.2186948046875 0.80553810625 0.207026221875 0.7898722984375001 0.20697915937500003 0.769521325 0.21825090625 0.7486917359375 0.2357711125 0.7234619875 0.24599973749999998 0.7019438124999999 0.2595622421875 0.6834158953125 0.2768124703125 0.6772553609374999 0.2931505 0.678567075 0.30968897812499996 0.686384125 0.33603442031249997 0.716210528125 0.330312015625 0.733830315625 0.3190913984375 0.754043571875 0.3070281140625 0.77583718125 0.2950486859375 0.7960340718750001 0.2851411703125 0.817909509375 0.26238289375 0.8180567968749999 0.24298096406249997
0 0.912541065625 0.3113214515625 0.9177866734375 0.28297533124999996 0.9011500515625 0.2593497890625 0.8773070468749999 0.2573003453125 0.84962154375 0.269163178125 0.8308509234375 0.28051878750000003 0.8083359968750001 0.29285205312499996 0.77762750625 0.30533870625000004 0.7518700484374999 0.32828310156249996 0.742856975 0.34172495 0.745716309375 0.3626588296875 0.752749465625 0.3828339015625 0.7654972718749999 0.388607865625 0.7866418187499999 0.3863968984375 0.8167830734375 0.37289985312499996 0.841170153125 0.3600777578125 0.869317903125 0.3441222328125 0.8998886765625 0.3308440390625 0.912541065625 0.3113214515625
0 1 0.30598745625 0.9903683296875 0.3019232953125 0.9732271562499999 0.30689545156250003 0.9510203953125 0.3165002578125 0.9244857281250001 0.328228103125 0.9003740828125 0.342633278125 0.8682229593749999 0.35582761406249996 0.8428227625 0.3695762375 0.8261179000000001 0.3928049453125 0.8309216421875 0.422664615625 0.84327945625 0.4419458875 0.8675847093750001 0.439902640625 0.8919390578125 0.4313920859375 0.9125818328124999 0.41954765 0.9536314703125001 0.40800185781250004 0.9819333046875001 0.39068210312499996 1 0.3795080796875 1 0.30598745625
0 1 0.399802975 0.9973795671874999 0.400716475 0.97247435 0.406060871875 0.9476577531249999 0.41866411562500006 0.9258477781250001 0.4327993140625 0.9184709468750001 0.4578954109375 0.9209007640625 0.4786104421875 0.9343766828125 0.5020682625 1 0.486403015625 1 0.399802975
0 0.3188311171875 0.046221346875 0.3160017390625 0.0592070953125 0.314565896875 0.077952475 0.3183333625 0.0928567453125 0.34050739218750004 0.0875634796875 0.3524452609375 0.08643243125 0.3587107796875 0.07519748125 0.3597334671875 0.0540774828125 0.3548315328125 0.03715243125 0.336539525 0.0422595796875 0.3188311171875 0.046221346875
0 0.3354813296875 0.10592228906250001 0.323097578125 0.10899025625 0.31598938906249996 0.117631734375 0.3136945125 0.1359394140625 0.31777014375 0.1481152234375 0.3371966234375 0.1450288578125 0.3519870296875 0.146793990625 0.3624986265625 0.144214853125 0.364793503125 0.1259071734375 0.3639604046875 0.103120234375 0.352622503125 0.10095013125 0.3354813296875 0.10592228906250001
0 0.321829409375 0.16244680625000002 0.3154425375 0.17073444375 0.3134558265625 0.1863136625 0.314751175 0.2050079125 0.3407254015625 0.210307378125 0.35666664375 0.211937521875 0.3602337046875 0.1964421625 0.3641580296875 0.17175103125 0.3517183875 0.16324860937500002 0.3350394625 0.16412807812500002 0.321829409375 0.16244680625000002
0 0.27673964687499997 0.11927407812499999 0.27262171562500004 0.13160327656249998 0.26805789999999996 0.1458693953125 0.26720565937499996 0.1634693953125 0.27367158125 0.1826340765625 0.285130834375 0.18775148749999998 0.29926538593749996 0.18124738125 0.2986027359375 0.1549404421875 0.295159803125 0.13515194218749998 0.2939299171875 0.107834609375 0.2836051328125 0.10473797968750001 0.27673964687499997 0.11927407812499999
0 0.2700554234375 0.2045967453125 0.25851434218749997 0.2102581828125 0.2569571484375 0.22605625312500002 0.25823612812499996 0.2469062734375 0.257829771875 0.262569353125 0.266354659375 0.27556943437500003 0.2744500296875 0.288350665625 0.29111258906250004 0.2896269703125 0.2960009359375 0.2704766203125 0.2971613421875 0.2501481609375 0.2970659265625 0.224851609375 0.2948065578125 0.2006165796875 0.28606212656249996 0.197603809375 0.2700554234375 0.2045967453125
0 0.32709500625 0.323066403125 0.32327844375 0.3146294421875 0.3126127640625 0.3185728109375 0.3083734796875 0.3279547015625 0.30561521406250003 0.34823366093749997 0.309246103125 0.3644678 0.3211185109375 0.3719598328125 0.332836834375 0.38081609375 0.3419221609375 0.37678886562499997 0.343803884375 0.356106565625 0.342321725 0.3430880859375 0.335498540625 0.333119175 0.32709500625 0.323066403125
0 0.3267022375 0.3748048828125 0.31826597031250003 0.3690636515625 0.3105837515625 0.358657040625 0.30340330781249997 0.3578839 0.298288621875 0.3689838578125 0.2997544171875 0.3841581078125 0.3037250609375 0.3912308390625 0.313368053125 0.4084074703125 0.32525682499999997 0.413743734375 0.336230671875 0.40707190468750004 0.3393682171875 0.39135769531250003 0.336151621875 0.379619584375 0.3267022375 0.3748048828125
0 0.3250863765625 0.4172637328125 0.31951901562499996 0.41226291249999997 0.3126631 0.40660554062500004 0.30729891875000004 0.39377317968750003 0.3003052859375 0.38732426875 0.29280031093750003 0.3914353578125 0.28938733125 0.4055664859375 0.29001045625 0.41814726718750006 0.287935125 0.42646763437499996 0.2906008515625 0.43503958593750003 0.3005683734375 0.4473319875 0.3133325453125 0.45095018124999997 0.32461455625 0.44154989375 0.3262931015625 0.42869913281249994 0.3250863765625 0.4172637328125
0 0.277783565625 0.381619834375 0.27736361875000004 0.361207515625 0.2784585640625 0.349502134375 0.27247805 0.34212669375 0.2577762625 0.34762041093749996 0.25089441562500003 0.3643122796875 0.2477896 0.37571495 0.24736687656249998 0.39353379843749997 0.24608511875 0.41091495 0.2605509953125 0.41756431093749996 0.273315165625 0.421182503125 0.27734447812499996 0.401594453125 0.277783565625 0.381619834375
0 0.313087434375 0.45143123906250004 0.304205284375 0.44762692812499993 0.2934837125 0.43999990625 0.2892540015625 0.429188325 0.282762140625 0.432372884375 0.281912309375 0.4435972046875 0.2846083578125 0.4542332953125 0.2835134125 0.465938675 0.2903529625 0.47375181718750004 0.2986187796875 0.483013046875 0.3091140140625 0.482589678125 0.31804525781250004 0.4799266796875 0.3174712296875 0.460878590625 0.313087434375 0.45143123906250004
0 0.30569423906250004 0.4786831078125 0.29377273593750003 0.4776583859375 0.289080775 0.4709394953125 0.28345752343749997 0.454368284375 0.276608403125 0.4667486140625 0.2753593765625 0.4798182234375 0.27957272187500004 0.4927855734375 0.2865499890625 0.5013902546875 0.2936813390625 0.5086307046874999 0.3032684390625 0.5142369484375 0.31020618125 0.50911546875 0.311747009375 0.4954731703125 0.31356327031250003 0.48341395 0.30569423906250004 0.4786831078125
0 0.29180918437500003 0.509119534375 0.28256298125 0.49647329375 0.275812053125 0.49591900312500004 0.2692711 0.5055708703125 0.26888110625 0.51907818125 0.26746163125 0.5356677921874999 0.27500613125 0.5452828625 0.28447188125 0.5479417953125 0.2952425484375 0.54910150625 0.3033474890625 0.541689265625 0.30772449062499996 0.5330989171875 0.304661978125 0.519996578125 0.29180918437500003 0.509119534375
0 0.21493312968749997 0.5219599703125 0.2067068359375 0.5264248984375001 0.20630047812500002 0.5420879796875 0.20852032187499997 0.55259685 0.2149303515625 0.560191140625 0.217733796875 0.56955463125 0.21859283125 0.56999233125 0.22448472343749998 0.570108921875 0.23458316875000002 0.5651551625 0.23155338749999999 0.547741284375 0.229382640625 0.5307651015625 0.22300533906250003 0.5188592734374999 0.21493312968749997 0.5219599703125
0 0.22625868124999998 0.5825547125 0.2183732859375 0.579979640625 0.2126750015625 0.5922249796875 0.2121472921875 0.60494075 0.21405896875 0.6181780796874999 0.2182886828125 0.6289896609375 0.2245773625 0.6336366421874999 0.2303315359375 0.6329616921875 0.23570529062499998 0.6256005828125 0.2349444484375 0.6122282625000001 0.23502627343750002 0.6014494140625 0.232530996875 0.5893574625 0.22625868124999998 0.5825547125
0 0.27247334375 0.647941690625 0.26766003125000004 0.6382754890625 0.265423821875 0.6299223875 0.26129909375000004 0.6242138875000001 0.25411865 0.623440746875 0.24658094375 0.631863375 0.2463777640625 0.639694915625 0.2475844890625 0.651130315625 0.24877485 0.6647214859374999 0.253483178125 0.66928460625 0.26006365625 0.6733588984375001 0.2692376046875 0.67659051875 0.2743522890625 0.6654905609374999 0.27630626875000003 0.6542228796875 0.27247334375 0.647941690625
0 0.26032272500000003 0.6770977484375 0.252315978125 0.6715753656250001 0.249220734375 0.662784565625 0.24640092500000002 0.6555768453125 0.24305340625 0.6610848953125 0.24499781562499998 0.670010684375 0.24720129218750003 0.6826753234375 0.24971293437500003 0.69261150625 0.25756560156249997 0.6994981171875 0.2657427984375 0.7015004968749999 0.271083821875 0.698450928125 0.2743754515625 0.6813724890625 0.2692539703125 0.6744347484375 0.26032272500000003 0.6770977484375
0 0.267047715625 0.700001278125 0.25540165 0.7005596359374999 0.2468767609375 0.6875595546875 0.2449159875 0.6807895359375 0.24210297343749998 0.6916195140625 0.24332606406249999 0.70089914375 0.24351967187499998 0.7132610734375 0.249346103125 0.7220007453124999 0.258349603125 0.7287523671875 0.26686769843749997 0.72371475 0.2687003234375 0.709499759375 0.267047715625 0.700001278125
0 0.2110495703125 0.654877296875 0.207498871875 0.6682168890625 0.20537444531250001 0.68300456875 0.21913536875 0.6878520015625 0.2282043328125 0.6859805406249999 0.232338628125 0.6714955734375 0.23303678749999998 0.655259803125 0.22741353593750002 0.6386885906249999 0.21661013750000002 0.6418404203125 0.2110495703125 0.654877296875
0 0.20980456093750002 0.724215778125 0.20208004062499998 0.7383141765625 0.20270316562500001 0.7508949578124999 0.21183619999999997 0.759516003125 0.2222018984375 0.7572232109375 0.2248281 0.752069 0.2266934578125 0.733542471875 0.223785028125 0.7190759 0.21691274843750002 0.7155742984375 0.20980456093750002 0.724215778125
0 0.2043298375 0.7827426765625 0.209880834375 0.7898992687499999 0.21809190312500001 0.7897115171875 0.21904913124999997 0.7772145984375001 0.22157034531250003 0.7669573093750001 0.2175997 0.759884578125 0.20926842343750002 0.7592464265625 0.20303563281249998 0.7661698343750001 0.2043298375 0.7827426765625
0 0.20291829843750003 0.8194913953125 0.2029414578125 0.8353733249999999 0.21645967812500003 0.8343261359374999 0.21927269374999997 0.8234961578125001 0.2193872515625 0.8084057671875 0.2139903375 0.799884946875 0.208649315625 0.8029345156250001 0.20291829843750003 0.8194913953125
0 0.20024979531249998 0.8491506140625 0.20111562656249998 0.8676260140625001 0.213620728125 0.86750535625 0.2164501078125 0.8545196078125 0.2208598390625 0.8416177171875001 0.2138989390625 0.8308572671875 0.2066857640625 0.834395665625 0.20024979531249998 0.8491506140625
0 0.1959189890625 0.9001233203125001 0.2067223875 0.8969714921874999 0.215614109375 0.8805823328125 0.21356471406250002 0.8665534640624999 0.2001747640625 0.8779671625000001 0.1932368984375 0.893707140625 0.1959189890625 0.9001233203125001
0 0.242015140625 0.4146554296875 0.238539475 0.3991784671875 0.240372103125 0.3849634796875 0.24748029218749998 0.376322 0.2438014484375 0.3686765796875 0.21939800312500002 0.38365444531250004 0.221844184375 0.40221370624999997 0.22286409687500003 0.41932487500000004 0.22942820937500003 0.4255549375 0.234071075 0.4387411375 0.24018930625 0.44690811874999997 0.250733634375 0.440017440625 0.24866787499999998 0.428144340625 0.242015140625 0.4146554296875
0 0.2493428734375 0.39602664062500004 0.24701804218749998 0.380414690625 0.238775384375 0.3870353890625 0.2402084484375 0.40652117812500005 0.24810063906250002 0.42713395 0.25506154062499997 0.43789439999999996 0.2602157484375 0.4405206 0.2666189875 0.43007719375000003 0.2626974390625 0.416537153125 0.253677571875 0.4119413015625 0.2493428734375 0.39602664062500004
0 0.2403924859375 0.43907657968749997 0.23108081875000003 0.435053415625 0.22844782343749997 0.4221699265625 0.2257820984375 0.41359797656249997 0.2199065703125 0.41132561562500003 0.2201165421875 0.42153177499999994 0.22259545625000002 0.43577949531250004 0.2276842046875 0.44702877656249995 0.23191391718749998 0.45784035625 0.236314078125 0.4651319375 0.24441901875 0.4577197 0.2449467296875 0.4450039296875 0.2403924859375 0.43907657968749997
0 0.213326090625 0.407251325 0.21236886406250002 0.41974824218749995 0.20966083750000003 0.435681303125 0.20939219531250003 0.45213592187499996 0.2172448609375 0.459022534375 0.2299040453125 0.4575376453125 0.226808803125 0.44874684687500005 0.2285037140625 0.433740315625 0.2215264484375 0.425135634375 0.2199951921875 0.41858446562499996 0.21848030000000002 0.409877525 0.218716209375 0.3977344453125 0.213326090625 0.407251325
0 0.2049389203125 0.3950427828125 0.19829297968749998 0.399591571875 0.1959094828125 0.41064040156250003 0.19582765625 0.42141925 0.20041463125 0.4230350609375 0.2053983921875 0.42918126250000005 0.21261156875 0.4256428625 0.2070933015625 0.41417473437499996 0.2128965734375 0.40703247343750004 0.21352927031250002 0.399419784375 0.2049389203125 0.3950427828125
0 0.177230259375 0.3910236875 0.17699435 0.4031667671875 0.18366345 0.4144999078125 0.1944668484375 0.4113480796875 0.198309346875 0.3974358015625 0.19605677187499998 0.391238471875 0.1892335890625 0.381269559375 0.18031870781249998 0.3817767890625 0.177230259375 0.3910236875
0 0.1600822921875 0.37795814375000003 0.1697580140625 0.3908232359375 0.1788433421875 0.3867960078125 0.184508896875 0.378862209375 0.1810168671875 0.36554101875 0.17407233125 0.352624796875 0.167564109375 0.3579651265625 0.163203471875 0.3643997046875 0.1600822921875 0.37795814375000003
0 0.151062425 0.3733622921875 0.1663246515625 0.350841265625 0.1641211734375 0.3381766265625 0.1582783765625 0.33159272500000003 0.14882899375 0.3267780234375 0.14172080468749998 0.3354195015625 0.138445540625 0.350342171875 0.151062425 0.3733622921875
0 0.1681653125 0.44916401562499997 0.1698602234375 0.43415748593750003 0.171984653125 0.41936980625000003 0.16310250312500002 0.41556549531250003 0.1569747 0.42759198437499996 0.15460756874999998 0.43648504375 0.151502753125 0.44788771406250005 0.156745584375 0.45777276406249995 0.1670867359375 0.458713625 0.1681653125 0.44916401562499997
0 0.15784118593750002 0.42659020312499996 0.160444990625 0.4190261765625 0.1651570875 0.414481225 0.166630721875 0.4099532078125 0.1647395921875 0.403849675 0.159634675 0.4018042609375 0.15419521249999998 0.40736777812499997 0.15132120468750002 0.41771140000000007 0.1483959984375 0.42386140625 0.1481895984375 0.4291740296875 0.14873077968749998 0.4344508125 0.1526790046875 0.43937980468750004 0.154371109375 0.4352409375 0.15784118593750002 0.42659020312499996
0 0.1546728859375 0.38455082812499997 0.1511547640625 0.3885927984375 0.14778631250000002 0.39479479375 0.1477251234375 0.399208984375 0.147521878125 0.40410646093749997 0.1453379453125 0.4110509171875 0.14421538750000001 0.416730240625 0.1449485171875 0.42224374375 0.1467070453125 0.42758512499999995 0.1509979578125 0.420186134375 0.15265593125000002 0.4132515234375 0.1560338375 0.405804084375 0.1604712734375 0.40098026875 0.1619669671875 0.39354622031250003 0.1595966171875 0.3885876890625 0.1546728859375 0.38455082812499997
0 0.15401170625 0.376851303125 0.14818573125 0.3749941625 0.1440027421875 0.37911411875 0.1434389640625 0.38410573124999997 0.1432420203125 0.3881729140625 0.14260183125 0.3922920875 0.1387604640625 0.3988087921875 0.13661881250000002 0.40382994375000003 0.13631709375 0.41076101249999997 0.13803649375 0.41761055 0.14263882187500002 0.42023338906249996 0.1444433125 0.4158739515625 0.14529120625 0.40991576093750004 0.14735014531249999 0.404852465625 0.1482965125 0.396860684375 0.15126715156249998 0.3883722265625 0.1559028375 0.3829548375 0.15401170625 0.376851303125
0 0.13729003906249998 0.35916262187500003 0.1415229171875 0.3557626734375 0.141293684375 0.35314535468749997 0.1402984953125 0.345692396875 0.140672165625 0.33657530625 0.137474671875 0.3311953234375 0.1291541265625 0.3370967859375 0.1258058921875 0.34428150625 0.124486390625 0.35402801250000004 0.1251803921875 0.3610496734375 0.1283311484375 0.36529449999999997 0.1322389375 0.3682580421875 0.13503285 0.3648194921875 0.13729003906249998 0.35916262187500003
0 0.14936579218749998 0.3726781625 0.148729290625 0.3690198234375 0.14589993750000002 0.3661890203125 0.1439759828125 0.36076335 0.142290715625 0.35670955625 0.13801109843749998 0.3589743484375 0.1360550921875 0.365062515625 0.13234948124999998 0.37192622656249996 0.1327094765625 0.3791944546875 0.1333984859375 0.3905200203125 0.1355049359375 0.397427853125 0.1405106046875 0.3906708828125 0.14131176406249998 0.3835775390625 0.1419380359375 0.3776453453125 0.1462536296875 0.3742875421875 0.14936579218749998 0.3726781625