0 0.2669270828125 0.666015625 0.25390625 0.64453125 0.23046875 0.638671875 0.20442708281250002 0.64453125 0.1783854171875 0.662109375 0.1458333328125 0.6884765625 0.1119791671875 0.7109375 0.09375 0.7294921875 0.1015625 0.7431640625 0.1223958328125 0.7578125 0.15234375 0.7607421875 0.1953125 0.7333984375 0.2669270828125 0.666015625
0 0.24739583281250002 0.560546875 0.22135416718749998 0.55859375 0.1809895828125 0.5810546875 0.1380208328125 0.60546875 0.1184895828125 0.62109375 0.1354166671875 0.650390625 0.1966145828125 0.638671875 0.23046875 0.6171875 0.2643229171875 0.5791015625 0.24739583281250002 0.560546875
0 0.2852222859375 0.5109402937499999 0.2578785359375 0.48066685624999994 0.23183686875 0.49336216874999994 0.19537853593750001 0.5041043562499999 0.1550139515625 0.5216824812499999 0.12897228593750001 0.5324246687499999 0.1347292296875 0.556221590625 0.15512402187500002 0.5724447203125 0.18756603593750001 0.5656277937499999 0.24876395156250003 0.5343777937499999 0.2852222859375 0.5109402937499999
0 0.2890625 0.4453125 0.2955729171875 0.43359375 0.2708333328125 0.41015625 0.23828125 0.41796875 0.1927083328125 0.4384765625 0.1549479171875 0.458984375 0.1510416671875 0.478515625 0.15625 0.498046875 0.1575 0.4931640625 0.1575520828125 0.49609375 0.1888020828125 0.5 0.21744791718749998 0.4931640625 0.2421875 0.47265625 0.2890625 0.4453125
0 0.290471275 0.342539796875 0.2676043875 0.335123509375 0.24659157187499997 0.3397586875 0.2132182765625 0.35041960156249996 0.1804630046875 0.36664273281250004 0.1575961171875 0.3786942 0.1637763578125 0.3963078828125 0.17675486093749998 0.40650527968750005 0.18973336406250002 0.41299453125 0.22928690000000002 0.402797134375 0.2626601953125 0.3884280765625 0.296033490625 0.3712779109375 0.30097768281250004 0.357835890625 0.290471275 0.342539796875
0 0.2892352265625 0.25076323437500003 0.275020675 0.2442739828125 0.25338983593750003 0.25400785937500003 0.2126002515625 0.2637417375 0.1866432453125 0.2776472765625 0.1773728859375 0.2920163359375 0.181699053125 0.3073124296875 0.1922054609375 0.317509825 0.2187804921875 0.326780184375 0.2515357640625 0.3124111265625 0.3083939703125 0.280891903125 0.3053038515625 0.269303953125 0.2892352265625 0.25076323437500003
0 0.3083939703125 0.20255736249999998 0.3238445703125 0.1946775578125 0.3263166671875 0.1807720171875 0.3207544515625 0.1659394421875 0.3046858265625 0.1613042609375 0.27934684375 0.1538879734375 0.24659157187499997 0.1529609375 0.2187804921875 0.15342445625 0.19591360468750002 0.1599137078125 0.1952955796875 0.1696475859375 0.2014758203125 0.18308960624999998 0.204565940625 0.18726126875 0.2169264203125 0.1942140390625 0.2336130671875 0.1993127375 0.2682224109375 0.1993127375 0.3083939703125 0.20255736249999998
0 0.4350888890625 0.2873811546875 0.46722613593749995 0.2934068890625 0.48885697656250005 0.294333925 0.5012174546875 0.28645411875 0.5049256 0.2725485796875 0.49998140781249995 0.258179521875 0.4653720640625 0.2475186078125 0.4239644578125 0.23685769375 0.3967714015625 0.23083195937499998 0.380084753125 0.2359306578125 0.3757585859375 0.246128053125 0.3776126578125 0.2521537875 0.3813208015625 0.2609606296875 0.39182720937500004 0.2730120984375 0.4066597859375 0.2813554203125 0.4350888890625 0.2873811546875
0 0.31890037968749996 0.1506433484375 0.3294067859375 0.139055396875 0.3226085234375 0.1214417140625 0.31272013906249996 0.10939024687500001 0.29108929843750003 0.10521858437500001 0.2700764828125 0.09872933125 0.24411947656250002 0.09548470625 0.215690371875 0.095948225 0.2020938453125 0.1038280296875 0.1996217484375 0.11448894375 0.2039479171875 0.124222821875 0.2107461796875 0.13581077187499999 0.22619677968750002 0.1409094703125 0.2577160046875 0.147398721875 0.2917073234375 0.15017982968750002 0.31890037968749996 0.1506433484375
0 0.3281707390625 0.0588667859375 0.30963001874999996 0.0537680859375 0.28985325156249997 0.051450496874999994 0.26327822031250003 0.051450496874999994 0.239175284375 0.051450496874999994 0.2187804921875 0.0537680859375 0.20951013281250003 0.0616478921875 0.2107461796875 0.074162878125 0.2169264203125 0.085750828125 0.2299049234375 0.0927035984375 0.2552439078125 0.095948225 0.2861451078125 0.096875259375 0.311484090625 0.09965636875 0.3263166671875 0.097338778125 0.338059121875 0.0876049 0.3368230734375 0.0732358421875 0.3281707390625 0.0588667859375
0 0.346093434375 0 0.3485655296875 0.0041716609375 0.3850289453125 0.0338368125 0.41902026406250004 0.059330303125 0.433852840625 0.066746590625 0.4505394890625 0.063038446875 0.46228194375 0.0537680859375 0.4616639203125 0.03847199375 0.45177553593750003 0.0292016328125 0.437560984375 0.014832575 0.4276726015625 0.001854071875 0.4214923609375 0 0.346093434375 0
0 0.5395349421875 0.12329578593749999 0.5648739265625 0.1367378078125 0.5747623109375 0.14554465 0.5914489578125 0.15203390156250002 0.605663509375 0.1418365046875 0.6087536296875 0.1334931828125 0.6019553656250001 0.12190523281250001 0.5914489578125 0.11124431875 0.579088478125 0.0982658140625 0.5642559015625 0.0885319375 0.5457151828125 0.0801886125 0.5321186546875001 0.0769439875 0.5209942234375 0.08389675625000001 0.5185221265625 0.0950211890625 0.521612246875 0.10614562031250001 0.5240843421875 0.1135619078125 0.5395349421875 0.12329578593749999
0 0.5129599109375 0.23732121093749997 0.517904103125 0.22156159999999997 0.50863374375 0.20580198749999998 0.487620928125 0.1979221828125 0.4598098484375 0.193287003125 0.433852840625 0.1886518234375 0.41840224062500003 0.1840166421875 0.40604176093750005 0.182162571875 0.3967714015625 0.1900423765625 0.3912091859375 0.2016303265625 0.3967714015625 0.21229124062500002 0.4363249359375 0.2299049234375 0.472170328125 0.241492875 0.4975093109375 0.24844564375 0.5129599109375 0.23732121093749997
0 0.4907110484375 0.1993127375 0.5049256 0.20255736249999998 0.5123418875 0.2141453125 0.519758175 0.2248062265625 0.5345907515625 0.2266602984375 0.5494233265624999 0.223415671875 0.55436751875 0.2141453125 0.5568396140625 0.1979221828125 0.5481872796875 0.19143293125 0.5284105109375 0.1803085 0.5049256 0.1761368375 0.48267673593750005 0.17150165625 0.4641360171875 0.17057462031249998 0.4554836796875 0.1840166421875 0.46289996875000006 0.1937505203125 0.4727883515625 0.197458665625 0.4907110484375 0.1993127375
0 0.6427449484375 0.25957007656250003 0.6501612375 0.2530808234375 0.65386938125 0.24102935625000002 0.643980996875 0.23083195937499998 0.6260583015625001 0.21831697343749998 0.6044274609375 0.21275475937500002 0.5803245265625 0.20580198749999998 0.56178380625 0.20626550625 0.556221590625 0.21599938437500002 0.5574576390625 0.22944140625 0.5593117109375 0.231295478125 0.5840326703125001 0.24102935625000002 0.6031914140625 0.24798212656250002 0.6235862046875 0.25632545 0.6427449484375 0.25957007656250003
0 0.6316205171875 0.30035965781249996 0.6445990203124999 0.30545835625 0.6544874046875 0.30406780312500004 0.6606676453125 0.2975785515625 0.6588135734375 0.2869176375 0.6495432140624999 0.27579320625000003 0.6371827328124999 0.26744988125 0.6180239890625 0.25957007656250003 0.6019553656250001 0.2577160046875 0.59268500625 0.25957007656250003 0.5840326703125001 0.2646687734375 0.58465069375 0.280891903125 0.5945390781250001 0.288771709375 0.6130797984374999 0.2934068890625 0.6316205171875 0.30035965781249996
0 0.6600496203125 0.34161276093750004 0.6637577640625001 0.33280591875 0.6637577640625001 0.3202909328125 0.65386938125 0.3124111265625 0.6415089015625 0.304531321875 0.6143158453125 0.29711503281249996 0.5895948859375 0.295724478125 0.582796621875 0.3073124296875 0.5895948859375 0.323535559375 0.6044274609375 0.33280591875 0.6353286609375 0.3397586875 0.6600496203125 0.34161276093750004
0 0.6396548296875 0.391672703125 0.6569595015624999 0.3953808484375 0.6717920765625001 0.39120918437499996 0.6742641734375 0.3773036453125 0.6687019578125 0.3661792140625 0.659431596875 0.3564453359375 0.629148421875 0.3476384953125 0.605663509375 0.34393035 0.5865047671875 0.34346683125 0.579088478125 0.35922644375 0.5840326703125001 0.37544957343749996 0.5976291984375 0.381938825 0.6167879421875 0.3861104875 0.6396548296875 0.391672703125
0 0.6520153093750001 0.44312319999999994 0.6717920765625001 0.44358671875000005 0.678590340625 0.43338932343750003 0.67673626875 0.422264890625 0.6680839328125 0.411140459375 0.6526333328125 0.40557824218749994 0.6242042296875 0.39816195625 0.6013373421875 0.395844365625 0.5834146453125 0.39491732968750004 0.5766163828125 0.410676940625 0.58465069375 0.4231919265625 0.6025733890625 0.43107173281250005 0.6254402765625 0.439878575 0.6520153093750001 0.44312319999999994
0 0.643980996875 0.489475 0.6612856687499999 0.48993851875 0.6717920765625001 0.48483981875 0.673028125 0.4727883515625 0.6680839328125 0.4616639203125 0.655723453125 0.45517466874999996 0.6322385421875001 0.4505394890625 0.6044274609375 0.44497727343750004 0.587122790625 0.44497727343750004 0.5821785984375001 0.45841929531250003 0.5877408140625 0.47093428125000003 0.6013373421875 0.47974112187499995 0.626676325 0.4843763015625 0.643980996875 0.489475
0 0.6075175828125 0.5270199578125 0.629148421875 0.528874028125 0.6520153093750001 0.5325821734375 0.6656118359375001 0.5307280999999999 0.671174053125 0.5214577421875 0.671174053125 0.5107968265625 0.6649938125 0.502917021875 0.6513972859375 0.4978183234375 0.621114109375 0.49318314374999994 0.6007193171874999 0.49132907187499997 0.58465069375 0.4936466609375 0.58465069375 0.504307575 0.5840326703125001 0.5126508984375 0.5883588390625001 0.5209942234375 0.6075175828125 0.5270199578125
0 0.624822253125 0.57754341875 0.648307165625 0.579397490625 0.6724101015625 0.579397490625 0.678590340625 0.5742987921875 0.6829165078125 0.564101396875 0.6798263890625 0.5506593750000001 0.6699380046875001 0.5460241953125 0.6563414765625 0.54277956875 0.6316205171875 0.539071425 0.6081356062500001 0.5381443890625001 0.5858867421875 0.5437066046875 0.587122790625 0.5590026984375001 0.598247221875 0.5724447203125 0.624822253125 0.57754341875
0 0.6415089015625 0.6285303984375 0.6662298609375 0.63038446875 0.6773542921875 0.6276033625 0.6773542921875 0.614161340625 0.6761182453125001 0.6016463546875 0.6705560296875 0.5946935843750001 0.640272853125 0.5900584046875 0.6013373421875 0.5882043328125001 0.5815605734375 0.5923759937499999 0.5840326703125001 0.6104531953125 0.5877408140625 0.6220411453125 0.6106077015625 0.625285771875 0.6415089015625 0.6285303984375
0 0.6075175828125 0.682298484375 0.6340926140625001 0.682762003125 0.6588135734375 0.6832255203125001 0.6736461484375 0.67998089375 0.6810624359374999 0.6721010890625 0.678590340625 0.6572685140625001 0.673028125 0.649852225 0.6619036921875 0.6452170453125 0.6322385421875001 0.6428994546875 0.6075175828125 0.6433629734374999 0.5840326703125001 0.6475346359375 0.5797065015625 0.6568049953124999 0.5803245265625 0.6693199796875 0.5877408140625 0.679053859375 0.6075175828125 0.682298484375
0 0.63841878125 0.7277232484375 0.6581955484375 0.7249421390624999 0.6637577640625001 0.7138177078125 0.6606676453125 0.69898513125 0.6408908765625 0.693886434375 0.6161699171875 0.6929593984375 0.58465069375 0.6985216140625 0.58465069375 0.7198434421875 0.5939210546875 0.7272597296875001 0.609989678125 0.7281867656250001 0.63841878125 0.7277232484375
0 0.49998140781249995 0.686470146875 0.5061616484375 0.678590340625 0.5049256 0.66514831875 0.4975093109375 0.649852225 0.4771145203125 0.6470711171875 0.4468313453125 0.6466076000000001 0.4140760734375 0.6489251890625 0.3924452328125 0.6503157421875 0.3831748734375 0.6558779593749999 0.3819388265625 0.6665388734375 0.3837928984375 0.67673626875 0.38873708906250004 0.6855431109375 0.41098595312499997 0.6897147734375 0.44312320156249996 0.6924958796875 0.483912784375 0.6911053265625 0.49998140781249995 0.686470146875
0 0.47031625625 0.6294574328125 0.4944191921875 0.6308479874999999 0.50863374375 0.624822253125 0.510487815625 0.6150883765625 0.5073976953125 0.6030369078125 0.5012174546875 0.5937665484375 0.4814406875 0.5895948859375 0.4486854171875 0.5872772953125 0.4029516421875 0.5858867421875 0.388119065625 0.586813778125 0.3794667296875 0.598401728125 0.3769946328125 0.6104531953125 0.384410921875 0.624822253125 0.4085138578125 0.6280668796875 0.43941505625 0.6294574328125 0.47031625625 0.6294574328125
0 0.5043075765625 0.5627108421875 0.5067796718750001 0.552513446875 0.5030715265625 0.5381443890625001 0.48700290468749996 0.5316551375 0.4635179921875 0.526092921875 0.43261679218750004 0.5233118125 0.40542373749999994 0.5233118125 0.38626499375 0.527483475 0.380084753125 0.5376808703125 0.380084753125 0.5455606765625001 0.3850289453125 0.556685109375 0.41284002500000005 0.564101396875 0.4425051765625 0.5664189859375 0.487620928125 0.5696636125000001 0.5043075765625 0.5627108421875
0 0.4085138578125 0.509869790625 0.4258185296875 0.5135779359375 0.445595296875 0.5168225609375 0.4678441609375 0.5196036703125 0.4845308078125 0.5228482953125 0.5018354796875 0.5209942234375 0.5067796718750001 0.5107968265625 0.5080157203125 0.49967239531249996 0.5061616484375 0.489475 0.4900930234375 0.4843763015625 0.46908020781250004 0.47881408593749997 0.4468313453125 0.4751059421875 0.4177842171875 0.46954372656250004 0.40418768906249997 0.46954372656250004 0.3912091859375 0.4769600140625 0.3856469703125 0.483912784375 0.3850289453125 0.49550073437500003 0.39429930468749996 0.504307575 0.4085138578125 0.509869790625
0 0.4196382890625 0.464908546875 0.44497727343750004 0.47047076250000003 0.4641360171875 0.4732518703125 0.4802046390625 0.476032978125 0.5005994312500001 0.472324834375 0.5061616484375 0.464908546875 0.5098697921875 0.451466525 0.5080157203125 0.4403420921875 0.49812733593749997 0.43524339375 0.4802046390625 0.43199876875000004 0.45610170468750005 0.4259730359375 0.43138074531250004 0.422264890625 0.4116039765625 0.42087433750000003 0.3986254734375 0.42365544374999997 0.3875010421875 0.43107173281250005 0.3856469703125 0.44173264687499997 0.3912091859375 0.45471114999999995 0.4029516421875 0.4612004015625 0.4196382890625 0.464908546875
0 0.4153121203125 0.414848603125 0.43199876875000004 0.41902026562500005 0.4554836796875 0.422264890625 0.4709342796875 0.42504600000000003 0.4863848796875 0.42458248125000003 0.49318314374999994 0.41623915624999996 0.4962732640625 0.40650527968750005 0.48885697656250005 0.3953808484375 0.47526044843750004 0.387501040625 0.4598098484375 0.3833293796875 0.4425051765625 0.37915771875000004 0.4159301453125 0.3717414296875 0.3967714015625 0.3694238390625 0.3850289453125 0.372204946875 0.3776126578125 0.3796212359375 0.3745225375 0.39120918437499996 0.3788487046875 0.399552509375 0.39368128125 0.40696879687500004 0.4153121203125 0.414848603125
0 0.43014469687499995 0.3694238390625 0.46289996875000006 0.3759130921875 0.4907110484375 0.37823068125 0.5043075765625 0.36664273281250004 0.5055436234374999 0.3522736734375 0.5005994312500001 0.34161276093750004 0.487620928125 0.3365140625 0.4696982328125 0.3314153640625 0.44126912812499997 0.32446259375 0.4159301453125 0.32214500468749996 0.4004795453125 0.3226085234375 0.388119065625 0.3332694375 0.3875010421875 0.342539796875 0.3899731375 0.3522736734375 0.4048057140625 0.361080515625 0.43014469687499995 0.3694238390625
0 0.8182637625 0.66097665625 0.8300062171875 0.652169815625 0.8349504109374999 0.6424359374999999 0.8238259781249999 0.6299209515624999 0.8133195703125 0.6150883765625 0.8071393296875 0.602573390625 0.7929247796875 0.590521921875 0.7805642984375 0.5803245265625 0.7632596265625 0.5826421171875 0.7558433390625 0.58913136875 0.7478090265625 0.5993287640625 0.749045075 0.6104531953125 0.7731480109375 0.6299209515624999 0.7898346578125001 0.651706296875 0.8003410671875001 0.6591225859375001 0.8182637625 0.66097665625
0 0.8003410671875001 0.72308806875 0.81455561875 0.72262455 0.8256800500000001 0.7175258515625 0.8300062171875 0.705010865625 0.8225899296874999 0.690178290625 0.8133195703125 0.6758092328124999 0.79168873125 0.65773203125 0.779946275 0.649852225 0.7638776515625 0.6442900093749999 0.7527532203125 0.649852225 0.7478090265625 0.6591225859375001 0.749045075 0.6758092328124999 0.7675857953125 0.6920323625 0.7836544187500001 0.7031567953125 0.7960148984375001 0.716598815625 0.8003410671875001 0.72308806875
0 0.8250620265625 0.7986415015625 0.8380405296875001 0.806984825 0.8553452015625 0.804203715625 0.8670876578125 0.795396875 0.871413825 0.78427244375 0.8652335859375 0.7731480109375 0.8497829859375001 0.760633025 0.8306242421875 0.7444098953125 0.8133195703125 0.7337489828125 0.8015771140625001 0.7267962125 0.7929247796875 0.7272597296875001 0.781800346875 0.7332854640625001 0.7725299875 0.7448734124999999 0.7793282515625 0.759242471875 0.789216634375 0.76851283125 0.8083753781249999 0.78427244375 0.8250620265625 0.7986415015625
0 0.7836544187500001 0.8287701703125 0.800959090625 0.8394310828125 0.8114654984375 0.8459203359374999 0.8306242421875 0.8487014437499999 0.8460748421875 0.8487014437499999 0.8497829859375001 0.8366499749999999 0.8516370578125001 0.8250620265625 0.8417486734375 0.816255184375 0.8133195703125 0.7967874296875 0.8003410671875001 0.788907621875 0.7811823234374999 0.781954853125 0.7675857953125 0.7782467093750001 0.7546072921875 0.7875170687499999 0.751517171875 0.804203715625 0.7558433390625 0.8130105578125001 0.7669677703125 0.8194998109375 0.7836544187500001 0.8287701703125
0 0.6433629734374999 0.8403581203125 0.643980996875 0.8524095875000001 0.655723453125 0.8644610546875 0.6724101015625 0.8672421625 0.7020752515625001 0.8612164296874999 0.7317404046875 0.85704476875 0.7441008828125 0.8505555156250001 0.7441008828125 0.8310877609375 0.7385386671874999 0.818572775 0.7181438765625 0.81069296875 0.68415255625 0.815791665625 0.655723453125 0.8208903640624999 0.6452170453125 0.8283066515625 0.6433629734374999 0.8403581203125
0 0.5420070390625 0.8820747390625 0.563637878125 0.8760490046875 0.5759983578125001 0.8686327171875 0.5784704546875 0.8593623578124999 0.57723440625 0.84545681875 0.5766163828125 0.83386886875 0.566109975 0.827843134375 0.5494233265624999 0.8283066515625 0.5185221265625 0.8301607234375 0.47649649531250005 0.8361864578124999 0.4598098484375 0.8403581203125 0.45610170468750005 0.8514825515625001 0.45486565625 0.8612164296874999 0.4579557765625 0.8728043796874999 0.4666081125 0.8853193656249999 0.48700290468749996 0.8881004734375001 0.5061616484375 0.8853193656249999 0.5420070390625 0.8820747390625
0 0.4381790078125 0.8681692 0.4332348171875 0.8505555156250001 0.426436553125 0.838504046875 0.40356966562499996 0.8394310828125 0.3819388265625 0.8445297828125 0.3485655296875 0.8468473718749999 0.3263166671875 0.8491649609374999 0.30715792343750004 0.8514825515625001 0.284909059375 0.8547271765625 0.273166603125 0.8598258765625 0.2737846265625 0.8741949343750001 0.2719305546875 0.8881004734375001 0.2719305546875 0.9006154578125001 0.2756386984375 0.914984515625 0.292325346875 0.9191561796875 0.3121021140625 0.9168385875 0.3294067859375 0.9122034078124999 0.35103762656250004 0.9103493374999999 0.372668465625 0.90571415625 0.40109757031250004 0.8992249046874999 0.422728409375 0.8941262078125 0.433852840625 0.8867099203125001 0.4381790078125 0.8681692
0 0.2515357640625 0.8686327171875 0.2373212125 0.8607529125 0.2070380359375 0.8593623578124999 0.1755188140625 0.8667786453125 0.1365833015625 0.8737314156249999 0.113098390625 0.8765125234375001 0.0988838390625 0.8955167609375 0.09950186250000001 0.9126669265625 0.1100082703125 0.9247183937499999 0.1192786296875 0.92889005625 0.135965278125 0.9298170921875 0.215690371875 0.9237913593749999 0.2515357640625 0.9159115515625 0.2608061234375 0.8876369546875 0.2515357640625 0.8686327171875
0 0.7830363953125 0.553904 0.7947788515624999 0.5474147484375 0.800959090625 0.5358267984375 0.7984869953125 0.5168225609375 0.7941608265625 0.5005994312500001 0.7848904671875 0.49225610781249995 0.7774741796875 0.47974112187499995 0.762641603125 0.4755694609375 0.7484270515625 0.4769600140625 0.7416287875 0.4843763015625 0.7447189078124999 0.49550073437500003 0.743482859375 0.506625165625 0.7478090265625 0.5298010640624999 0.7527532203125 0.5474147484375 0.766349746875 0.553904 0.7830363953125 0.553904
0 0.7651136984375 0.4500759703125 0.7719119640625001 0.4463678265625 0.7756201078125 0.43338932343750003 0.7768561546874999 0.422264890625 0.7719119640625001 0.40743231562500004 0.7669677703125 0.3986254734375 0.7595514828125001 0.3907456671875 0.7484270515625 0.3856469703125 0.73792064375 0.38657400625 0.7267962109375 0.3944538109375 0.7354485484375 0.42504600000000003 0.7373026203124999 0.44219616406249995 0.747191003125 0.448685415625 0.7651136984375 0.4500759703125
0 0.7601695078125 0.36988735781250004 0.7601695078125 0.361544034375 0.758933459375 0.35181015625 0.7601695078125 0.3411492421875 0.7595514828125001 0.3249261125 0.7564613640625 0.3142651984375 0.7484270515625 0.30545835625 0.7354485484375 0.3017502140625 0.72247004375 0.305921875 0.7156717796875001 0.319827415625 0.7199979484375 0.3369775796875 0.7230880671875 0.3620075515625 0.7317404046875 0.368496803125 0.7465729796875 0.372668465625 0.7601695078125 0.36988735781250004
0 0.6408908765625 0.22526974531250002 0.6526333328125 0.2303684421875 0.6693199812499999 0.2326860328125 0.6792083640625 0.227123815625 0.6804444125 0.21229124062500002 0.6779723171875001 0.20209384375 0.6662298609375 0.192359965625 0.6501612375 0.185407196875 0.6353286609375 0.1803085 0.6180239890625 0.1775273921875 0.6044274609375 0.182162571875 0.6062815328125 0.197458665625 0.61184375 0.20951013281250003 0.624822253125 0.216462903125 0.6408908765625 0.22526974531250002
0 0.6884787234374999 0.20904661406249997 0.6958950125000001 0.216462903125 0.7113456125 0.22202511875000003 0.7267962109375 0.220171046875 0.7342125 0.2136817953125 0.7335944765625 0.204411434375 0.7298863328125 0.1942140390625 0.7181438765625 0.1881883046875 0.7113456125 0.181235534375 0.7045473484375 0.1766003546875 0.6928048921875 0.171965175 0.6792083640625 0.1696475859375 0.6649938125 0.173819246875 0.6631397406249999 0.182162571875 0.6631397406249999 0.1867977515625 0.674882196875 0.1993127375 0.6884787234374999 0.20904661406249997
0 0.7848904671875 0.254471378125 0.7947788515624999 0.2577160046875 0.8015771140625001 0.254471378125 0.8052852578125 0.2493726796875 0.8059032828125 0.2442739828125 0.8034311859375001 0.23871176562500002 0.7997230421875 0.231758996875 0.7923067546875 0.22526974531250002 0.7830363953125 0.2187804921875 0.770057890625 0.21507234843749998 0.7576974109375 0.21275475937500002 0.7508991484374999 0.2141453125 0.7441008828125 0.223879190625 0.7508991484374999 0.2359306578125 0.7632596265625 0.2442739828125 0.7737660359375 0.24890916093749998 0.7848904671875 0.254471378125
0 0.8272292984374999 0.272689109375 0.8373556859375 0.277752303125 0.8477231765625 0.282996325 0.8583317703125 0.2851662640625 0.8638771734375 0.2828154953125 0.8691814703125 0.2786564453125 0.869422575 0.272327453125 0.8682170515625 0.2652751484375 0.8646004859374999 0.25948864375 0.8588139796875 0.2558720765625 0.8566440390625001 0.251532196875 0.8513397421875 0.2477348015625 0.8402489390625 0.243394921875 0.8318102828124999 0.2401400125 0.8224072109374999 0.2394166984375 0.815174078125 0.242309953125 0.8137274515625 0.2470114890625 0.8142096609375 0.2508088828125 0.8144507640624999 0.2585845015625 0.8158973921875001 0.2652751484375 0.8199961671875 0.2701575140625 0.8272292984374999 0.272689109375
0 0.9053471343749999 0.3068656640625 0.9152324171874999 0.3110247140625 0.92487659375 0.31446045312500004 0.9313864140625 0.31265216875 0.9350029796875001 0.3108438875 0.9350029796875001 0.305961521875 0.9345207703125 0.2992708734375 0.9316275171875 0.2931227109375 0.927769846875 0.2873362046875 0.9222244453125 0.283538809375 0.915714625 0.280464728125 0.9099281187500001 0.2786564453125 0.901248359375 0.27720981875 0.893774121875 0.27720981875 0.8865409890624999 0.2782947890625 0.8843710484375 0.2844429515625 0.8865409890624999 0.291314428125 0.8894342421875001 0.296739278125 0.8957029578125001 0.3025257828125 0.9053471343749999 0.3068656640625
0 0.5231966140625001 0 0.5176512109375 0.01121135625 0.5142757484375 0.0213377421875 0.5142757484375 0.029294187500000003 0.5190978375 0.0377931203125 0.531153059375 0.0468345359375 0.5434493859375 0.051716899999999996 0.5492358921875 0.048823646875 0.5530935625 0.0441221109375 0.5576745468750001 0.0365273203125 0.56225553125 0.027305076562500002 0.565148784375 0.01537040625 0.5656309921875 0 0.5231966140625001 0
0 0.57455185625 0.061119971875 0.57792731875 0.0672681359375 0.5856426609375001 0.0721505015625 0.5991445078125001 0.075405409375 0.6042077015625 0.07450126875 0.6078242671874999 0.06835310624999999 0.609029790625 0.06292825625000001 0.609029790625 0.05406766875 0.6095119984374999 0.043398796875 0.6087886859375 0.0354423515625 0.6066187453125 0.029475015625 0.603966596875 0.023326854687500002 0.5993856140625 0.0189869734375 0.5931168984374999 0.014466265624999999 0.5844371390624999 0.0108497 0.5755162734375 0.0099455578125 0.5714174984375 0.0151895796875 0.565872096875 0.020976084375000002 0.5668365140625 0.028028390625 0.5702119765625 0.031825784375 0.5706941859375 0.031825784375 0.571658603125 0.041228857812500005 0.5721408125 0.0497277890625 0.5731052296875 0.0549718109375 0.57455185625 0.061119971875
0 0.6078242671874999 0.034176553124999995 0.6075831640625 0.03706980625 0.6092708953125 0.039963059375 0.6099942078125 0.0417713421875 0.6102353125 0.045026253125 0.6102353125 0.047015364062499995 0.6099942078125 0.0497277890625 0.6099942078125 0.052440214062500004 0.6102353125 0.0562376078125 0.6102353125 0.0584075484375 0.6104764171875 0.0623857703125 0.6095119984374999 0.0660023375 0.6085475812500001 0.06961890312499999 0.6092708953125 0.07377795625 0.6111997296875 0.07721369375 0.6152985046875 0.0815535734375 0.6213261171875 0.08390434218750001 0.626389309375 0.08679759375 0.6314525015625 0.0871592515625 0.6377212171875 0.08589345312499999 0.6406144703125001 0.083542684375 0.6435077234375 0.0806494328125 0.6444721421875 0.07721369375 0.6442310375 0.0741396125 0.6435077234375 0.0708847015625 0.6432666203124999 0.067810621875 0.6435077234375 0.063832396875 0.6435077234375 0.059673346875 0.643748828125 0.0564184359375 0.6427844109375 0.05334435625 0.641337784375 0.0504511015625 0.639650053125 0.0482811625 0.637962321875 0.0453879078125 0.6377212171875 0.041952171875 0.6365156953125 0.0385164328125 0.6328991296875001 0.0359848359375 0.6285592484375 0.0321874421875 0.6237371609375 0.029294187500000003 0.6193972796875 0.0269434203125 0.6111997296875 0.0245926515625 0.6087886859375 0.0278475625 0.6061365375000001 0.030198329687499997 0.6078242671874999 0.034176553124999995
0 0.64664208125 0.05750340625 0.6476064984375001 0.06130080156249999 0.6480887078124999 0.065459853125 0.6483298125 0.0707038734375 0.65001754375 0.0755862390625 0.651223065625 0.0782986640625 0.652910796875 0.08191522968750001 0.6555629453125 0.0871592515625 0.66159055625 0.09059498906249999 0.6683414796875 0.0924032734375 0.6717169421875 0.095477353125 0.6758157171875 0.0965623234375 0.6816022234375 0.0960198390625 0.6840132671875 0.09348824375 0.6864243125 0.0891483625 0.6878709390625 0.08589345312499999 0.6890764609375 0.0822768859375 0.689317565625 0.0784794921875 0.6895586703125 0.07305464218749999 0.68811204375 0.06907641875000001 0.6864243125 0.065459853125 0.6854598953125 0.0614816296875 0.6837721640625001 0.05949251875 0.68136111875 0.056960921875 0.6791911796875 0.0549718109375 0.6762979265625 0.051897728125 0.6746101953125 0.048823646875 0.6717169421875 0.044845425 0.6688236890625 0.0424946546875 0.662796078125 0.03978223125 0.6574917796874999 0.0379739484375 0.6524285875 0.0386972609375 0.6468831859375 0.04050554375 0.6442310375 0.043398796875 0.6442310375 0.049546959375 0.6451954546875001 0.0526210421875 0.64664208125 0.05750340625
0 0.7061948765625 0.11301770156249999 0.714151321875 0.11428350000000001 0.7189734109375 0.114825984375 0.7189734109375 0.1092203078125 0.7201789328125 0.10108303125 0.7196967234375 0.0938498984375 0.719937828125 0.0878825640625 0.7192145140624999 0.08137274531250001 0.71535684375 0.0764903796875 0.7095703375 0.0705230453125 0.703301621875 0.06636399531250001 0.6948629671875 0.0614816296875 0.6885942515625 0.0605774890625 0.6861832078125001 0.0623857703125 0.6869065203125 0.0681722765625 0.6900408796875 0.071246359375 0.6907641921875001 0.0781178359375 0.691005296875 0.082819371875 0.6883531484375001 0.0878825640625 0.6869065203125 0.0929457578125 0.6864243125 0.0980089515625 0.6900408796875 0.103252971875 0.6941396546874999 0.1083161640625 0.6987206390625 0.1108477609375 0.7061948765625 0.11301770156249999
0 0.7445304796875 0.12531402656249999 0.7486292546875 0.11826172187499999 0.7479059421875001 0.11193273125 0.7491114640625 0.106146225 0.74935256875 0.0999980625 0.7483881515624999 0.0938498984375 0.7467004203125 0.089329190625 0.7428427484375 0.085170140625 0.7411550171875 0.0804686046875 0.73850286875 0.0766712078125 0.733198571875 0.0719696734375 0.7262065421874999 0.0697997328125 0.7177678890625 0.0687147625 0.7122224859374999 0.0721505015625 0.7127046953125 0.075405409375 0.7172856796875 0.07974529062499999 0.7180089921875 0.0846276546875 0.71945561875 0.0904141609375 0.71945561875 0.09692398125 0.71945561875 0.10234883125000001 0.71873230625 0.1077736796875 0.71873230625 0.1121135609375 0.7192145140624999 0.116453440625 0.721625559375 0.119165865625 0.7276531703125 0.12278243124999999 0.7346451984375 0.12513319843749998 0.7394672859375 0.12712231093749998 0.7445304796875 0.12531402656249999
0 0.7753918468750001 0.1417694046875 0.7843127109375 0.1367062109375 0.7879292765625 0.131462190625 0.7908225296875 0.12621816875 0.792028053125 0.12278243124999999 0.792028053125 0.11898503593750001 0.7898581124999999 0.11356018593749999 0.7864826515625001 0.1081353359375 0.7838305015625 0.102168003125 0.7804550390625 0.09764729375 0.7753918468750001 0.0929457578125 0.7717752796874999 0.08951001875 0.7647832515624999 0.0878825640625 0.7594789546875 0.0875209078125 0.754656865625 0.08860587812500001 0.7520047171875001 0.0929457578125 0.7512814046875 0.0981897796875 0.7512814046875 0.100902203125 0.754656865625 0.10198717500000001 0.7548979703125 0.10650788124999999 0.7556212828125 0.11193273125 0.75682680625 0.11627261250000001 0.75682680625 0.1204316625 0.7529691359374999 0.126037340625 0.7561034921875 0.13037722031250001 0.7626133125 0.13544041406250001 0.7693642359374999 0.140322778125 0.7753918468750001 0.1417694046875
0 0.8197550625 0.158043953125 0.8274704046875 0.1593097515625 0.8347035359375001 0.1609372078125 0.8397667296875 0.158043953125 0.8421777734375 0.1533424171875 0.8429010874999999 0.1477367390625 0.8455532359375001 0.133451303125 0.84531213125 0.126037340625 0.8438655046875001 0.11771923749999999 0.8429010874999999 0.11102858906249999 0.8409722515625001 0.1068695390625 0.8356679546875 0.1043379421875 0.830845865625 0.103252971875 0.8253004640625001 0.10506125625 0.819272853125 0.10759285156250001 0.8156562859375001 0.111571075 0.8163796 0.116453440625 0.8149329734374999 0.1197083484375 0.8113164078124999 0.1222399453125 0.811798615625 0.1263989984375 0.8110753015625001 0.12513319843749998 0.8154151828125 0.13435544375 0.8163796 0.1435776875 0.8171029140625 0.1509916484375 0.8197550625 0.158043953125
0 0.8667704265625 0.0817344015625 0.8740035578124999 0.08191522968750001 0.8812366921875 0.0806494328125 0.8848532578125001 0.075405409375 0.8843710484375 0.067810621875 0.88340663125 0.06130080156249999 0.8814777953125 0.051897728125 0.8809955875 0.046111221875000004 0.8781023343750001 0.0396014015625 0.8742446640624999 0.033814896875 0.8660471125000001 0.030198329687499997 0.86026060625 0.030921643749999998 0.8510986375 0.033814896875 0.8443477140625 0.0363464921875 0.841695565625 0.0408672015625 0.8380789984374999 0.0455687375 0.8412133562499999 0.048823646875 0.8520630546874999 0.0580458921875 0.85616183125 0.0660023375 0.86363606875 0.0732354703125 0.8667704265625 0.0817344015625