0 0.49654732968750004 0.24933617031250002 0.473759709375 0.22240534531249997 0.44613835 0.200308259375 0.42289037343749997 0.203300571875 0.4028648890625 0.24542314375 0.3931974125 0.28823625 0.3964199046875 0.31079369375 0.42611286562500006 0.330819178125 0.44567799375000006 0.335192559375 0.4613300984375 0.30665048906250003 0.48411771875 0.28386286875 0.49654732968750004 0.24933617031250002
0 0.5973652890625 0.3142463625 0.6143984609375 0.289847496875 0.621073621875 0.2647580953125 0.600817959375 0.23345388906250003 0.5773398046875 0.21273787031250002 0.5437338171875 0.209515378125 0.5237083328125001 0.25163795 0.5027621359375 0.29836408125 0.49953964375000004 0.325525084375 0.516112459375 0.3420979 0.5349870546875 0.358210359375 0.5609971671875 0.35798018125 0.57941140625 0.3432487890625 0.5973652890625 0.3142463625
0 0.764934865625 0.2829421578125 0.7426076 0.2592338234375 0.7078507234375 0.236906559375 0.679769009375 0.2392083390625 0.60196885 0.34647128125000004 0.6194623765625 0.3750133515625 0.642710353125 0.394118125 0.6618151250000001 0.39526901406250003 0.6889761296875 0.364425165625 0.72580460625 0.32943811093750003 0.7541165000000001 0.3011262171875 0.764934865625 0.2829421578125
0 0.8312261265625001 0.404476134375 0.8618397984374999 0.37570388593750004 0.8866990203125 0.3453203921875 0.9127091343749999 0.311944584375 0.9203050078125001 0.2933001671875 0.8982079203125 0.2712030796875 0.8705865625 0.24910599218749999 0.8323770156249999 0.241279940625 0.8040651234375 0.27511610468750003 0.775292875 0.31125405 0.7469809828125 0.34509021406249996 0.73247976875 0.3761642421875 0.7455999140625 0.39618972812500003 0.779436078125 0.42312055156249995 0.7994615640625 0.4251921546875 0.8312261265625001 0.404476134375
0 1 0.3027374640625 0.9974146328125 0.3027374640625 0.9417115609375 0.338184875 0.8984380984375001 0.3667269453125 0.8837067078124999 0.39618972812500003 0.8899215125 0.42312055156249995 0.915931625 0.4505117328125 0.93848906875 0.46478276718749995 0.9930412515624999 0.43785194374999997 1 0.43455315937499994 1 0.3027374640625
0 0.33197006875 0.3071108453125 0.351074840625 0.31378600625 0.3653458765625 0.2976735484375 0.35613875781250004 0.2663693421875 0.3395659421875 0.22217516874999998 0.3250647296875 0.1869579359375 0.293760521875 0.17222654375 0.2822516234375 0.17452832499999998 0.2799498421875 0.20813430937500002 0.28524393593749997 0.2341444234375 0.29928479375 0.271663434375 0.3140161859375 0.2919190984375 0.33197006875 0.3071108453125
0 1 0.6063778906249999 0.9792305718750001 0.5952936875 0.943092628125 0.5909203062499999 0.9357269328125 0.61117596875 0.9424020953125 0.652377828125 0.9437831624999999 0.7007152062500001 0.9522997484375001 0.7271856750000001 0.9668009609375 0.7403058203125 1 0.7052494921875 1 0.6063778906249999
0 0.8353693296875001 0.665497975 0.8542439249999999 0.6816104328125 0.8846274187500001 0.6954211124999999 0.906954684375 0.6970323578125 0.90580379375 0.6503062265625 0.8947552515625 0.60058778125 0.883476528125 0.5713551765625 0.8682847812500001 0.55340129375 0.8367503984375 0.5370586562499999 0.8164947343750001 0.5444243515625 0.8148834890625001 0.5718155328125001 0.8164947343750001 0.605191340625 0.8296148796875 0.641789640625 0.8353693296875001 0.665497975
0 0.767927178125 0.6463932015625 0.7980804953125 0.6585926343749999 0.8215586500000001 0.6516872953124999 0.8187965140625 0.6323523437499999 0.8116609968749999 0.587927990625 0.8006124531250001 0.5492580890625 0.7821982140625 0.5253195796875 0.7400756421875 0.512199434375 0.727876209375 0.5207160187500001 0.7225821140625001 0.5389000796875 0.731328878125 0.5725060671875 0.7435283125 0.6081836546875 0.7531957874999999 0.6316618093749999 0.767927178125 0.6463932015625
0 0.299054615625 0.2921492765625 0.3068806671875 0.28064037656249996 0.2861646484375 0.24058940624999997 0.2709729015625 0.1950141640625 0.2507172375 0.1692342296875 0.23184264375 0.164170315625 0.2219449890625 0.1832750875 0.22977104218750002 0.21043609062500002 0.24058940624999997 0.23092193125 0.2659089859375 0.2645279171875 0.27948948749999997 0.2767273515625 0.299054615625 0.2921492765625
0 0.700024671875 0.6185416640625 0.7340910140625 0.6139381046875 0.7301779890625 0.5810226515625 0.7186690890625 0.5280817156250001 0.70025485 0.4930946609375 0.6666488640625 0.478823625 0.648925159375 0.48181593906250003 0.642710353125 0.504603559375 0.6507665828125 0.5389000796875 0.6615849484375 0.5814830078125001 0.67470509375 0.60150849375 0.700024671875 0.6185416640625
0 0.6233754015625 0.5626084140625001 0.6491553359375 0.5718155328125001 0.659973703125 0.55915574375 0.6553701421875 0.5214065531250001 0.64109910625 0.48227629375000003 0.6185416640625 0.4459081734375 0.5913806609375001 0.44360639218750003 0.5704344640625 0.451662621875 0.5713551765625 0.4691561484375 0.57941140625 0.4924041265625 0.5932220859374999 0.5227876203124999 0.611636325 0.5467261328124999 0.6233754015625 0.5626084140625001
0 0.5923013734375 0.5494882671875 0.601278315625 0.5349870546875 0.578260515625 0.495396440625 0.5644498359375001 0.4539644015625 0.5626084140625001 0.4410744359375 0.5347568765624999 0.42841464531250006 0.5126597890625 0.4173661015625 0.5087467640625001 0.43416909531250003 0.5191047734375001 0.46800525937500004 0.526700646875 0.49907928906250004 0.5326852734374999 0.5243988671875 0.5515598703125 0.5460355984375 0.569053396875 0.55248058125 0.5923013734375 0.5494882671875
0 0.453504046875 0.48941181250000004 0.480434871875 0.501150890625 0.500230178125 0.49608697343749997 0.4864194984375 0.46017920781250005 0.4652431234375 0.41138147500000005 0.44659870625 0.380307446875 0.43785194374999997 0.379847090625 0.42381108593750005 0.3754737078125 0.4037856015625 0.37892637812499996 0.4178264578125 0.405396846875 0.42058859374999996 0.43025606875 0.43416909531250003 0.45902831875 0.453504046875 0.48941181250000004
0 0.3698698875 0.4154451296875 0.375394159375 0.437542215625 0.39680071250000004 0.46585410781250003 0.4209694 0.48587959375 0.44283630937499996 0.478744075 0.42419189218750003 0.43662150312500003 0.39588 0.38206932031249996 0.3727667765625 0.369859275 0.368006690625 0.36966887187499997 0.3644366265625 0.370954096875 0.3574402765625 0.3781562953125 0.35981934375 0.3888996171875 0.3691967125 0.40655952968750003 0.3698698875 0.4154451296875
0 0.8533232125 0.7525052546875 0.8434255593750001 0.7771342984375 0.8563155265625 0.8231698953125001 0.8652924687500001 0.8418143125 0.9122487781249999 0.783809459375 0.8857783093749999 0.76424433125 0.8533232125 0.7525052546875
0 0.8369805749999999 0.8038349453125001 0.8319166593749999 0.77391180625 0.8243207859374999 0.742837778125 0.8084385046874999 0.7200501578125 0.7821982140625 0.707620546875 0.7660857546875001 0.716367309375 0.7736816281250001 0.741917065625 0.7787455453125001 0.7663159328125 0.789563909375 0.7868017734375 0.8093592171875 0.8038349453125001 0.8319166593749999 0.812581709375 0.8369805749999999 0.8038349453125001
0 0.7690780687500001 0.764934865625 0.7720703828125 0.747211159375 0.7614821953125 0.72281229375 0.7446792015625 0.6935796875 0.7246537171874999 0.6749352703125 0.7023264515625 0.667799753125 0.69496075625 0.6770068734375 0.705779121875 0.7085412578125 0.7152164203125 0.7304081671875 0.722121759375 0.7455999140625 0.737083328125 0.76194255 0.7557277453125 0.7709194921875 0.7690780687500001 0.764934865625
0 0.7034773421875 0.7145258859375 0.6938098671875 0.6799991875 0.6735542031249999 0.6486949796875 0.6413292859374999 0.633042878125 0.6222245125 0.6318919875 0.6302807421875001 0.6661885078124999 0.642480175 0.6963418234375001 0.658132278125 0.7175182 0.67286366875 0.7322495906250001 0.691738265625 0.742837778125 0.7011755625 0.737083328125 0.7034773421875 0.7145258859375
0 0.6021990265625 0.6132475703125 0.564680015625 0.5992067140625 0.5490279109375 0.6222245125 0.5626084140625001 0.6454724890625 0.5773398046875 0.6657281515625 0.6010481359375001 0.6825311453125 0.6242961140625 0.696111646875 0.6332730546875001 0.6816104328125 0.6203830875 0.64109910625 0.6021990265625 0.6132475703125
0 0.5375190125 0.5858563890624999 0.515191746875 0.5731966 0.504143203125 0.5731966 0.5135805015625 0.606112053125 0.5294627828125 0.6288996734375 0.546265775 0.647083734375 0.564680015625 0.65444943125 0.56306876875 0.6376464375 0.5492580890625 0.6072629421875 0.5375190125 0.5858563890624999
0 0.48411771875 0.5545521828125 0.4709975734375 0.5510995140625 0.4714579296875 0.5708948203124999 0.47744255625000004 0.5906901265625 0.500230178125 0.6176209515625 0.5214065531250001 0.627748784375 0.5073656953125 0.59575404375 0.4930946609375 0.5621480562500001 0.48411771875 0.5545521828125
0 0.2645279171875 0.2714332578125 0.2534793734375 0.24933617031250002 0.23069175312499998 0.21135680156249997 0.2249373046875 0.1765999265625 0.2207941 0.15864604375 0.19846683437499998 0.151510525 0.1915614953125 0.1584158640625 0.1920218515625 0.18373544375 0.2016893265625 0.22378641406250002 0.21457929375 0.253249196875 0.2339142453125 0.27810841875 0.253249196875 0.2863948265625 0.2645279171875 0.2714332578125
0 0.1950102 0.2064946484375 0.19193352187499998 0.193162375 0.1903219296875 0.17602088124999998 0.172545565625 0.15707244843749998 0.158138896875 0.134754321875 0.1255651734375 0.168109421875 0.14265783125 0.1951646578125 0.16189928125 0.20913180156250002 0.17195953125000002 0.2139177453125 0.179626809375 0.2148456328125 0.18509645937500002 0.2109387390625 0.1950102 0.2064946484375
0 0.22196728281250003 0.345868446875 0.243911275 0.3646707828125 0.2545262640625 0.3635759625 0.262285203125 0.35505541093750004 0.260190765625 0.34382161093749997 0.2376755625 0.3153087015625 0.1942159875 0.2681362578125 0.18203016875 0.26166254375000003 0.1737476203125 0.26309056875 0.16494146406250002 0.27570479375 0.1716531828125 0.29526874375 0.172036784375 0.2971897140625 0.1966658296875 0.3259619609375 0.22196728281250003 0.345868446875
0 0.3535360328125 0.5048552875000001 0.361294971875 0.5020468359375 0.3669118703125 0.4968107421875 0.3635798109375 0.48605295000000004 0.339303378125 0.45892046718749996 0.3294024015625 0.43873770624999997 0.3106508890625 0.4230416453125 0.297319428125 0.4220774078125 0.28713284687499996 0.4307407625 0.2947489828125 0.4509235234375 0.3097301796875 0.471839378125 0.3257371359375 0.48162607187499995 0.3339244828125 0.49095583749999994 0.3535360328125 0.5048552875000001
0 0.43601051875 0.587927990625 0.408389159375 0.5603066328125 0.3929672359375 0.5683628625 0.393887946875 0.5858563890624999 0.41184182968750005 0.6065724078125 0.437621765625 0.626828071875 0.45718689375 0.631201453125 0.4567265375 0.6169304171875 0.43601051875 0.587927990625
0 0.5032224921874999 0.6938098671875 0.496317153125 0.6730938484375 0.4811254046875 0.6551399640625 0.46731472656250006 0.6413292859374999 0.44982119843749996 0.6348843015625001 0.447979775 0.644091421875 0.4514324453125 0.6572115671875001 0.45810760625 0.6707920671875 0.4728389984375 0.6799991875 0.48895145624999997 0.6933495109375001 0.5032224921874999 0.6938098671875
0 0.6226848687500001 0.7455999140625 0.6086440109375 0.7136051734375 0.5570841421875 0.6786181203125 0.5338361640625 0.6816104328125 0.5356775890625001 0.6889761296875 0.5437338171875 0.7011755625 0.5626084140625001 0.72281229375 0.5835546093749999 0.742377421875 0.611636325 0.7566484578125 0.6226848687500001 0.7455999140625
0 0.7106128593750001 0.7810473234375 0.6938098671875 0.768387534375 0.6376464375 0.7343211921874999 0.6309712765625 0.73731350625 0.6339635890624999 0.7637839750000001 0.6503062265625 0.7787455453125001 0.6724033140625 0.8008426312499999 0.6986436046875 0.8132722421875 0.7184389109375 0.8137325984375 0.7106128593750001 0.7810473234375
0 0.80176334375 0.8390521765625 0.77345145 0.8231698953125001 0.753425965625 0.826622565625 0.7508940078124999 0.8365202187499999 0.764474509375 0.848719653125 0.7856508843750001 0.8698960281250001 0.7971597828125 0.889691334375 0.8086686828125 0.8984380984375001 0.8425048468749999 0.864601934375 0.80176334375 0.8390521765625
0 0.136779134375 0.305269421875 0.142073228125 0.320230990625 0.1524312375 0.337494340625 0.16693245 0.3395659421875 0.189259715625 0.335652915625 0.193863275 0.3236836609375 0.1607176453125 0.296062303125 0.136779134375 0.305269421875
0 0.0753216109375 0.2451929671875 0.087751221875 0.2438118984375 0.1073163515625 0.22608819375000003 0.1017920796875 0.21503964999999997 0.093966028125 0.198927190625 0.0849890859375 0.20790413281250003 0.068416271875 0.224476946875 0.0654239578125 0.23667638124999998 0.0753216109375 0.2451929671875
0 0.1321755734375 0.250947415625 0.126421125 0.2438118984375 0.1133009796875 0.2458835 0.099260121875 0.26360720625 0.108927596875 0.2815610890625 0.119055428125 0.29168892031250004 0.13723949062500002 0.2863948265625 0.1475975 0.2760368171875 0.1455258984375 0.26153560468750003 0.1321755734375 0.250947415625
0 0.1708454765625 0.36143285 0.1489785671875 0.3409470109375 0.124809878125 0.3595914265625 0.14046198125 0.3807678015625 0.1607176453125 0.39549919375 0.18534668906250001 0.4132228984375 0.20560235312500003 0.41138147500000005 0.204681640625 0.39941221875 0.1708454765625 0.36143285
0 0.1360886 0.3225327703125 0.09327549375000001 0.2769575296875 0.09511691875 0.278798953125 0.082457128125 0.261995959375 0.0801553484375 0.27902913125 0.08590979843749999 0.3027374640625 0.1015619015625 0.3183895671875 0.1227382765625 0.3340416703125 0.1360886 0.3225327703125
0 0.2385178046875 0.38767314062499997 0.20813430937500002 0.3849110046875 0.20790413281250003 0.38882403125 0.21043609062500002 0.40654773750000006 0.21872249843749997 0.420358415625 0.2440420765625 0.4373915859375 0.2707427234375 0.42542233124999995 0.25877346874999996 0.3968802609375 0.2385178046875 0.38767314062499997
0 0.2903078515625 0.4518928 0.2712030796875 0.43969336718749996 0.2525586625 0.43071642499999996 0.24058940624999997 0.43531998437499997 0.252328484375 0.4567265375 0.2652184515625 0.46961650625000007 0.288006071875 0.47997451562500004 0.304809065625 0.4760614890625 0.2903078515625 0.4518928
0 0.5039130265625 0.6986436046875 0.48618932031249995 0.696111646875 0.4772123796875 0.7050885874999999 0.48849109999999996 0.7232726484375 0.5016112453125 0.7377738625 0.5232479765625 0.7511241859375 0.5347568765624999 0.7543466765625 0.532915453125 0.7359324390624999 0.5163426375 0.7138353515625 0.5039130265625 0.6986436046875
0 0.2823969 0.4930002421875 0.29126645624999997 0.49985617031249996 0.3020537546875 0.505177903125 0.310347990625 0.508006571875 0.3211832328125 0.50445875 0.31758746718749997 0.49654806406249996 0.31063565312499997 0.4835553609375 0.30132153906250003 0.4773617109375 0.2910267375 0.478617175 0.282924278125 0.4782815703125 0.261445565625 0.46715866562499997 0.2671508484375 0.47717886875 0.2823969 0.4930002421875
0 0.2739108890625 0.4922810875 0.2776504875 0.497746653125 0.2825886734375 0.50469846875 0.2850817375 0.51064346875 0.28968431875 0.5175473390625001 0.2946225046875 0.523348509375 0.30186198124999997 0.5314509703125 0.3103479890625 0.5379233515624999 0.319649040625 0.5408958515625 0.325546096875 0.5396013749999999 0.3319705328125 0.5362453265625 0.33364855625 0.53073181875 0.3264090796875 0.5214787125 0.3184983953125 0.51212971875 0.3099164984375 0.5072874203125 0.30478653906250003 0.507047703125 0.29668407812500003 0.50441080625 0.290739078125 0.4996164515625 0.28325988281250003 0.4944385484375 0.27731488125000003 0.4896441921875 0.2739108890625 0.4922810875
0 0.3151423453125 0.5473202875000001 0.322237990625 0.555566578125 0.3288542015625 0.5604568203125 0.34031271093750004 0.564723796875 0.34879871875 0.56544295 0.35455194687499997 0.5642923046874999 0.352490371875 0.5567651671875 0.3458262203125 0.549238028125 0.3365251703125 0.5393616578125 0.3363333953125 0.539169884375 0.331778759375 0.5383548421875 0.3245392828125 0.5406081890625 0.31859428125 0.5392657703125 0.310587709375 0.536149440625 0.310204159375 0.5403684734375 0.3151423453125 0.5473202875000001
0 0.3174436359375 0.555374803125 0.3233886359375 0.5636210968750001 0.331586984375 0.5726824265625 0.33638134062499997 0.5797780718750001 0.3449152921875 0.5854354125000001 0.35354513125000003 0.5894626703125 0.3627982375 0.5909489203125 0.36917473125 0.5895585578125 0.3699897703125 0.5849080328125 0.36452420625 0.5765658546875 0.35867509218750004 0.5678401281250001 0.352825978125 0.5660182734375 0.346593315625 0.5661141609375 0.339257953125 0.5642443625 0.3328335171875 0.5629978296875 0.32530637812499996 0.5574843203125 0.3157176671875 0.54904625625 0.3174436359375 0.555374803125
0 0.4496240125 0.58083283125 0.46194550625 0.59114069375 0.467411071875 0.5937296484375 0.474794378125 0.5924831140625 0.47767099062499996 0.5896065 0.47273280624999997 0.5815040406249999 0.4680822796875 0.5685113375 0.468513771875 0.56232661875 0.46534949843750006 0.5551350875 0.45393893125 0.537395971875 0.445884415625 0.5224375828125 0.4360080421875 0.5108352421875 0.4270905421875 0.505945 0.41980312187499996 0.5090133890625 0.40930348437499997 0.5057052828125 0.4096870328125 0.5118420578125 0.41572792031250005 0.5242114953125 0.41975517812499996 0.5339919796875 0.4206181625 0.5411835109375 0.42478925156249997 0.55312145625 0.4363915921875 0.5699017000000001 0.44195304531249996 0.5743125078125 0.4496240125 0.58083283125
0 0.3750717875 0.47204890937500005 0.3822153765625 0.4817814484375 0.39185203125 0.491705765625 0.40829666875 0.50441080625 0.41702239687500003 0.5079586296875 0.42244001875 0.506760040625 0.42689876875 0.5034519359375 0.4320766734375 0.500575321875 0.43423413125000004 0.49611657343750004 0.42967949531249994 0.4883976609375 0.427761753125 0.4841786265625 0.420042840625 0.48537721562499997 0.41141300000000003 0.479048665625 0.393386225 0.46217253593749996 0.379003159375 0.44203624374999995 0.37459235 0.43647479218749996 0.37224311718749997 0.426934025 0.3694623921875 0.41092087812500006 0.363517390625 0.41187975000000004 0.3580997703125 0.41768091875 0.3592983578125 0.4249203953125 0.3638050515625 0.43460499375 0.367928196875 0.442755396875 0.36879117968749997 0.44994693124999996 0.3693185609375 0.4616931015625 0.3750717875 0.47204890937500005
0 0.2242893109375 0.4659600765625 0.233830078125 0.47406253906250007 0.24447354843750002 0.48182939375 0.2530075015625 0.4782815703125 0.2543978640625 0.47075443281249996 0.2426996359375 0.453302978125 0.226350884375 0.43436527500000005 0.2152759234375 0.4224273296875 0.2063104796875 0.41720148437500004 0.205159834375 0.4183521296875 0.1993107203125 0.4234341453125 0.2048721734375 0.43014624218749997 0.20861177031249997 0.44136503437499996 0.2103377375 0.44884422968750004 0.21791281875 0.4592959234375 0.2242893109375 0.4659600765625
0 0.24164487656250003 0.49424677343749995 0.244617378125 0.5000958875 0.24854875 0.5057532265625 0.25367870937500003 0.5128968171875 0.260151090625 0.5202321796875 0.2666714140625 0.5244512125 0.2742944375 0.5248827046875 0.28081476250000004 0.523348509375 0.2817736328125 0.517403509375 0.270746615625 0.5058011687499999 0.2532951625 0.48489778125000005 0.25295955625 0.4848498390625 0.2503226609375 0.48019931250000003 0.24346673281250003 0.47938427343749995 0.238384715625 0.47602822343750006 0.2344533453125 0.47957604531250003 0.23732995781250002 0.48590459687500004 0.24164487656250003 0.49424677343749995
0 0.5361621265625 0.730944096875 0.54886716875 0.7427861546875001 0.55644225 0.7497859140625 0.56411321875 0.7540049453125001 0.5708732578125 0.7518474859375 0.572551284375 0.742882040625 0.55768878125 0.7239922796875 0.54579878125 0.7074997 0.532854021875 0.6962809078125 0.5271007937500001 0.6939796171875 0.5229776484374999 0.698486309375 0.5247515609375 0.7074517546875 0.5226899875 0.711431071875 0.5288267624999999 0.7233210718749999 0.5361621265625 0.730944096875
0 0.5606612828124999 0.7804697875 0.567756928125 0.7898667234375 0.575379953125 0.7949007984375001 0.5859275359375 0.8031470875 0.5940299953125 0.8080852734375 0.6038584250000001 0.8159000734375 0.61143350625 0.81714660625 0.607502134375 0.806886684375 0.5960915671875 0.7879969250000001 0.5870302359374999 0.77289470625 0.5750922921875 0.759518453125 0.567613096875 0.75434055 0.5608051125 0.7527104703124999 0.5560587015625 0.7505530109375 0.5546203953125 0.756593896875 0.552462934375 0.7622032937500001 0.5574011203125 0.7714564 0.5606612828124999 0.7804697875
0 0.549873984375 0.80161289375 0.5565860812500001 0.8060237015625 0.5616680984375 0.8082291046875 0.5663186203125 0.8131672906249999 0.571160921875 0.8136946703125 0.5740375328125 0.8085167671875 0.5697226140625 0.797873296875 0.5551477734375 0.7786958765625001 0.5483877328125 0.7693468828125 0.537456603125 0.7618676875 0.532086925 0.7645525265625001 0.5289226499999999 0.7677168015625 0.5292582546875 0.7723673265625 0.5338608359375 0.7815724875 0.5375524890625 0.7890037390625 0.541963296875 0.7945651921875 0.549873984375 0.80161289375
0 0.3237721859375 0.6387965875 0.3336965015625 0.6426800140625 0.3427098890625 0.6459401765624999 0.350189084375 0.65111808125 0.3535930765625 0.647330540625 0.3518191640625 0.6406663859374999 0.3379155328125 0.6273380765625001 0.3212791203125 0.6098386796875 0.3140875875 0.60667440625 0.31097125625 0.609023640625 0.3079028703125 0.6140097703125 0.3052180296875 0.6170781578125 0.308813796875 0.6238381984375 0.3140875875 0.6308379578125 0.3237721859375 0.6387965875
0 0.40498856562499996 0.7389986140625 0.4120362671875 0.7457586546875 0.41452933124999997 0.7424984921875 0.4203784453125 0.7454709937499999 0.4265152203125 0.744703896875 0.43145340625 0.7389986140625 0.41836481562500005 0.7233210703124999 0.409351428125 0.710855746875 0.39851618437499997 0.7040477640625 0.3946807015625 0.7059655046875 0.3958792890625 0.7120543359375 0.3975573125 0.71804728125 0.4009133625 0.72427994375 0.3995709421875 0.730992040625 0.40498856562499996 0.7389986140625
0 0.5715924125 0.8397280203124999 0.5784003953125 0.84596068125 0.584489228125 0.8471592687499999 0.5914410421875 0.8520974562499999 0.5979134234375 0.8502276578125001 0.59283140625 0.8399677375 0.5832906390625 0.8249614046874999 0.5744690265625 0.8149891453125001 0.567613096875 0.813023459375 0.56238725 0.8098112421874999 0.5563463625 0.8066469671875 0.5551477734375 0.8143658796875 0.5533738625 0.8203588234374999 0.5597982984375001 0.8285092281249999 0.5715924125 0.8397280203124999
0 0.6291726203125 0.8596245937500001 0.6320012890625 0.8541110843749999 0.6339669765625 0.8494605609375 0.6255768546875 0.8390568093749999 0.6183373765625 0.8286530578125 0.6115773359375 0.8216053562500001 0.6055364484375 0.8161397906250001 0.5917766484375 0.8084208796875 0.5879891078124999 0.81527680625 0.5895712453125 0.8263517671875 0.593550559375 0.8334953578125001 0.6007900359375 0.8438991078125 0.6114335046875 0.8516659640625001 0.620926328125 0.8594328203125 0.627111046875 0.8624532625000001 0.6291726203125 0.8596245937500001
0 0.3422980953125 0.596014053125 0.34734642031249996 0.606046803125 0.3516598640625 0.6140027109374999 0.36367360312499997 0.6244827796875 0.37405781718750003 0.6296908625000001 0.3793937078125 0.627933534375 0.387956690625 0.616558825 0.388084496875 0.609785121875 0.379872978125 0.599081390625 0.370383403125 0.591700609375 0.36805094843749997 0.5907101156250001 0.36092577812500004 0.590678165625 0.35373670625 0.5894320578125 0.3459086078125 0.5875469234375 0.33766513593749997 0.5819873734375001 0.338016603125 0.5859813046875 0.3422980953125 0.596014053125
0 0.6109631890625 0.8922548921875 0.6171860296875 0.88229115 0.6181931953124999 0.8772553234375 0.6129775203125 0.8683706875 0.60999199375 0.8630111312500001 0.6015389984375 0.8547739578125 0.597726159375 0.85225604375 0.5899925703125 0.8507812671874999 0.58607181875 0.8492345484375001 0.5828345015624999 0.85506171875 0.5818273359374999 0.869593675 0.58373375625 0.8803487609375 0.5887695828124999 0.8879744421875 0.59387735 0.8969669874999999 0.6012152687500001 0.9034416203125 0.6034094484375 0.9049883390625 0.6109631890625 0.8922548921875
0 0.520749959375 0.8486590265625 0.5290950421875 0.8509611171874999 0.5355337062500001 0.8545941062500001 0.5425838625 0.8590544093749999 0.548123271875 0.8538027625 0.5476196875 0.8476878296875 0.5066496468749999 0.81470316875 0.50330441875 0.816321828125 0.499635459375 0.8199907859375 0.50003113125 0.8244870609375001 0.5006426234375 0.8296307953125 0.5054626296875 0.8357457281249999 0.5136638312499999 0.8430836453125 0.520749959375 0.8486590265625
0 0.4583057140625 0.8000273312499999 0.4637372125 0.805243009375 0.46852124687499996 0.8076530140625 0.47240602656249997 0.8072213703125 0.47704617968749996 0.804307784375 0.47776558593749996 0.7998474828125001 0.47409662656249996 0.794883596875 0.4657515421875 0.7830853734375001 0.46032004375 0.776143128125 0.45089585625 0.769740434375 0.4483779421875 0.7711073015625 0.4475146578125 0.775423725 0.4473348078125 0.780207759375 0.447730478125 0.7847040328125 0.45035630156249995 0.79013553125 0.45370152968750005 0.7954231468749999 0.4583057140625 0.8000273312499999
0 0.11770255156250001 0.17870687031250002 0.11565143281250001 0.1772417859375 0.0916240390625 0.2012691796875 0.102807521875 0.21626188124999998 0.1123305734375 0.2254919171875 0.12878836093749998 0.24107065312499998 0.14324386718749998 0.2520099546875 0.15027627500000001 0.25435409062500003 0.16097139375 0.2518634453125 0.1643410890625 0.2438054796875 0.1578458796875 0.23115691093750002 0.1423159796875 0.20800856875 0.11770255156250001 0.17870687031250002