0 0.21273532187500002 0.19490313125 0.1693546265625 0.1791138484375 0.1413829109375 0.1749794421875 0.12992923750000002 0.1939887609375 0.10866093125000001 0.2295807265625 0.11432400000000001 0.29916076875000003 0.1229216390625 0.3627547015625 0.13606344374999998 0.3806386 0.1688050734375 0.3965865546875 0.20875064375000002 0.4010481125 0.232727790625 0.3704730609375 0.22864485625 0.22387184218749998 0.2310985078125 0.20259452812499998 0.21273532187500002 0.19490313125
0 0.44179906874999997 0.053548581250000005 0.4341632921875 0.0890636625 0.457826403125 0.1631796984375 0.5005495515625 0.28252729374999996 0.51874589375 0.307289615625 0.557297784375 0.30519745 0.59195325625 0.278508990625 0.5963109453125 0.247847246875 0.5855737078125001 0.16936615 0.54523551875 0.05592532812499999 0.4840412515625 0.0205517625 0.462134984375 0.024671464062500002 0.44179906874999997 0.053548581250000005
0 0.6291997890625 0.24470164687499998 0.646188946875 0.3163885609375 0.66322716875 0.3588687546875 0.6871356203125 0.3554777890625 0.7198870562499999 0.338173759375 0.7343341953125 0.31924622812500003 0.7442960390625 0.283570025 0.7306340312499999 0.17782305 0.6410263890625 0.12706914062500002 0.623968559375 0.151092921875 0.623978384375 0.186367540625 0.6291997890625 0.24470164687499998
0 0.8394489671875001 0.39176817656249996 0.8498132140625 0.3632926421875 0.8551818125 0.3340065859375 0.8596179984375001 0.24290876875 0.773769365625 0.2025927234375 0.757683184375 0.223946921875 0.7577126375 0.26124417499999997 0.7592535546875 0.3172309484375 0.7606178 0.355014025 0.7707170765625 0.40202285781249997 0.8394489671875001 0.39176817656249996
0 0.876126278125 0.4363576921875 0.8923989546875 0.46848180937499995 0.9170140609375 0.469379021875 0.95945254375 0.4566085328125 0.9725256312500001 0.43314991249999996 0.9814373078124999 0.39205275781250004 0.989446009375 0.2579144875 0.9240020078125 0.23006384375 0.8804054046875001 0.26055220625 0.881377075 0.32640923125 0.876587546875 0.38109965625000003 0.876126278125 0.4363576921875
0 0.9370654203125 0.65101685 0.96051258125 0.6343573171875 0.975607484375 0.613650065625 0.9740567640625001 0.5909152796875 0.9499323828125 0.57205728125 0.9230500953125 0.577389090625 0.9102027406250001 0.5898446859375001 0.89140771875 0.606181971875 0.8735843437499999 0.619849675 0.8514719734374999 0.6369950328125 0.8328830546875 0.6403066609375 0.8226856515625001 0.651711271875 0.82658206875 0.6763075671875 0.8356802406250001 0.6886887265625 0.8517369890625 0.6985638828125 0.8660172828125001 0.696707275 0.8905538703125 0.6895139578125 0.914383803125 0.6780324625 0.9370654203125 0.65101685
0 0.9001230953125001 0.5448584859375 0.8784621921875001 0.5399977953125 0.856654075 0.5542306609375001 0.8298699390625 0.569675634375 0.808424965625 0.5870639046874999 0.7890410671875 0.6112488078125 0.7709723296875 0.6338969062500001 0.7840356140625 0.6436902718749999 0.8010640078125 0.6508958453125 0.82133123125 0.6492028140625 0.8445133968749999 0.639501040625 0.86634114375 0.6272908078125 0.8901121890624999 0.6097414140625 0.9061787390625 0.58636458125 0.9219214078125001 0.5638776078125 0.9001230953125001 0.5448584859375
0 0.801505628125 0.52508856875 0.784192609375 0.522818121875 0.759312509375 0.52887866875 0.7399286093749999 0.553063571875 0.720564340625 0.579271109375 0.701200071875 0.6054786484375 0.69065915625 0.6157504859375 0.69487945625 0.6394569203125 0.70668646875 0.6568549953125 0.7296625328124999 0.660178878125 0.74855570625 0.65395475625 0.7792264359375001 0.6278314578125 0.7962646343750001 0.6017850453125 0.8186419984375 0.5776819265625 0.8294282781250001 0.558429696875 0.801505628125 0.52508856875
0 0.7515294984375 0.5149606984374999 0.735777003125 0.5021730515625 0.7134879625 0.5011147125 0.692572975 0.504587465625 0.6639436921875 0.5354847656249999 0.630377646875 0.5716394421875 0.6193067453125 0.5958267968750001 0.6248422078125 0.617996421875 0.6452468390625 0.6304618234375 0.6632076234375 0.6309525484375 0.676074609375 0.6205195859375 0.6981869781250001 0.6033742281250001 0.7126341171874999 0.5844466984375 0.7300943484375 0.5676235875 0.7455327656249999 0.5480491093750001 0.7553670265625 0.53348909375 0.7515294984375 0.5149606984374999
0 0.6517048421875 0.5421153734375 0.664895709375 0.5307925515624999 0.6763493828125 0.511783234375 0.6808444812500001 0.4952799203125 0.6773504671875 0.4778842984375 0.661254459375 0.46396387812500006 0.6333612640624999 0.46792000156249997 0.609590221875 0.485469396875 0.593504040625 0.5068235953125 0.5731092328125 0.5296328171875 0.5624014734375 0.5569755796875 0.55930005625 0.5800326124999999 0.5614396515625 0.594919778125 0.5777810203125 0.5998598078125 0.5950744109375 0.600107621875 0.6060177296875 0.5970364546875 0.6152827453125 0.5923466921875 0.62610828125 0.5771397281249999 0.6382686125 0.5624185875000001 0.6517048421875 0.5421153734375
0 0.5724909031250001 0.500183184375 0.5815203578125 0.4712218265625 0.5869871046874999 0.45204893281249997 0.576917284375 0.4423373546875 0.5629216125000001 0.439258834375 0.546599871875 0.4363414375 0.5336543687499999 0.43868386875 0.5211897859375 0.4563175015625 0.4995583375 0.4887540625 0.4774361640625 0.539151409375 0.476641184375 0.5600246859375 0.48404142187500004 0.5687646171875 0.50072630625 0.5748374171874999 0.51502623125 0.57500344375 0.5242912468750001 0.57031368125 0.5331146 0.5543779796875 0.5442443906250001 0.5362585234374999 0.5633436656249999 0.5170087453125001 0.5724909031250001 0.500183184375
0 0.48050810468750005 0.4102705140625 0.45652113281249995 0.405570946875 0.438334615625 0.41608324531249996 0.42791147812499997 0.43849088125 0.41592781875 0.47141571562499995 0.4072615046875 0.5035324812499999 0.4021971625 0.5299060437499999 0.405328034375 0.5441462625 0.42668468437499996 0.551919446875 0.43999333125 0.5527324218749999 0.45057350625000003 0.54650585 0.4634012328125 0.532027621875 0.47372621875 0.499506821875 0.48639690468749996 0.46884753124999995 0.4992540640625 0.42313995000000004 0.48050810468750005 0.4102705140625
0 0.166253271875 0.40775070312499995 0.1509816984375 0.410254259375 0.13893914999999998 0.437111196875 0.13799695625 0.4770780296875 0.1466240328125 0.5094426078125001 0.1606982234375 0.520611659375 0.1817113625 0.527252071875 0.2000156578125 0.5288755703125 0.2072588578125 0.5214344390625001 0.217034228125 0.500806525 0.21519888593749997 0.4830068640625 0.2181432640625 0.44376876718749997 0.22292298437500002 0.422330328125 0.19386184374999998 0.40872970625000005 0.166253271875 0.40775070312499995
0 0.1420995203125 0.62570188125 0.1509327 0.6450408000000001 0.169580509375 0.647797071875 0.18786517656249999 0.6473979375 0.202371203125 0.63453830625 0.2085446046875 0.619653590625 0.20845625937499998 0.5762884390624999 0.1847539109375 0.5666537453125 0.161395075 0.558151825 0.15089341875 0.5724689281249999 0.14779199999999998 0.5955259640625 0.1420995203125 0.62570188125
0 0.3347706453125 0.640402509375 0.34767689062499996 0.6340148140624999 0.3551065625 0.611525390625 0.364842675 0.5868522109375001 0.36108366406250003 0.576414346875 0.33909887968749997 0.5724435156250001 0.32348379375 0.573814296875 0.31247178125 0.6040695515625 0.311411809375 0.6319005890625 0.3238273265625 0.6434736765625 0.3347706453125 0.640402509375
0 0.3636060546875 0.6650061578125 0.3776017265625 0.6680846781249999 0.3982320921875 0.6695470515624999 0.40577954375 0.6591934265625 0.42010890312500004 0.6281301 0.42691043906250004 0.6094430296875 0.4084883640625 0.5956837328125 0.392853646875 0.5950318828125 0.3799670328125 0.6034422125 0.368935390625 0.6316748343749999 0.360857953125 0.6559439765625 0.3636060546875 0.6650061578125
0 0.42111000625 0.6627577703124999 0.41734119375 0.6855718937499999 0.43404570624999994 0.6936673265625 0.45402830468750005 0.6969094218749999 0.4636172046875 0.6913297984375 0.4773773171875 0.6701367234375 0.48846784843749996 0.6479719984375001 0.4902737359375 0.62847440625 0.48190185 0.62240405625 0.458925784375 0.619080175 0.449641140625 0.621747303125 0.43256368125 0.6437484515625 0.42111000625 0.6627577703124999
0 0.4781624921875 0.6825154328124999 0.4733827703125 0.703953871875 0.478456940625 0.7128549265624999 0.4924329828125 0.7139108125 0.5120917 0.71804276875 0.5199826640625 0.708821915625 0.5394254515625 0.6907049093750001 0.54790529375 0.6736364375 0.5520568781249999 0.6560003531249999 0.538345828125 0.64798670625 0.5259499421875 0.63843625 0.50901969375 0.6413438421875 0.4948768078125 0.6573588796875 0.4781624921875 0.6825154328124999
0 0.5339783359375 0.7119004359375001 0.5467177375000001 0.7225836625000001 0.568378640625 0.7274443546875 0.5829435578125 0.720652621875 0.5987451171875 0.7042335484375 0.6118574640625 0.68482019375 0.6123285593750001 0.664836778125 0.5989806546875001 0.6599785375 0.5726676125 0.6554400921875 0.5571899375 0.6709693062500001 0.5377667796875001 0.691108946875 0.5339783359375 0.7119004359375001
0 0.583954465625 0.72202830625 0.6000897328125 0.7399939921875001 0.6164311031249999 0.7449340203125 0.636011303125 0.7409754453125 0.648897915625 0.732565115625 0.6617452703125 0.7201095203125 0.672914321875 0.706035328125 0.6737681921875 0.69122995 0.6660440703125 0.6833798796874999 0.6387397499999999 0.679488384375 0.6182467953125 0.692184440625 0.590147496875 0.7091662234375 0.583954465625 0.72202830625
0 0.46858344062499996 0.7918962828125 0.5149576031249999 0.8077673531249999 0.54479409375 0.7984720656250001 0.5590743859375 0.7966154578125 0.5661801765625001 0.775015896875 0.5600950984375 0.76473915625 0.47980155625 0.7486153703125 0.46858344062499996 0.7918962828125
0 0.35289831718750003 0.7608755265625 0.363920153125 0.765894890625 0.3823618609375 0.7816768203125 0.40600532031250003 0.7852436140625 0.4311896734375 0.7762705750000001 0.442564828125 0.7491707265625001 0.4367251125 0.72991359375 0.41142297968749997 0.7267508359375 0.378916909375 0.735074475 0.3623498046875 0.741137471875 0.35289831718750003 0.7608755265625
0 0.3115394359375 0.7478376124999999 0.33123741406249996 0.7560148343749999 0.352800165625 0.7507623609375 0.3759038140625 0.7329700546875 0.37714045625 0.7233427140625001 0.3553225125 0.702300959375 0.33173794375 0.7048020625 0.3008512859375 0.7086764 0.281653859375 0.7178130140625 0.2898196421875 0.7369090234375 0.3115394359375 0.7478376124999999
0 0.18228067187500002 0.7229616390625 0.186765965625 0.739710315625 0.20982054843750003 0.7511247296875 0.228448728125 0.75185836875 0.250678878125 0.7468488062499999 0.262799946875 0.7280824015625 0.280014815625 0.720239684375 0.285864334375 0.706244828125 0.288455396875 0.6991259453125 0.272339759375 0.6831828921875001 0.251081259375 0.685522871875 0.21665152031249998 0.7012083062500001 0.18228067187500002 0.7229616390625
0 0.1757244765625 0.6641417109375001 0.152198796875 0.6727107125 0.14110826406250002 0.6948754359375 0.14162844531250002 0.7142119046875 0.1573809421875 0.7269995515625001 0.17068958750000002 0.7278125281250001 0.1856372765625 0.7261988328125 0.1974933546875 0.7143901859375 0.21201901250000002 0.7035531875000001 0.2228445515625 0.688346225 0.2323353 0.6726534375 0.21221529062500002 0.6552529109375 0.1985827609375 0.6553297953125 0.1757244765625 0.6641417109375001
0 0.6415467625 0.76314506875 0.663914321875 0.772293940625 0.685899109375 0.7762647703125001 0.7073833421875 0.7629217671874999 0.7294760828125 0.7437537765625 0.740870865625 0.718676559375 0.72378358125 0.7054030874999999 0.6984421875 0.6981950625 0.6765948109375 0.7083826625 0.650536959375 0.7301384453125 0.6347746609375 0.750602784375 0.6415467625 0.76314506875
0 0.7337454453125 0.7382534875 0.7176200046875 0.755562421875 0.7031139765625001 0.768422053125 0.704203403125 0.7778882703125001 0.7202208921875 0.783718159375 0.7409101484375 0.7912484328125 0.75955795625 0.7940047031249999 0.7843791671875 0.7818762578125 0.8028306781250001 0.7644062015624999 0.8099364687499999 0.7428066375 0.805490434375 0.7301032281250001 0.772140296875 0.7199802609375 0.7445317250000001 0.7190012578125 0.7337454453125 0.7382534875
0 0.82025165 0.7435378265625 0.8064130171875 0.7566403687500001 0.7962352453125 0.7700676109375 0.770805528125 0.7880210421875 0.77385788125 0.7941707296875 0.7862145093749999 0.7996759171875001 0.8028601328124999 0.8017034531249999 0.820860178125 0.8062394453125 0.8354643546875 0.803492978125 0.8516486875 0.79225194375 0.8641525281250001 0.7786635765625001 0.8706301828124999 0.7608663671875 0.8598733375000001 0.74888924375 0.8345319453125001 0.7416812187499999 0.82025165 0.7435378265625
0 0.8589115156249999 0.78683344375 0.846005271875 0.7932211421875001 0.8294774265625 0.8033294015625 0.8438362406250001 0.8095633281250001 0.8621797984375 0.8152320921875 0.8797774390624999 0.8125674140625 0.89600103125 0.80537164375 0.908868015625 0.7949386828125 0.9167000906249999 0.77964993125 0.9082889421875 0.769534315625 0.8886302265625 0.765402359375 0.87040445 0.7718693937500001 0.8589115156249999 0.78683344375
0 0.703310296875 0.8571749890625 0.725295084375 0.861145821875 0.749223165625 0.8597774906250001 0.7674882015625 0.8573557234375 0.7721697734374999 0.8258041203125 0.74545433125 0.8140650046875001 0.709837015625 0.8101710593749999 0.6852611671875 0.8133191125 0.6820616 0.8262629828125 0.6855948749999999 0.8477038718750001 0.703310296875 0.8571749890625
0 0.590118084375 0.808922184375 0.6035052515625 0.8178256921875 0.6172751890625 0.8319072359374999 0.63355766875 0.830779365625 0.6448248703125 0.8268183390624999 0.6601160734375 0.8263374156250001 0.67302231875 0.8199497203125 0.6775763078125 0.80951430625 0.6704606921875 0.79583925 0.6301519796874999 0.7882222875 0.6048302156250001 0.7830368953125 0.5939654171875001 0.79419859375 0.590118084375 0.808922184375
0 0.7987870890625001 0.8959566765625 0.8081306218750001 0.8993574453125 0.8217827828125 0.9013031921874999 0.83877191875 0.9044634984375 0.8539649718750001 0.8938694125 0.8648690296874999 0.8867529812500001 0.865418646875 0.87486009375 0.85073595 0.8695160296875001 0.8343945796875 0.8645760015624999 0.8174643328125001 0.8674835921874999 0.7955776953125 0.8736259265624999 0.78900189375 0.8813099703124999 0.7987870890625001 0.8959566765625
0 0.7441293875 0.9173804062500001 0.75945985 0.9209447531249999 0.77608584375 0.9209496546875 0.788344321875 0.916341678125 0.7992091218749999 0.9051799796875001 0.8004653906250001 0.897575271875 0.7763802703125 0.882762540625 0.7544936343749999 0.8889048734375 0.7358850859375 0.89019386875 0.7269832125 0.8980390375 0.7331271796875 0.9143836750000001 0.7441293875 0.9173804062500001