0 0.2820870796875 0.6739577640625 0.3172891046875 0.671642084375 0.3334912 0.6387167109375 0.33405363125 0.60649505625 0.3437122125 0.5754088875 0.32697518593749997 0.5643729171875 0.29194359375 0.556924459375 0.27347859531249996 0.5702761093750001 0.24939701718750001 0.6069707921874999 0.2330074453125 0.6506367171874999 0.2470043578125 0.6694385484375001 0.2820870796875 0.6739577640625
0 0.3214229125 0.73324705 0.347085659375 0.7551826421875 0.3782968125 0.7576808578125 0.41488594062499995 0.7505058328125 0.42829678906249996 0.7282755609375 0.43401562968749996 0.6990740468750001 0.44240641406250003 0.666012325 0.440211684375 0.6425329453125 0.42230911875 0.6236629421875 0.3976073890625 0.6212783484375 0.3741734578125 0.6208693078125 0.356874 0.6420549921875 0.337812484375 0.6895811234375 0.3214229125 0.73324705
0 0.49533670625 0.8417675421874999 0.5279008765625 0.841359240625 0.5334663265625 0.82094545 0.5341651046875 0.780912484375 0.533749475 0.7301162453125001 0.537069065625 0.689152315625 0.5229698953125 0.6762089671875 0.49307766875 0.6727570625 0.460394196875 0.6800002609375 0.437280225 0.8104761140625 0.4551316609375 0.8322753593750001 0.49533670625 0.8417675421874999
0 0.555462025 0.8291430765625 0.5494534468750001 0.874943625 0.5447808390625 0.9188140703125001 0.5769530125 0.9408632859375 0.612035734375 0.9453825015625 0.6432809749999999 0.9459278890625 0.651416109375 0.9275123750000001 0.6573565125 0.8856174812500001 0.661943903125 0.8466291046875 0.6613748828125 0.8046205875 0.6542112203125 0.7673805171875 0.6388101640625 0.7544144453125 0.595933175 0.74878246875 0.5724140281250001 0.7532554953124999 0.5601346328125001 0.7852726296875 0.555462025 0.8291430765625
0 0.8306708671875 1 0.821315396875 0.9675930062500001 0.7977896609374999 0.8978358640625 0.7792669453125 0.8398865843750001 0.7533315046875 0.8335736125000001 0.715559796875 0.833891015625 0.6918702156250001 0.8481281812500001 0.680909746875 0.879191625 0.6904385734375 0.9301469375 0.7036344453125001 0.9948402156249999 0.7074719265625 0.99881404375 0.7284414703125 1 0.8306708671875 1
0 0.232005753125 0.558808375 0.26091991718749996 0.54368569375 0.2625967546875 0.522227315625 0.24452375625 0.5131214484375 0.22112391250000002 0.5107595796875 0.196319921875 0.5142334703125 0.15957740468749998 0.53019621875 0.137189709375 0.5444561078125 0.11461453749999999 0.5694565500000001 0.120953528125 0.579334309375 0.153296134375 0.5916193875 0.1887026796875 0.5775867421875 0.232005753125 0.558808375
0 0.9526601250000001 0.67980239375 0.9169297546875 0.7123869 0.8826546593750001 0.7362064078125 0.8732005984375 0.7555756109375 0.9014500703125 0.7785330671875 0.949364165625 0.7940200796875 0.9716836875 0.7836658437499999 0.9928547156249999 0.7645011609375 0.9971287359375 0.6688580609375 0.9776175031250001 0.6675407796874999 0.9526601250000001 0.67980239375
0 0.846576834375 0.71408901875 0.890016253125 0.6874993421875 0.92442769375 0.6558685234375 0.9077588406249999 0.6409269 0.8767181203125001 0.628664546875 0.8520163921874999 0.626279953125 0.8309646671875001 0.638609740625 0.795524034375 0.6545952140625 0.770396221875 0.676620965625 0.7518119203125 0.6968075109375 0.7605842484374999 0.7164948578125 0.79424578125 0.7278262453125001 0.8177137984374999 0.7262824593749999 0.846576834375 0.71408901875
0 0.7442562609375 0.6820249578124999 0.7797480234374999 0.66311024375 0.8166609765624999 0.6373833578125 0.8324881171875 0.6259390859375 0.82114610625 0.6042534625 0.7914243125 0.5910374203125001 0.770594153125 0.5906738296875 0.7469897890625 0.6000289265625 0.712851040625 0.6160371234375 0.6826009046875 0.6330899078125001 0.6731979734375 0.6495298703125 0.6755460921875 0.6642215265625 0.7142447328125 0.68540795 0.7442562609375 0.6820249578124999
0 0.20805393125 0.5134615765625 0.21089630937499998 0.4998372328125 0.1862116234375 0.49647622656249996 0.1680022765625 0.49518166875 0.1262396953125 0.5003129687500001 0.103988346875 0.5067615484375 0.0790139234375 0.5199995765625001 0.0721465890625 0.5403906421875 0.0889006609375 0.5504501984375 0.121515959375 0.54711265625 0.16485311875 0.5263814609375 0.20805393125 0.5134615765625
0 0.7445734953125 0.589242925 0.72422055 0.5615397484375 0.6943794546875 0.555158603125 0.6708603078125 0.55963163125 0.63271364375 0.5814301375 0.602446465625 0.5994593359375 0.5903715890625 0.6197595046875 0.60053101875 0.63458750625 0.634141421875 0.6488481359375 0.6721006093749999 0.63779018125 0.718177884375 0.609293125 0.7445734953125 0.589242925
0 0.6233277546875 0.5968936859375 0.6536801515625 0.57398241875 0.6552717734375 0.557406109375 0.6307404796875 0.545257378125 0.6111610734374999 0.5478457531250001 0.5811495453125 0.5512287453125 0.549699784375 0.562400321875 0.5273802609375 0.5727545578125001 0.514156890625 0.584244278125 0.522912175 0.6049080375 0.5434355562500001 0.6228470781250001 0.585266309375 0.6138101234375 0.6233277546875 0.5968936859375
0 0.472649959375 0.5747293703125 0.5011039546875 0.5859698609375 0.5116553796875001 0.5783403453125 0.5510527984375 0.5594938046875 0.5955214109375 0.5485494734375 0.599716803125 0.5320186125 0.585719890625 0.5132167812499999 0.5689317328125 0.505110053125 0.540256175 0.5065629421875 0.5178855234374999 0.51984641875 0.49025620156249994 0.5359682375 0.45872122343750005 0.552021884375 0.44935237656250004 0.5665090187499999 0.472649959375 0.5747293703125
0 0.46192150937500004 0.5178928515625 0.4973451 0.5028837921875 0.4872368015625 0.4851265484375 0.46008469218750003 0.47390878281250004 0.42479744999999997 0.48110653125 0.3946666171875 0.4913244203125 0.37486564843750003 0.5066061734375 0.34607078750000003 0.5148939578125 0.357498015625 0.5316975125 0.3703975609375 0.538759653125 0.37680472656249997 0.5447317593750001 0.41210901250000004 0.536557596875 0.46192150937500004 0.5178928515625
0 0.40174858750000003 0.48949461406249994 0.44500053125 0.47364548749999996 0.4349433625 0.452959003125 0.40374925156249997 0.44948437343750003 0.3685131390625 0.45375288124999996 0.34878034375 0.4651289796875 0.341920953125 0.47081719375000003 0.32270340625 0.4763392859375 0.3133226671875 0.48209086562500003 0.3130019140625 0.4921266875 0.31455737500000003 0.49558756875 0.3180009734375 0.498879421875 0.3428399375 0.5070238734375 0.40174858750000003 0.48949461406249994
0 0.9996341109375001 0.5253252374999999 0.97998653125 0.531819265625 0.9379171703125 0.5545260125 0.9270760062500001 0.5787545609375 0.9580655968749999 0.5939461546875 0.9905275046875 0.5993963359375 0.9996341109375001 0.5253252374999999
0 0.92760435 0.548485734375 0.9526469453124999 0.5313420515625 0.9554211499999999 0.5216233640625 0.9334595374999999 0.511472909375 0.9074559234375 0.5090655921875 0.8852045765625001 0.515514171875 0.8641358078125 0.5288203734375 0.8404803140625001 0.5411047109375 0.8453810734375 0.55877105625 0.8725502265625 0.569012409375 0.899975028125 0.5646075546875 0.92760435 0.548485734375
0 0.8092180296875 0.5415357375000001 0.8419185468749999 0.533316125 0.8668247953125 0.523983753125 0.8774955265625 0.5095193421875 0.8725265921875 0.4957586515625 0.8531176203124999 0.48858288906249997 0.8309685328124999 0.4891729859375 0.8152436515625 0.49475877500000004 0.792958215625 0.5031601828125 0.762759209375 0.517283725 0.7612528046875 0.528977965625 0.7818954875 0.540082109375 0.8092180296875 0.5415357375000001
0 0.7641122265625 0.514377209375 0.795664246875 0.49734714843749994 0.8102917609375 0.4800216703125 0.8078754703125 0.4692356703125 0.78714756875 0.4630135953125 0.766317409375 0.462650003125 0.740211534375 0.46610116875 0.710046615625 0.47827188437499996 0.6797794359375 0.4963010828125 0.6938786078125 0.50924443125 0.7275230968749999 0.5215522328125 0.7641122265625 0.514377209375
0 0.7274142484375 0.4531805453125 0.7014958515624999 0.445891159375 0.6729395984375001 0.44050915156250003 0.6481356093749999 0.44398304062499994 0.6219786046875 0.4503634484375 0.6162938515625 0.47761213593749996 0.6524568937499999 0.4948474546875 0.6851233234375 0.48858067031249997 0.72321885625 0.46971140624999996 0.7274142484375 0.4531805453125
0 0.6560321359375 0.43923731874999994 0.6379420921875 0.43110786562500003 0.613189234375 0.431652515625 0.5857644328125 0.43605736874999995 0.5555313390625 0.452133740625 0.5632063015625 0.460081396875 0.5878228140624999 0.467348059375 0.611376046875 0.460922203125 0.6428258078125 0.4497506265625 0.6560321359375 0.43923731874999994
0 0.5495673015625 0.4207748765625 0.531170478125 0.430220871875 0.5166111359375 0.4436406953125 0.528208796875 0.4506801125 0.53990871875 0.45186104687500006 0.5739963375 0.438782090625 0.606765025 0.4266568234375 0.5847693265625 0.41845919687500005 0.5495673015625 0.4207748765625
0 0.0762908515625 0.5267890234375 0.10529023125 0.5067842734375 0.14843991406249998 0.4967936296875 0.1720101921875 0.48939136093749996 0.1749377859375 0.47088494843750006 0.15554585781250002 0.46273277031250004 0.12423244375 0.46609303750000003 0.0940845671875 0.4772873390625 0.05855871875 0.49815488124999996 0.040025546875 0.5154121859374999 0.0398551125 0.5251763234375 0.060497796874999996 0.5362804671875 0.0762908515625 0.5267890234375
0 0 0.507764771875 0.0258496 0.5026664859375 0.051828462500000005 0.5022910453125 0.06527852656250001 0.491542846875 0.0770062015625 0.484494646875 0.07331635 0.47427617343749995 0.07232719531250001 0.46762768125000004 0.06633359062500001 0.46275686718750003 0.055902434375 0.45884472499999995 0.032489078125 0.45470597812499997 0.0011536125 0.46120469531249997 0 0.500559715625 0 0.507764771875
0 0.1849183328125 0.43959694843749997 0.2210691765625 0.4359862984375 0.2306050140625 0.42968925625 0.231344375 0.418189071875 0.22475813125 0.40979276093749994 0.1959892859375 0.40706877500000005 0.164093890625 0.4026966390625 0.126288096875 0.40496687031249995 0.12463979375 0.406025346875 0.105904315625 0.4147876015625 0.1029476703125 0.42988479843749994 0.10767397812499999 0.43683475468750005 0.1207957578125 0.44110347812499995 0.1849183328125 0.43959694843749997
0 0.3374245453125 0.419838721875 0.35882060312499997 0.412940765625 0.39520190624999996 0.41155596250000004 0.40525505781250004 0.40647985625 0.40511976250000004 0.3988021 0.40175018125 0.3912698734375 0.3781284265625 0.38681787343749996 0.36572974375 0.3874093890625 0.34757042031249996 0.38269335625 0.322118 0.38644615937500004 0.3023091234375 0.39498769375 0.303153421875 0.40833337812500003 0.3131078484375 0.41725341406250005 0.3374245453125 0.419838721875
0 0.4880482921875 0.3640285171875 0.474824921875 0.3755182375 0.47974272500000004 0.3922081703125 0.518799275 0.39288990468749996 0.5540524312499999 0.38764498281250004 0.5646379453125 0.378062640625 0.5479009171875 0.36702667187500004 0.5154219640625 0.3625529046875 0.4880482921875 0.3640285171875
0 0.6314090343750001 0.3577404875 0.6106129625000001 0.3554240671875 0.5937566296875 0.35122299375 0.579350678125 0.35585509375 0.567514409375 0.3624854703125 0.5621705218749999 0.37020588125 0.5789586812499999 0.3783126109375 0.59848695625 0.378653478125 0.6219549734375 0.377109690625 0.6416536828125 0.3676864203125 0.6314090343750001 0.3577404875
0 0.703769209375 0.3902582984375 0.6750936515625 0.3917111875 0.6607217859375 0.394390459375 0.6541441875 0.3981824921875 0.6681410999999999 0.41698432343749997 0.7291251734374999 0.4297693390625 0.7618938640625 0.417644071875 0.7621665578125 0.40202145156249997 0.7323936359375 0.3917346515625 0.703769209375 0.3902582984375
0 0.8361694843749999 0.4150337125 0.80492424375 0.41448832500000005 0.782809240625 0.4131255953125 0.76168934375 0.4293610375 0.764173809375 0.43624138281249997 0.8276934828125 0.45297750312499996 0.8484725125000001 0.4562703359375 0.8774207625000001 0.43919482656250003 0.8633386359375 0.425275065625 0.8361694843749999 0.4150337125
0 1 0.44510023906249996 0.9867450171875 0.44305651093750004 0.9645107124999999 0.448528678125 0.93456735625 0.44800601406249996 0.9163580093749999 0.4467114578125 0.9109970796875 0.45540828437499997 0.9224243078125 0.47221183906249997 0.9535161578125001 0.48154494999999997 1 0.49305491718749994 1 0.44510023906249996
0 0.1076081296875 0.3739920015625 0.11761417031250002 0.3976077265625 0.1605082015625 0.402263290625 0.1659202609375 0.3906372234375 0.15322523593749998 0.3718581171875 0.1416616609375 0.362865871875 0.12204816874999999 0.3674070734375 0.1076081296875 0.3739920015625
0 0.0301833515625 0.4078021515625 0.0293416375 0.38141625625 0.0217007609375 0.3715157703125 0.0086989546875 0.3703121125 0.002002053125 0.380939040625 0.0015930125 0.404372971875 0.0013714484375000001 0.41706635 0.0183982125 0.41150328593749996 0.0301833515625 0.4078021515625
0 0.0943506734375 0.3874345484375 0.0855272140625 0.37067644375 0.0712064796875 0.3704264734375 0.05157594375 0.3759440890625 0.0485801765625 0.39835615625 0.056204009374999996 0.4092330546875 0.065334246875 0.40841571249999997 0.0822246671875 0.410663959375 0.09409502187499999 0.4020807546875 0.0943506734375 0.3874345484375
0 0.164475440625 0.3241956375 0.1383695671875 0.327646803125 0.141746878125 0.357983803125 0.1716731890625 0.35948288125 0.222497834375 0.35743989374999996 0.231747378125 0.34978765625 0.21900122031249997 0.333937790625 0.1891430828125 0.3285330578125 0.164475440625 0.3241956375
0 0.0387445703125 0.36497629374999996 0.0596258609375 0.36241064375 0.057022090625 0.3623651953125 0.1195466578125 0.3615031421875 0.1185515546875 0.3439049703125 0.0925820265625 0.339544825 0.07044998125 0.339158509375 0.0493982578125 0.351488296875 0.0387445703125 0.36497629374999996
0 0.23162807500000002 0.3566225515625 0.21711986093750002 0.367113134375 0.2144649609375 0.3699969265625 0.23755802343750002 0.3899342421875 0.25825183906250004 0.39810914375 0.287097828125 0.3868921171875 0.27715996249999997 0.3593707359375 0.24731886875 0.352989590625 0.23162807500000002 0.3566225515625
0 0.27327135 0.35832615 0.278274371875 0.3701340125 0.29768334375 0.37730977656250003 0.3197301703125 0.38257816093749997 0.347189059375 0.3762204796875 0.338331515625 0.3614152015625 0.315050975 0.3522184359375 0.29682458437500003 0.35190029375 0.27327135 0.35832615
0 0.7071058421874999 0.34831795625 0.6967930234375 0.342277678125 0.6721594671875 0.3359874296875 0.6526141484375 0.3366229765625 0.631698771875 0.341141453125 0.6314772078125 0.35383483125000004 0.6456104671875 0.364825353125 0.6651728296874999 0.3632133921875 0.6925805875 0.3597849515625 0.7071058421874999 0.34831795625
0 0.37401609062499996 0.3580139296875 0.36621965625 0.3540125140625 0.354898034375 0.34994956718750003 0.3438049796875 0.3483318703125 0.321833240625 0.348355228125 0.3106620859375 0.3512118078125 0.3335836015625 0.3589356828125 0.33945345625 0.3645309734375 0.345701721875 0.37280855156250003 0.3566271875 0.37520609375 0.3708024921875 0.371181321875 0.3789907921875 0.368272675 0.37401609062499996 0.3580139296875
0 0.337860575 0.3470074796875 0.3454390890625 0.347953515625 0.354359246875 0.34973672499999997 0.36193776093749996 0.3506827625 0.369463028125 0.3546794421875 0.37319903593750003 0.3582031046875 0.3826437796875 0.3610126609375 0.39486410781250003 0.360208775 0.4065491984375 0.3589886703125 0.4093496296875 0.353951596875 0.40730098124999997 0.3469989375 0.40413570937500004 0.34185773125 0.39553641875 0.3372319875 0.3849857015625 0.3356237578125 0.3741283171875 0.33604455624999996 0.3665249515625 0.336522153125 0.3583615 0.338007165625 0.352353196875 0.34034355 0.343922128125 0.341620453125 0.3373927859375 0.34272711093749997 0.337860575 0.3470074796875
0 0.4144840796875 0.355058409375 0.4147552484375 0.35506314375 0.4283207671875 0.35489305625 0.43836464687500004 0.35445805625000004 0.44521130624999994 0.35071223906250004 0.44204248437500004 0.3457744078125 0.43563029062499997 0.34016965 0.42460113593750004 0.334891178125 0.416487384375 0.33352892343749996 0.40562645 0.33415309843749996 0.39719537968749996 0.33543 0.394426896875 0.3386366890625 0.4022304296875 0.34223135 0.40732582968750003 0.3455753046875 0.41073387187500005 0.352348253125 0.4144840796875 0.355058409375
0 0.43455271875 0.3397439640625 0.44099330937500003 0.34372171093750004 0.44525390624999994 0.3482717234375 0.45062757343750004 0.35121365625 0.4609674734375 0.3493597578125 0.47076503281250004 0.3474963921875 0.473544165625 0.343679575 0.470114825 0.33812688281250003 0.462617959375 0.332503190625 0.4537262015625 0.3290929734375 0.4437284703125 0.3268840796875 0.43529385156249994 0.32836435937499997 0.423080625 0.3287614890625 0.41301899375 0.3302133703125 0.407267659375 0.3333679921875 0.41999837187500005 0.3344039609375 0.42919324999999997 0.335988525 0.43455271875 0.3397439640625
0 0.53912625625 0.4093142421875 0.523152171875 0.4076113453125 0.5131331421875001 0.406622709375 0.5060969625 0.40568613906250006 0.48596660312499995 0.4089966515625 0.47448168125 0.4142890140625 0.46870904687500003 0.4186638921875 0.4588759859375 0.4225610203125 0.44578180468750006 0.42680810312500006 0.44110094375 0.4307951640625 0.45077425625 0.43604996875 0.45362931093750003 0.44342358125 0.463341671875 0.446441246875 0.478548403125 0.4454860515625 0.49490370468749995 0.440889015625 0.5155906015625 0.436774465625 0.522961846875 0.43405499531249997 0.5271110203125 0.42944834062500004 0.5396877156250001 0.4237681578125 0.5489464890625 0.42169195000000004 0.5490174875 0.4176244234375 0.5447852937500001 0.41144740156250004 0.53912625625 0.4093142421875
0 0.44808387187500004 0.4347823796875 0.43947038281250006 0.43097014062500005 0.418907734375 0.4279665203125 0.405074596875 0.42792850156249995 0.3931112390625 0.42955062499999996 0.3816653671875 0.43260584687500003 0.37284952968749996 0.4403860578125 0.3670768953125 0.44476093906249997 0.358349809375 0.44745674218750003 0.348252678125 0.45094238437499995 0.3422124265625 0.45510915625 0.3418028109375 0.46303609687499997 0.34524279999999996 0.4679786609375 0.3586933484375 0.45885528124999997 0.367188315625 0.45391760468750003 0.3742528953125 0.45322716406249997 0.3987290484375 0.44958563281249997 0.4233911703125 0.450829865625 0.43393833906249996 0.452641471875 0.438438153125 0.459026603125 0.44280524843749997 0.45747532343749997 0.45152168593750003 0.45538964843749996 0.45323034375000004 0.45074039531250004 0.45170273281249995 0.4450174578125 0.450985075 0.43951209999999996 0.44808387187500004 0.4347823796875
0 0.2364542484375 0.3446271109375 0.2364258484375 0.34625412187500004 0.24641292812499999 0.34907314375 0.26269368125 0.3487470109375 0.287673121875 0.347352084375 0.3083529203125 0.3436442859375 0.31280166249999997 0.3374153546875 0.30942557187499997 0.3288120171875 0.29644498750000003 0.32655105624999997 0.283988990625 0.32531644531250004 0.27476571562499996 0.325358890625 0.261985303125 0.327170190625 0.2554062625 0.33112411875 0.244738396875 0.33622730624999997 0.23604680781249998 0.33688934531250003 0.2364542484375 0.3446271109375
0 0.30696730625 0.3297862984375 0.312316125 0.334151865625 0.3174931734375 0.3328181640625 0.3177607921875 0.3330262734375 0.34492022968749997 0.3310590859375 0.3609262640625 0.33093159375000003 0.364536653125 0.326112096875 0.3611108609375 0.3203560265625 0.355505075 0.315172221875 0.347940759375 0.31341268125 0.338168046875 0.3138524109375 0.329465809375 0.31512458125 0.32266530000000004 0.3162265078125 0.3163929265625 0.3181514046875 0.30739467187499997 0.32084247499999996 0.30084403125 0.32316939375 0.3010229 0.32846190937499997 0.30696730625 0.3297862984375
0 0.6810772984375 0.3888034828125 0.7012005578125 0.38589972499999997 0.725113075 0.383468984375 0.730396621875 0.3760339921875 0.72725265 0.369672528125 0.71888903125 0.36708528125 0.7085917312500001 0.366498665625 0.6912476046875 0.3655856078125 0.6806684875 0.3656043859375 0.6678525750000001 0.3694494484375 0.6664221828125 0.3736966859375 0.6587407187500001 0.3786485609375 0.658363053125 0.384745115625 0.6640149906249999 0.3872850296875 0.6810772984375 0.3888034828125
0 0.7191743984375 0.366276509375 0.7240234796875 0.36819209375 0.7299252843749999 0.371957 0.7388454421875 0.373740209375 0.7567603046875 0.373035721875 0.7739184625 0.3690630140625 0.7954330640625 0.36414915937500003 0.80554439375 0.3598500109375 0.7993856187499999 0.35526686875 0.786936721875 0.353625503125 0.777756046875 0.35122743437500004 0.7644971968750001 0.3493684921875 0.7555805890625 0.347381909375 0.7438919484375 0.34880538906249997 0.7351435609375 0.35272145 0.72505708125 0.35559696406249997 0.7225207171875 0.361045525 0.7191743984375 0.366276509375
0 0.7126707109375 0.3348334953125 0.7125926125 0.339307775 0.7143913937499999 0.34503544375 0.7273648765625 0.3477031546875 0.7387858984375 0.3460715640625 0.762705515625 0.343234071875 0.77335918125 0.3389443890625 0.775085590625 0.3332782546875 0.7713424812499999 0.33016134375 0.7645597234375 0.330246390625 0.7594430234375 0.32812269375 0.7516075390625 0.3263584203125 0.7410426218749999 0.3255636921875 0.7339780421875 0.32625413281250004 0.7260680109375001 0.3287607609375 0.71624915 0.33184438437499997 0.7126707109375 0.3348334953125
0 0.4548613796875 0.2951385984375 0.479006015625 0.29494973125 0.498251871875 0.29569254375 0.5042779265624999 0.2923392796875 0.5046378421875 0.28725960625 0.4957176859375 0.2854763984375 0.4871112953125 0.28125740781249997 0.4774237828125 0.2768161078125 0.4649713375 0.2753781203125 0.45627264843750004 0.2764469140625 0.44891205312500004 0.2785562546875 0.44856988593749997 0.282619046875 0.44711464375 0.288289915625 0.44758953281249997 0.29216353281249996 0.4548613796875 0.2951385984375
0 0.5887071421875001 0.2883201640625 0.6039351703125 0.2861447109375 0.6243047500000001 0.28466932031250003 0.624978434375 0.27715386406250003 0.621267275 0.27220656718749997 0.6150659015625 0.27006393906250004 0.6156792390625 0.2660058796875 0.6059207265625 0.26563210625 0.5963978828125 0.2672968265625 0.592502128125 0.2729250984375 0.5856874171875 0.2748405296875 0.5802107999999999 0.2777965078125 0.5749982515625 0.281163975 0.576283096875 0.28525516562500003 0.5887071421875001 0.2883201640625
0 0.7783147609375 0.33475868750000004 0.7916162124999999 0.3341771109375 0.8090384374999999 0.33061589062499996 0.8199490718750001 0.3271444484375 0.8167979984375 0.3211897359375 0.8084166296875 0.319619371875 0.8033247781249999 0.31607204218749996 0.7941121546875001 0.315504359375 0.77784915 0.31481361093750004 0.767523453125 0.31585400468749997 0.7644447515625 0.3212930984375 0.759724840625 0.3275172984375 0.7661973828125 0.329664659375 0.7721382375 0.331192425 0.7783147609375 0.33475868750000004
0 0.79697923125 0.337729175 0.787913525 0.34428439375000003 0.78561283125 0.35177145 0.8007237109374999 0.356307415625 0.8088516625000001 0.356856165625 0.8186172734375001 0.35682318749999997 0.8311300703125 0.3548037796875 0.8444421703125 0.3536120734375 0.8464219984374999 0.34896755156250003 0.8484231250000001 0.3431027734375 0.8490258109375001 0.3396548421875 0.84255681875 0.33730410312500003 0.8303755421875 0.33587084843750004 0.8173949578125 0.333609890625 0.8048821640625 0.3356293 0.79697923125 0.337729175
0 0.468619340625 0.33696803124999997 0.47359188281250003 0.342071253125 0.47592464375 0.343061028125 0.48782594687499997 0.344760134375 0.501229765625 0.3432315703125 0.5060135796874999 0.338434225 0.5082475125 0.32437299375 0.5058050078125 0.3193139328125 0.4948451453125 0.31546199218750004 0.47896097031249996 0.31410009843750003 0.47024160000000004 0.3165239046875 0.45951778125000003 0.3198617765625 0.44932665156249996 0.32375126249999997 0.44620950937500004 0.32627285625 0.4559351109375 0.328340725 0.46272901875 0.3326622640625 0.468619340625 0.33696803124999997
0 0.83176635625 0.2960205734375 0.822705484375 0.30212032031249997 0.81295170625 0.312939559375 0.8110088203125001 0.3193161828125 0.81484501875 0.32106209375 0.8212780875 0.3256007078125 0.8257379437499999 0.32659434374999996 0.8375352140625001 0.3269528984375 0.8434644765625 0.3253774453125 0.8534786625 0.3229575015625 0.856401496875 0.318734828125 0.8592460640624999 0.30733709375 0.8631584703125 0.2930579921875 0.8605216468749999 0.29255407187500004 0.850766840625 0.2917732734375 0.8407499906250001 0.2943458015625 0.83176635625 0.2960205734375
0 0.783185109375 0.292730475 0.787933640625 0.28884493437500003 0.7878633640625 0.281212115625 0.779757440625 0.2792390453125 0.7726714140625 0.27713114375000003 0.765218446875 0.2727273609375 0.7562854171875 0.27150301093749996 0.7453099265625001 0.27070090625 0.7375629546875 0.2714814734375 0.7334380828125 0.2746147421875 0.7299288765624999 0.27745349375 0.729838321875 0.28264139374999997 0.730997746875 0.286172165625 0.783185109375 0.292730475
0 0.661663865625 0.2709198078125 0.659158578125 0.27453924218750003 0.659924425 0.27729998437500003 0.6710767296875 0.27963149375 0.6798435984375 0.278716096875 0.6941275109375 0.27652331406249997 0.7002469062500001 0.2757143375 0.7029556390625 0.27209845312500003 0.7018281734375 0.26673666093750004 0.6994400781250001 0.2636423390625 0.6943831968749999 0.26187512343749997 0.686858315625 0.26159114375 0.6803480078125 0.26147750468750003 0.674220625 0.26274423750000003 0.66848948125 0.2646284125 0.6649802765625 0.267467165625 0.661663865625 0.2709198078125
0 0.019982798437499998 0.41138470156249995 0.0014292515625 0.4137547828125 0.000836221875 0.44772947343749997 0.0033149421875000003 0.4481871921875 0.041490743749999996 0.44553794062499996 0.0689302421875 0.44062902499999995 0.0825408125 0.4365148546875 0.085996440625 0.42849336562499996 0.08035860781250001 0.41906979218749996 0.07378725625 0.41563947656250005 0.05587654374999999 0.41284013125 0.0332375984375 0.411823290625 0.019982798437499998 0.41138470156249995