0 0.2208806828125 0.8058712124999999 0.2180397734375 0.7424242421875 0.2066761375 0.7045454546875 0.1761363625 0.7102272734375 0.18110795468750002 0.8134469703124999 0.19034090937499998 0.8238636359375 0.2073863625 0.8267045453125 0.2208806828125 0.8058712124999999
0 0.2578125 0.7073863640625 0.2350852265625 0.7159090906250001 0.2230113625 0.7320075765625 0.21875 0.7585227265625 0.2223011375 0.8096590906250001 0.2279829546875 0.8257575765625 0.2464488625 0.8295454546875 0.26278409062499997 0.80018939375 0.26420454531250004 0.7301136359375 0.2578125 0.7073863640625
0 0.3046875 0.7159090906250001 0.29403409062499997 0.7073863640625 0.28053977343750003 0.7121212124999999 0.26846590937500003 0.7196969703125 0.26633522656249997 0.7481060609375 0.27059659062499997 0.7746212124999999 0.2734375 0.8039772734374999 0.27414772656249997 0.82481060625 0.2776988625 0.8333333328125001 0.29403409062499997 0.828598484375 0.30610795468749996 0.8077651515625 0.3082386375 0.7708333328125 0.3046875 0.7159090906250001
0 0.42329545468749996 0.7850378796874999 0.40269886406250005 0.7481060609375 0.37571022656249997 0.7149621203125001 0.3480113625 0.7481060609375 0.3927556828125 0.8352272734374999 0.40625 0.8371212124999999 0.42613636406250005 0.8153409093749999 0.42329545468749996 0.7850378796874999
0 0.5 0.78125 0.4765625 0.7367424234375 0.45667613593749995 0.7178030296875 0.43394886406250005 0.7348484843749999 0.432528409375 0.7537878796874999 0.481534090625 0.8494318171874999 0.5035511359375 0.8361742421875 0.5092329546875 0.8153409093749999 0.5 0.78125
0 0.49431818125 0.7452651515625 0.5539772734375 0.8541666671874999 0.5859375 0.8172348484375 0.5205965906250001 0.7140151515625 0.49431818125 0.7452651515625
0 0.5710227265625 0.7339015156250001 0.5674715906250001 0.7566287875000001 0.6299715906250001 0.8693181828125001 0.6576704546875 0.8380681828125001 0.5951704546875 0.7196969703125 0.5710227265625 0.7339015156250001
0 0.6306818187500001 0.7575757578125 0.7059659093749999 0.8721590906250001 0.7350852265625 0.828598484375 0.6583806812499999 0.7272727265625 0.6306818187500001 0.7575757578125
0 0.7123579546875 0.7537878796874999 0.8153409093749999 0.88731060625 0.8480113640625 0.83143939375 0.7393465906250001 0.7130681828125 0.7123579546875 0.7537878796874999
0 0.8899147734374999 0.5416666671875 0.9154829546875 0.6922348484375 0.97869318125 0.6893939390625 0.9538352265625001 0.5388257578125 0.8899147734374999 0.5416666671875
0 0.92400568125 0.7234848484375 0.9545454546875 0.8958333328125001 1 0.890151515625 0.9936079546875 0.7168560609375 0.92400568125 0.7234848484375
0 0.7045454546875 0.4990530296875 0.7123579546875 0.6202651515625 0.7563920453125 0.61268939375 0.7414772734375 0.4924242421875 0.7045454546875 0.4990530296875
0 0.6498579546875 0.4924242421875 0.6477272734375 0.6202651515625 0.6917613640625 0.6231060609375 0.6896306812499999 0.49147727343750003 0.6498579546875 0.4924242421875
0 0.5951704546875 0.4981060609375 0.5880681812499999 0.6202651515625 0.6271306812499999 0.6316287875000001 0.6306818187500001 0.5018939390625 0.5951704546875 0.4981060609375
0 0.5504261359375 0.5028409093749999 0.5404829546875 0.6145833328125 0.5745738640625 0.6287878796874999 0.5845170453125 0.5113636359375 0.5504261359375 0.5028409093749999
0 0.5021306812499999 0.509469696875 0.495028409375 0.6221590906250001 0.5298295453125 0.6240530296875 0.5390625 0.5113636359375 0.5021306812499999 0.509469696875
0 0.46235795468749996 0.5246212124999999 0.44957386406250005 0.6306818171875 0.484375 0.6486742421875 0.49573863593749995 0.5303030296875 0.46235795468749996 0.5246212124999999
0 0.41619318125 0.5170454546875 0.40553977343750003 0.6278409093749999 0.44176136406250005 0.6420454546875 0.45383522656249997 0.5227272734375 0.41619318125 0.5170454546875
0 0.34375 0.5388257578125 0.32883522656249997 0.6429924234375 0.36576704531250004 0.6534090906250001 0.3771306828125 0.54356060625 0.34375 0.5388257578125
0 0.2947443171875 0.5321969703125 0.28125 0.63731060625 0.3046875 0.64393939375 0.33309659062499997 0.5397727265625 0.2947443171875 0.5321969703125
0 0.09943181875 0.6647727265625 0.1015625 0.6865530296875 0.125 0.696969696875 0.17684659062500002 0.6089015156250001 0.15127840937499998 0.5928030296875 0.12286931875 0.6174242421875 0.09943181875 0.6647727265625
0 0.0305397734375 0.7850378796874999 0.0376420453125 0.80018939375 0.0546875 0.8049242421875 0.1051136375 0.7149621203125001 0.08451704531250001 0.696969696875 0.0376420453125 0.7528409093749999 0.0305397734375 0.7850378796874999
0 0.18181818125 0.48484848437499994 0.16974431875 0.5179924234375 0.17755681875 0.5369318171875 0.2095170453125 0.5265151515625 0.231534090625 0.459280303125 0.215909090625 0.446969696875 0.19815340937499998 0.46022727343750003 0.18181818125 0.48484848437499994
0 0.28125 0.3570075765625 0.2869318171875 0.32670454531250004 0.27059659062499997 0.321969696875 0.25923295468749996 0.32954545468749996 0.2436079546875 0.358901515625 0.2428977265625 0.3806818171875 0.25142045468749996 0.391098484375 0.2677556828125 0.37784090937500003 0.28125 0.3570075765625
0 0.29403409062499997 0.297348484375 0.30752840937500003 0.26420454531250004 0.30610795468749996 0.24242424218749997 0.28764204531250004 0.2452651515625 0.2734375 0.271780303125 0.2734375 0.2926136359375 0.27982954531250004 0.30397727343750003 0.29403409062499997 0.297348484375
0 0.26491477343750003 0.5236742421875 0.26491477343750003 0.5852272734375 0.2833806828125 0.5899621203125001 0.30326704531250004 0.4990530296875 0.2848011375 0.48579545468749996 0.26491477343750003 0.5236742421875
0 0.3323863625 0.40625 0.31534090937500003 0.3929924234375 0.2947443171875 0.41287878750000007 0.28125 0.48106060624999997 0.3089488625 0.490530303125 0.3323863625 0.40625
0 0.32670454531250004 0.45265151562500006 0.35440340937500003 0.45454545468749996 0.36860795468749996 0.3863636359375 0.3416193171875 0.3854166671875 0.32670454531250004 0.45265151562500006
0 0.36576704531250004 0.45359848437499994 0.39559659062499997 0.4507575765625 0.40411931875 0.3768939390625 0.3785511375 0.3759469703125 0.36576704531250004 0.45359848437499994
0 0.411221590625 0.3759469703125 0.40625 0.4365530296875 0.4140625 0.45359848437499994 0.442471590625 0.4479166671875 0.450284090625 0.36647727343750003 0.43039772656249997 0.3570075765625 0.411221590625 0.3759469703125
0 0.44389204531250004 0.4375 0.45951704531250004 0.446969696875 0.49005681875 0.4412878796875 0.5028409093749999 0.35227272656249997 0.46306818125 0.3551136359375 0.44389204531250004 0.4375
0 0.5021306812499999 0.440340909375 0.5383522734375 0.4384469703125 0.5426136359375 0.35227272656249997 0.5113636359375 0.3541666671875 0.5021306812499999 0.440340909375
0 0.5454545453125 0.4327651515625 0.5504261359375 0.4356060609375 0.5795454546875 0.4270833328125 0.5823863640625 0.3399621203125 0.5518465906250001 0.3456439390625 0.5454545453125 0.4327651515625
0 0.5880681812499999 0.42234848437499994 0.5973011359375 0.4242424234375 0.6271306812499999 0.4166666671875 0.6292613640625 0.3238636359375 0.5930397734375 0.33617424218749997 0.5880681812499999 0.42234848437499994
0 0.6370738640625 0.42329545468749996 0.6768465906250001 0.41761363593749995 0.6747159093749999 0.32102272656249997 0.6392045453125 0.32954545468749996 0.6370738640625 0.42329545468749996
0 0.7258522734375 0.32007575781250003 0.6903409093749999 0.32007575781250003 0.6946022734375 0.41287878750000007 0.7088068187500001 0.42045454531250004 0.7272727265625 0.41477272656249997 0.7258522734375 0.32007575781250003
0 0.7393465906250001 0.3304924234375 0.7393465906250001 0.403409090625 0.7805397734375 0.4071969703125 0.7741477265625 0.3333333328125 0.7393465906250001 0.3304924234375
0 0.92400568125 0.4015151515625 0.8707386359375 0.4071969703125 0.88849431875 0.5104166671875 0.8899147734374999 0.5227272734375 0.9410511359375 0.5236742421875 0.92400568125 0.4015151515625
0 0.84588068125 0.2462121203125 0.8643465906250001 0.3390151515625 0.9176136359375 0.3257575765625 0.8970170453125 0.23200757656249998 0.84588068125 0.2462121203125
0 0.8515625 0.11931818281249999 0.8110795453125 0.2140151515625 0.8451704546875 0.24242424218749997 0.8899147734374999 0.13825757656249998 0.8515625 0.11931818281249999
0 0.8423295453125 0.1316287875 0.8089488640625 0.1174242421875 0.7549715906250001 0.2017045453125 0.7571022734375 0.20549242343750002 0.7954545453125 0.22632575781250003 0.8423295453125 0.1316287875
0 0.7116477265625 0.2481060609375 0.7400568187500001 0.215909090625 0.7592329546875 0.1808712125 0.7450284093749999 0.1647727265625 0.7024147734375 0.18465909062500002 0.6725852265625 0.22821969687500002 0.6732954546875 0.23106060624999997 0.6910511359375 0.2452651515625 0.7116477265625 0.2481060609375
0 0.6669034093749999 0.16571969687500002 0.6157670453125 0.2357954546875 0.6413352265625 0.265151515625 0.6960227265625 0.1865530296875 0.6669034093749999 0.16571969687500002
0 0.5241477265625 0.2803030296875 0.5958806812499999 0.2566287875 0.5880681812499999 0.2121212125 0.5134943187500001 0.2433712125 0.5241477265625 0.2803030296875
0 0.43963068125 0.3058712125 0.49786931875 0.28409090937500003 0.4921875 0.2443181828125 0.43039772656249997 0.2708333328125 0.43963068125 0.3058712125
0 0.36647727343750003 0.327651515625 0.43039772656249997 0.3020833328125 0.421875 0.2632575765625 0.3572443171875 0.28977272656249997 0.36647727343750003 0.327651515625
0 0 0.7518939390625 0.0099431828125 0.7518939390625 0.0319602265625 0.7111742421875 0 0.6846590906250001 0 0.7518939390625
0 0.051846590625 0.7035984843749999 0.07173295468749999 0.665719696875 0.0248579546875 0.6325757578125 0.008522728125 0.6761363640625 0.051846590625 0.7035984843749999
0 0.086647728125 0.6581439390625 0.1058238625 0.6107954546875 0.0482954546875 0.58143939375 0.0326704546875 0.6183712124999999 0.086647728125 0.6581439390625
0 0.0213068171875 0.57481060625 0.0667613625 0.49431818281249995 0.026988635937499998 0.48295454531250004 0 0.5464015156250001 0.0213068171875 0.57481060625
0 0.0511363625 0.478219696875 0.0745738625 0.48390151562500006 0.098721590625 0.42234848437499994 0.078835228125 0.41287878750000007 0.059659090625 0.43181818281249995 0.0511363625 0.478219696875
0 0.08380681875 0.5397727265625 0.13920454531249998 0.5492424234375 0.14346590937499998 0.5113636359375 0.0973011375 0.5 0.08380681875 0.5397727265625
0 0.1555397734375 0.48390151562500006 0.1598011375 0.45170454531250004 0.11221590937499999 0.46022727343750003 0.1022727265625 0.49431818281249995 0.1555397734375 0.48390151562500006
0 0.1683238625 0.44412878750000007 0.1676136375 0.41761363593749995 0.1186079546875 0.42897727343750003 0.11505681875 0.45454545468749996 0.1683238625 0.44412878750000007
0 0.12371716562499999 0.42115525781249996 0.173271453125 0.4130647609375 0.1786651171875 0.3789048890625 0.131133453125 0.3883438015625 0.1216945421875 0.405873209375 0.12371716562499999 0.42115525781249996
0 0.134841596875 0.3789048890625 0.13753842968750002 0.3856469703125 0.1847329890625 0.3744101703125 0.1870927171875 0.347891321875 0.1523710046875 0.3496892109375 0.14192078125000002 0.3631733703125 0.134841596875 0.3789048890625
0 0.144280509375 0.3559818171875 0.163158334375 0.346992378125 0.1924863796875 0.3420481859375 0.19552031718750001 0.3173272265625 0.16180991718749999 0.3182261703125 0.145628925 0.33215980156249997 0.144280509375 0.3559818171875
0 0.15607914843749998 0.3047420109375 0.15877598125 0.3164282828125 0.2039479171875 0.31103461875 0.2127126203125 0.2827178828125 0.18405878125 0.2714810828125 0.15776466875 0.2903589078125 0.15607914843749998 0.3047420109375
0 0.065398175 0.40497426562500005 0.0795565421875 0.41396370468750004 0.11124431875 0.3681175609375 0.091018078125 0.35193657031250003 0.06573527968750001 0.38384908125 0.065398175 0.40497426562500005
0 0.0323619828125 0.36272389843749997 0.0488800796875 0.3860964421875 0.0980972625 0.33305874687500003 0.0832646875 0.3186756421875 0.059330303125 0.33215980156249997 0.0323619828125 0.36272389843749997
0 0.28957233125 0.24001804375 0.3121582984375 0.2359727953125 0.3310361234375 0.1775414375 0.3087872578125 0.1766424921875 0.29058364375 0.2067571171875 0.28957233125 0.24001804375
0 0.3178890671875 0.1586636140625 0.3377782015625 0.1523710046875 0.33811530625 0.1519215328125 0.3515994671875 0.1051764453125 0.33069901874999996 0.106075390625 0.3148551296875 0.142482621875 0.3178890671875 0.1586636140625
0 0.1614728140625 0.23866962812499998 0.1715859328125 0.2579969234375 0.2211402203125 0.24001804375 0.21743207656250002 0.21574655625 0.16518095625 0.2233875796875 0.1614728140625 0.23866962812499998
0 0.0927035984375 0.2188928609375 0.11124431875 0.2350738515625 0.1439434046875 0.1982171484375 0.1351787015625 0.1838340453125 0.09978278125 0.202262396875 0.0927035984375 0.2188928609375
0 0.1365271171875 0.16180991718749999 0.1378755328125 0.178889853125 0.153719421875 0.1833845734375 0.179339325 0.14562892656249998 0.16720358125 0.13484159843750002 0.144280509375 0.1510225890625 0.1365271171875 0.16180991718749999
0 0.169563309375 0.1159637734375 0.1715859328125 0.1272005734375 0.187766925 0.12809951718749998 0.2025995 0.0912428140625 0.18304746875 0.0773091828125 0.17057462031249998 0.09663647812500001 0.169563309375 0.1159637734375
0 0.2319275484375 0.1982171484375 0.22754519687500002 0.18832876406250001 0.2123755171875 0.1860814046875 0.19518321249999998 0.190576125 0.182710365625 0.20450975625 0.179676428125 0.2179939171875 0.218106284375 0.2188928609375 0.22417415625 0.2166455 0.2319275484375 0.1982171484375
0 0.2029366046875 0.16720358125 0.2046221234375 0.1775414375 0.236647003125 0.1725972453125 0.245074603125 0.14472998125 0.221814428125 0.13753842968750002 0.20630764375 0.1469773421875 0.2029366046875 0.16720358125
0 0.215409453125 0.12270585468749999 0.207656059375 0.13484159843750002 0.2046221234375 0.1496741734375 0.20630764375 0.153719421875 0.22417415625 0.1397857890625 0.2383325234375 0.1393363171875 0.2504682671875 0.1411342046875 0.2535022046875 0.1249532140625 0.2417035640625 0.1128174703125 0.23091623593750002 0.1173121890625 0.215409453125 0.12270585468749999
0 0.2346243796875 0.0952880625 0.2258596765625 0.10562591875 0.2211402203125 0.118211134375 0.236647003125 0.11461535781250001 0.24709722812499998 0.1155143015625 0.2588958671875 0.118211134375 0.266649259375 0.1011311984375 0.2599071796875 0.0921417578125 0.24743433124999997 0.09169228593749999 0.2346243796875 0.0952880625