0 0.6184752984374999 0.91901229375 0.5902281296874999 0.8325008546875001 0.5535781546874999 0.82865226875 0.5832438109375 0.9323825328125 0.6040457328125 0.9374812953125 0.6184752984374999 0.91901229375
0 0.52519735 0.8634958171875 0.5103429609375 0.880393634375 0.5201607421875 0.97357414375 0.5519684671875 0.9984250625 0.5746784875000001 0.9926218375 0.5554821890625 0.879721271875 0.52519735 0.8634958171875
0 0.39973755 1 0.4243695953125 0.9714908 0.3286583875 0.8719274968749999 0.29774714375 0.9072622156250001 0.37973465 1 0.39973755 1
0 0.3220501296875 0.868311059375 0.248310915625 0.787153434375 0.2177524890625 0.8178067015625 0.29432145468750004 0.89745734375 0.3220501296875 0.868311059375
0 0.2157151203125 0.74744033125 0.157366740625 0.6783073453124999 0.1179266296875 0.6970643765625 0.181653703125 0.7741174859375 0.2157151203125 0.74744033125
0 0.0571107890625 0.6439782875 0.1485989296875 0.6770391124999999 0.164318084375 0.6441051078125 0.06976905156249999 0.6129719109375 0.0571107890625 0.6439782875
0 0.24476758125 0.6788560859375 0.2951883234375 0.73064184375 0.3267404125 0.7156362171875 0.2792214296875 0.6685961125000001 0.24476758125 0.6788560859375
0 0.3498399859375 0.7438414875 0.43171563749999997 0.8251596156250001 0.4631237125 0.7976487171875 0.38673115468749997 0.7156573500000001 0.3498399859375 0.7438414875
0 0.5098475984374999 0.773672615625 0.424188146875 0.6993124640625 0.3931328890625 0.722141909375 0.481269275 0.79967653125 0.5098475984374999 0.773672615625
0 0.53980315 0.7377714078125 0.4492618359375 0.663314953125 0.4261666078125 0.688645628125 0.516106690625 0.7638716249999999 0.53980315 0.7377714078125
0 0.46757092968749997 0.6406214953125 0.453213371875 0.665343134375 0.537101521875 0.7271659125000001 0.5544652390625 0.698596565625 0.46757092968749997 0.6406214953125
0 0.576264890625 0.698712725 0.5821331953125 0.678512034375 0.5703497515625 0.661870146875 0.5108385234374999 0.615374878125 0.48735086406250006 0.624288371875 0.50108201875 0.6511269078125 0.5399468 0.6840003375 0.576264890625 0.698712725
0 0.5826851109375 0.781786128125 0.6200526296875 0.8884130734375001 0.657972228125 0.8853566718750001 0.6160838640625 0.780225725 0.5826851109375 0.781786128125
0 0.6126213093749999 0.7348886968749999 0.6456403468749999 0.8436491078125 0.6884255140625 0.840371653125 0.653025553125 0.73980719375 0.6126213093749999 0.7348886968749999
0 0.7072030484375 0.7485488390625 0.6867401671875 0.698370625 0.6606886953125 0.6931011890625001 0.6480171859375 0.7033133890625 0.674168021875 0.774528140625 0.6901173421875 0.7910115703125 0.7137849578125001 0.7898932750000001 0.71958098125 0.777326196875 0.7072030484375 0.7485488390625
0 0.7246785625000001 0.6541065421875001 0.702272984375 0.6501771671875 0.692600275 0.6556929953124999 0.7113001078125001 0.7175667390625 0.724422990625 0.7393840140625 0.7465846328125 0.7436256109375 0.75816646875 0.73909855 0.7577895984375 0.7207030640625 0.7529473859375 0.6942936093750001 0.73916426875 0.6724633109375 0.7246785625000001 0.6541065421875001
0 0.8182116625000001 0.6600122984375 0.81760693125 0.6504893093749999 0.7542843765625 0.589954559375 0.734435015625 0.5930503875 0.72606963125 0.604615675 0.7911581671875 0.66803858125 0.8182116625000001 0.6600122984375
0 0.8004466406249999 0.58338609375 0.78036355625 0.56618705 0.7616623015624999 0.5686714546875 0.7569428078125 0.5815768046875001 0.7796536828125 0.604851359375 0.8080919359375001 0.6310922125 0.8221452734374999 0.6405634625000001 0.8333400265625001 0.6382480140625 0.84486343125 0.628647234375 0.8396078499999999 0.6164962171874999 0.821333103125 0.5986987734375 0.8004466406249999 0.58338609375
0 0.8145168140625 0.53414370625 0.796703653125 0.5277686421875 0.7791242171875 0.5416884515625 0.8072630343749999 0.5777514953125 0.8293136750000001 0.601013025 0.8408692265625 0.6085327890625 0.855423575 0.6113561796875 0.8685405984375001 0.604006084375 0.8643615484374999 0.5921933375 0.8385773703125 0.55998116875 0.8145168140625 0.53414370625
0 0.5231876468750001 0.604475453125 0.5243255390625 0.6244711265625 0.5900421609375 0.6707865125 0.60238501875 0.6678596421874999 0.6123732359375 0.6610818953125001 0.6085812671874999 0.6470575375000001 0.5741001234375 0.6191123015625 0.5387308843749999 0.6000265390624999 0.5231876468750001 0.604475453125
0 0.5890625 0.60546875 0.109375 0.0984375
0 0.5841205281249999 0.5495031515625 0.66732525625 0.606352271875 0.6904516140625 0.5841767156250001 0.6095440390625 0.525315478125 0.5841205281249999 0.5495031515625
0 0.6369223359375 0.499370546875 0.6146649140625 0.5195058109375 0.6934759765625 0.5745537328125 0.714460009375 0.552335915625 0.6369223359375 0.499370546875
0 0.673236309375 0.51982428125 0.6826397796875 0.499435453125 0.6129980546875 0.45449074375 0.5961978859375 0.47921335625 0.673236309375 0.51982428125
0 0.6106386015624999 0.4522304640625 0.5395768859375 0.411394534375 0.522691078125 0.433007384375 0.5862072546875 0.46957960156249995 0.59996174375 0.47053674062499995 0.6106386015624999 0.4522304640625
0 0.4880766515625 0.44200720625 0.5507554906250001 0.4833635796875 0.5708705875 0.46318605625 0.51637398125 0.42713466875000006 0.4880766515625 0.44200720625
0 0.5494080703125 0.4850515296875 0.4904087875 0.4454822640625 0.4677469125 0.461494684375 0.5255360062500001 0.5044691296875 0.5383583578125 0.501978828125 0.5494080703125 0.4850515296875
0 0.44183490000000003 0.47609846874999995 0.4359387734375 0.491069996875 0.499704575 0.5338194374999999 0.512308903125 0.5278957796875 0.523126375 0.514050046875 0.46001148125 0.4658269609375 0.44183490000000003 0.47609846874999995
0 0.42499325 0.48967423437499996 0.410760065625 0.501395153125 0.4099401125 0.5154381015625 0.442732240625 0.5421457921874999 0.4842943125 0.563197090625 0.496026534375 0.5435400109375 0.497982434375 0.5428927828125001 0.42499325 0.48967423437499996
0 0.4031368171875 0.5232178171874999 0.381407075 0.54267768125 0.445732159375 0.5874955859375001 0.46760251249999996 0.5724962671875 0.4419830671875 0.5486733125 0.4031368171875 0.5232178171874999
0 0.43787738750000005 0.5920172828125 0.38125266875 0.5494087125 0.365278440625 0.5494365015625 0.3589778625 0.5602851859375 0.363388909375 0.5713451765625 0.3826730078125 0.5874992359375 0.41321379843750006 0.6124479890625001 0.4290790125 0.6107035203125 0.43787738750000005 0.5920172828125
0 0.41420199375 0.6222470609374999 0.348663553125 0.565060625 0.3194198734375 0.583000640625 0.3869458140625 0.6422837171875 0.387023228125 0.641256528125 0.41420199375 0.6222470609374999
0 0.3836840765625 0.646086175 0.3157394671875 0.5891951796875 0.2929401484375 0.6165207671874999 0.36220396093749996 0.6717232609375 0.3836840765625 0.646086175
0 0.352604815625 0.686238190625 0.2881675515625 0.62392989375 0.2609113703125 0.64396655 0.3291830171875 0.7060075796875 0.352604815625 0.686238190625
0 0.175542646875 0.611831678125 0.175958146875 0.593665884375 0.156659834375 0.5840267484375 0.062816184375 0.579775196875 0.068303146875 0.6145168875 0.1670223296875 0.623665290625 0.175542646875 0.611831678125
0 0.24112271875000002 0.5859545234375 0.23618082031249998 0.559796221875 0.1561058734375 0.5499868875 0.1437969859375 0.5583167140625 0.148770484375 0.58721888125 0.22558454218750001 0.5928490234375 0.24112271875000002 0.5859545234375
0 0.2682544765625 0.5173333234374999 0.1858997609375 0.518794896875 0.185642259375 0.5506800234375 0.2747825875 0.5572391328124999 0.27779068125 0.5394673875 0.2682544765625 0.5173333234374999
0 0.3514959875 0.48789502812499996 0.35213268124999997 0.48893630468750005 0.34432013281249996 0.46923657968750004 0.33123077031250003 0.45629087031250004 0.27901239375000003 0.47857835 0.269468309375 0.494506634375 0.29395497812500004 0.52070758125 0.3514959875 0.48789502812499996
0 0.366105359375 0.46926922656250003 0.41555893125 0.43938328593750003 0.39031234062500003 0.4169393078125 0.3432965328125 0.449273675 0.366105359375 0.46926922656250003
0 0.46498615625 0.39974865625 0.4458568859375 0.38154021718750003 0.42488390000000004 0.3814693984375 0.40029772656249996 0.40087291406250003 0.39612525625 0.41827878281249997 0.415191328125 0.4309994875 0.4325621734375 0.42825600625 0.46498615625 0.39974865625
0 0.388152503125 0.3332434140625 0.4065992625 0.354181634375 0.44002491718750003 0.3661568859375 0.45237961875000005 0.35405600625 0.40595623124999997 0.32159292968750003 0.388152503125 0.3332434140625
0 0.56092035 0.38430183906250004 0.5639774265625 0.378532753125 0.5714739796875 0.370793809375 0.5724029453125 0.35846753750000004 0.5507126828125 0.34260891875 0.5153311296875 0.33128089374999997 0.49265503906249997 0.3538082359375 0.56092035 0.38430183906250004
0 0.91589153125 0.56224934375 0.8602305484375 0.5258320828125 0.83018113125 0.5513001234375 0.9007009484375 0.59932638125 0.928717053125 0.575532753125 0.91589153125 0.56224934375
0 1 0.49559218749999995 0.9680586281249999 0.4863664765625 0.9594922875 0.5110691 1 0.5281040531250001 1 0.49559218749999995
0 0.8392982124999999 0.4852450265625 0.9376619249999999 0.50227324375 0.9395862234375001 0.49888215156250004 0.938559290625 0.48720310624999996 0.9189797531250001 0.4686428796875 0.9029423281250001 0.4631829359375 0.8630438828125 0.45485195625 0.8369489078125 0.45948077343750005 0.8392982124999999 0.4852450265625
0 0.8230237468749999 0.44601099375000003 0.7429488 0.436201659375 0.7416043359375 0.466693721875 0.8327811468749999 0.48735212656250004 0.8416885328125 0.47038256718750004 0.8230237468749999 0.44601099375000003
0 0.612574878125 0.4065402984375 0.6932438734375 0.4369356765625 0.7026299609375 0.407288059375 0.6265410546875 0.3793833671875 0.612574878125 0.4065402984375
0 0.4328586921875 0.315594871875 0.49191800625 0.3448781546875 0.505187459375 0.326965928125 0.4533466421875 0.2967963234375 0.4328586921875 0.315594871875
0 1 0.422753753125 0.9834376734375001 0.41817842968749996 0.986630653125 0.47070595156249995 1 0.47298024375000003 1 0.422753753125
0 0.9775893078125 0.41482578437499995 0.947347125 0.40805691250000004 0.946674121875 0.45810783125 0.982319515625 0.46909815625 0.9848489109375 0.46400447187499994 0.9775893078125 0.41482578437499995
0 0.9205776718750001 0.44833459218750005 0.9254120984374999 0.40316643750000003 0.89013955625 0.393555090625 0.885491559375 0.43941273281250004 0.9205776718750001 0.44833459218750005
0 0.8724804515625 0.4347931375 0.8721755046874999 0.38506583125 0.8391543046875001 0.377213421875 0.8362615625 0.42824927031250004 0.8724804515625 0.4347931375
0 0.8226177203124999 0.42559333437499997 0.8406931671875 0.3755428 0.8024551796875 0.3641584265625 0.79057446875 0.4174173109375 0.8226177203124999 0.42559333437499997
0 0.731124278125 0.394909553125 0.752383196875 0.35006539999999997 0.7156824390625001 0.34042587812499997 0.6941280796875 0.3828638640625 0.731124278125 0.394909553125
0 0.6734791734375001 0.3723379953125 0.7184933250000001 0.338444459375 0.696563778125 0.3236374734375 0.6516798968749999 0.3547627 0.6734791734375001 0.3723379953125
0 0.67842356875 0.310258465625 0.6620448875 0.3061634109375 0.62356678125 0.3359229546875 0.65517715 0.35300598125 0.6858774765625 0.322064290625 0.67842356875 0.310258465625
0 0.6010712296875 0.3135061484375 0.6258817671875 0.329083415625 0.6658971046875 0.301068721875 0.6422193421875 0.28311346249999997 0.6010712296875 0.3135061484375
0 0.5740986984374999 0.297302003125 0.5973261921875 0.31490547343749997 0.637373128125 0.289634646875 0.61914439375 0.272129784375 0.5740986984374999 0.297302003125
0 0.5524244281249999 0.2830823515625 0.56903851875 0.299869553125 0.6130746640625 0.27227708125 0.591398615625 0.2499035390625 0.5524244281249999 0.2830823515625
0 0.5176539265625 0.2642313640625 0.54723098125 0.28298880625 0.5806329140625001 0.25415784218750004 0.561130790625 0.234570428125 0.5176539265625 0.2642313640625
0 0.48770124531250003 0.24215552499999998 0.5323424859375 0.21286046406249998 0.508200871875 0.19368650625 0.46909965781249996 0.2232716859375 0.48770124531250003 0.24215552499999998
0 0.9108983390625 0.3599919484375 0.9859603109374999 0.3762175953125 0.9859397578125 0.3511850921875 0.9141528890625 0.3326237109375 0.9108983390625 0.3599919484375
0 0.8168555109375 0.3247894953125 0.8146926328124999 0.29971473125000003 0.7687858796875 0.2888648921875 0.7470529703125 0.2925510421875 0.7368579796875 0.313952971875 0.8160813734374999 0.33506138750000003 0.8168555109375 0.3247894953125
0 0.737723975 0.29703010625 0.7236250640625 0.28166414375 0.6938931796875 0.2649610796875 0.6729201953125 0.2648902609375 0.6739329125 0.2830842265625 0.7247009796875 0.30534584374999996 0.737723975 0.29703010625
0 0.654940796875 0.245576759375 0.670169315625 0.24279101718749999 0.669110784375 0.22836810624999998 0.655711765625 0.2195311546875 0.62404136875 0.21273410781250002 0.6153488390625 0.2173633109375 0.6174485187500001 0.23695034218750002 0.654940796875 0.245576759375
0 0.3916720828125 0.31426126875 0.3431695671875 0.28724366562500003 0.3255838640625 0.30232750625000004 0.37400896562499997 0.33037229687499997 0.3916720828125 0.31426126875
0 0.434644309375 0.27926856718750004 0.3973526734375 0.2648167140625 0.3751726640625 0.283924790625 0.4335178703125 0.3131939875 0.45110357187499994 0.2981101484375 0.434644309375 0.27926856718750004
0 0.360143634375 0.2692669359375 0.37304340156250004 0.26574944375 0.3774970953125 0.2572646640625 0.3673731796875 0.2460919796875 0.34447272500000004 0.23363854218750002 0.3284668984375 0.2309224640625 0.3141878984375 0.2464144390625 0.360143634375 0.2692669359375
0 0.6770118578125001 0.2081275953125 0.6701899 0.20112095000000002 0.6573375453125 0.19610983125 0.646764859375 0.197910028125 0.6282411015625 0.1950072390625 0.6206271140624999 0.2004604203125 0.6173450765624999 0.21658908281249997 0.6232773859375 0.220449528125 0.6289509843750001 0.2202359328125 0.6357149109375 0.21906730312499997 0.64470448125 0.2198956671875 0.6540697453125001 0.22024316875 0.6679312984375 0.22849172499999998 0.6778777171875 0.22413072500000003 0.6787460765625 0.2186141 0.6770118578125001 0.2081275953125
0 0.63935648125 0.231166234375 0.634279346875 0.23766466875 0.6371324703125001 0.2559939703125 0.6697190140625 0.26490200937499997 0.6739954421875 0.2649863703125 0.681910346875 0.262795665625 0.687805978125 0.2576315765625 0.6796356125 0.24426943125 0.6625438734375 0.2372070625 0.649812440625 0.2328952453125 0.63935648125 0.231166234375
0 0.45262751874999996 0.19970987812500002 0.44410440468749995 0.21538291250000002 0.46372273125 0.2283841765625 0.498831596875 0.2009146828125 0.47866858125 0.18702260625 0.45262751874999996 0.19970987812500002
0 0.5464064671875 0.1321960296875 0.534161065625 0.12960763125000002 0.511716575 0.1297515875 0.5009606296875 0.1371666375 0.4954258828125 0.1537786875 0.5487352671875 0.1554170078125 0.5464064671875 0.1321960296875
0 0.6108314484374999 0.2062550109375 0.6303267703125 0.20194590781250002 0.6584019828125001 0.20015289374999998 0.6598346609375 0.19196721875 0.6480798859375 0.1855748828125 0.632075715625 0.1814455625 0.6123938734375 0.1828174359375 0.5995794578125 0.1904852359375 0.6012284046875 0.20107854062500002 0.6108314484374999 0.2062550109375
0 0.4200325359375 0.208813259375 0.4525260828125 0.18627920625 0.44078346718750006 0.17431336875 0.4287908140625 0.1737834390625 0.41788754531250005 0.17503512968749999 0.4046487328125 0.18562810624999998 0.39646891875 0.1913338453125 0.40284572343749997 0.20143370468750002 0.4200325359375 0.208813259375
0 0.3023015109375 0.2861154390625 0.31572955468749997 0.291954071875 0.329314375 0.28488818125000004 0.318992278125 0.27031017031250004 0.3042221046875 0.260631446875 0.2869690640625 0.25413065 0.275162934375 0.25653795156250003 0.2733842453125 0.26119654375 0.280399 0.2736558265625 0.3023015109375 0.2861154390625
0 0.278103753125 0.21374299687499998 0.27866331875 0.22255468125000002 0.3087213203125 0.2404555625 0.3178580640625 0.238288959375 0.326037878125 0.2325832203125 0.32794902187499997 0.22616711406249998 0.3186108859375 0.2174756109375 0.3023931609375 0.2080616875 0.28750540625 0.20806135937499998 0.278103753125 0.21374299687499998
0 0.40741685937499994 0.1574086859375 0.394190209375 0.1624281578125 0.38603742812499997 0.1704812703125 0.3842465765625 0.1807133640625 0.3882851296875 0.1866601296875 0.40184562812499997 0.1907412453125 0.4097064671875 0.18385579375 0.41872291562499997 0.1778732046875 0.42751364843750006 0.172179515625 0.43590701718749997 0.17175837968750002 0.434059390625 0.1638013484375 0.423685940625 0.158022971875 0.40741685937499994 0.1574086859375
0 0.386689765625 0.1470488921875 0.3764636421875 0.1474338765625 0.36355596874999996 0.153633059375 0.35671828437499997 0.1631788890625 0.35702509843749997 0.169932103125 0.36472916093749996 0.175951178125 0.37674884531249997 0.17882847968749999 0.3805860046875 0.1739171390625 0.384940821875 0.16754923593749999 0.38932267187499997 0.1635287078125 0.3963076828125 0.1601462375 0.40313320625 0.15617391249999998 0.39803230625 0.1507929015625 0.386689765625 0.1470488921875
0 0.4495654328125 0.1155234203125 0.43947176250000003 0.11415088749999999 0.4356616375 0.12140959843750002 0.43622120000000003 0.1302212859375 0.449384334375 0.1395749515625 0.47702298593750003 0.1462806203125 0.48291861718750007 0.14111653125 0.48524199687499997 0.13734875 0.48557313437499994 0.132954959375 0.479635596875 0.127850796875 0.472476228125 0.122722534375 0.4611336875 0.11897852812500001 0.4495654328125 0.1155234203125
0 0.41296570781249997 0.0986649546875 0.40152990781250003 0.09345233281250001 0.392074190625 0.094439221875 0.38968458125 0.0990857640625 0.387839665625 0.1046231125 0.387150359375 0.1110633234375 0.3933406421875 0.1182259546875 0.40638348124999996 0.123763634375 0.4218699953125 0.12934951875 0.42695602343749994 0.126809653125 0.43120541875 0.1245466390625 0.4343654328125 0.12050200625 0.429330759375 0.1142422375 0.424548834375 0.11004093749999999 0.41700425937499996 0.10461172031249999 0.41296570781249997 0.0986649546875
0 1 0.593300984375 0.960329540625 0.5608288328125 0.9269831875 0.5444359249999999 0.903749021875 0.5343335015624999 0.8976405640625 0.55451635625 0.93158560625 0.5770120796875 0.9557622374999999 0.5886558453124999 0.9944406390625 0.6092146078125 1 0.6012593984375 1 0.593300984375
0 0.891557709375 0.3589765859375 0.896749434375 0.350957659375 0.8810970593749999 0.3338986265625 0.8496356359374999 0.32058840312500003 0.8272761140625 0.3176094078125 0.8239693156250001 0.328711021875 0.8287284093749999 0.340479328125 0.891557709375 0.3589765859375
0 0.64931023125 0.1858074515625 0.6556182328125 0.18918703750000002 0.656590075 0.18530002968749998 0.6581730703125 0.179309228125 0.651886815625 0.1741397421875 0.6434716500000001 0.171695134375 0.634982996875 0.170225621875 0.626516090625 0.16696620625 0.61397508125 0.16671881718749998 0.6050372515625 0.1667052625 0.6027613671875 0.17138033125000002 0.6014438281250001 0.1783529140625 0.6065512703125 0.184150178125 0.610758853125 0.18537247968749998 0.6156510749999999 0.1835158984375 0.6227689468750001 0.183656309375 0.6296731 0.183629746875 0.633777196875 0.18322243437500002 0.6404676359375 0.1830288984375 0.64931023125 0.1858074515625
0 0.32514489687500003 0.06857494374999999 0.31977350000000004 0.06928277031249999 0.3139679234375 0.0727489125 0.314530340625 0.08480405937499999 0.343432259375 0.1006733984375 0.3476833328125 0.0983158953125 0.3548596921875 0.09617885625 0.3592577421875 0.0918711625 0.3527577703125 0.08653469999999999 0.343870178125 0.0798490796875 0.3342162078125 0.0728228265625 0.32514489687500003 0.06857494374999999
0 0.2901217046875 0.0618620296875 0.284389615625 0.06435307500000001 0.2826663921875 0.06920180625 0.2865065359375 0.07529958437499999 0.29381637656250004 0.0773968734375 0.307382475 0.0820589375 0.3101307875 0.0816248796875 0.3142048890625 0.0786128546875 0.31329003125 0.0727355390625 0.3129428328125 0.0683342390625 0.3074597015625 0.0630178359375 0.29797595625 0.059738362499999996 0.2901217046875 0.0618620296875
0 0.27597522343750003 0.10243509375 0.267973996875 0.1065089515625 0.261490528125 0.1099617203125 0.2591044109375 0.116099434375 0.2616922546875 0.1238000859375 0.2699971875 0.12770733437499998 0.279811628125 0.1265988796875 0.28788634218750003 0.12154992656250001 0.29979295 0.1182041390625 0.3025112671875 0.1151653703125 0.30437471875 0.1114587078125 0.30105049375 0.10602213593750001 0.29599479375 0.10103967968750001 0.2900774828125 0.0984815890625 0.2834387875 0.0994899328125 0.27597522343750003 0.10243509375