0 0.19609375 0.48828125 0.05625 0.103125
0 0.23515625 0.478125 0.06875 0.115625
0 0.27109375 0.46875 0.0640625 0.1140625
0 0.30625 0.465625 0.0671875 0.1140625
0 0.3359375 0.45390625 0.06875 0.1125
0 0.3640625 0.44375 0.0515625 0.0890625
0 0.08671875 0.45234375 0.0625 0.1140625
0 0.1265625 0.57890625 0.0578125 0.0984375
0 0.175 0.7234375 0.0546875 0.0953125
0 0.21796875 0.82109375 0.0703125 0.1046875
0 0.25625 0.825 0.0703125 0.090625
0 0.28984375 0.80390625 0.071875 0.0875
0 0.34453125 0.79375 0.065625 0.0609375
0 0.40390625 0.76171875 0.0640625 0.0640625
0 0.21875 0.63984375 0.0640625 0.115625
0 0.25 0.6515625 0.0578125 0.1
0 0.28203125 0.6453125 0.059375 0.096875
0 0.31171875 0.63359375 0.0578125 0.0921875
0 0.352196121875 0.6796408328125 0.3617395609375 0.6655025484375 0.3385030640625 0.588641878125 0.319611115625 0.5914161578125 0.3354077671875 0.6660625125 0.352196121875 0.6796408328125
0 0.3671875 0.6265625 0.0546875 0.090625
0 0.39375 0.6140625 0.0546875 0.0859375
0 0.421875 0.6078125 0.0640625 0.1
0 0.465625 0.5953125 0.05625 0.090625
0 0.48828125 0.59140625 0.0515625 0.08125
0 0.5125 0.5640625 0.0609375 0.0953125
0 0.4953125 0.46328125 0.0625 0.09375
0 0.46484375 0.43125 0.0671875 0.103125
0 0.13515625 0.30859375 0.0875 0.121875
0 0.178125 0.29453125 0.0734375 0.1078125
0 0.21796875 0.2921875 0.0796875 0.1171875
0 0.26171875 0.290625 0.075 0.1078125
0 0.31171875 0.28984375 0.0734375 0.1140625
0 0.35625 0.28515625 0.078125 0.109375
0 0.4203125 0.28359375 0.0578125 0.0984375
0 0.45390625 0.29453125 0.0484375 0.075
0 0.48828125 0.3015625 0.040625 0.0546875
0 0.5625 0.4625 0.0625 0.0921875
0 0.56640625 0.55546875 0.0625 0.0890625
0 0.4484375 0.73984375 0.0546875 0.0515625
0 0.496875 0.71640625 0.05625 0.0546875
0 0.57421875 0.65859375 0.05625 0.08125
0 0.58203125 0.73359375 0.046875 0.06875
0 0.59140625 0.80078125 0.04375 0.0625
0 0.6015625 0.8734375 0.0421875 0.0625
0 0.6078125 0.9359375 0.0375 0.053125
0 0.62265625 0.52109375 0.046875 0.0515625
0 0.62578125 0.5625 0.05 0.05
0 0.6328125 0.60390625 0.053125 0.0546875
0 0.65 0.69921875 0.0390625 0.0421875
0 0.64609375 0.6703125 0.0375 0.0375
0 0.63671875 0.64140625 0.0453125 0.0453125
0 0.61328125 0.390625 0.05 0.0609375
0 0.6625 0.4859375 0.0546875 0.0765625
0 0.6828125 0.5921875 0.0515625 0.0671875
0 0.675 0.86796875 0.040625 0.0359375
0 0.6703125 0.840625 0.04375 0.040625
0 0.66875 0.79609375 0.0421875 0.0390625
0 0.7203125 0.825 0.0390625 0.053125
0 0.721875 0.89140625 0.0359375 0.05
0 0.67890625 0.8953125 0.0390625 0.0359375
0 0.70859375 0.6390625 0.0546875 0.0734375
0 0.72734375 0.66484375 0.05 0.0640625
0 0.765625 0.66171875 0.03125 0.0390625
0 0.7484375 0.6703125 0.0359375 0.0515625
0 0.78984375 0.65234375 0.028125 0.0296875
0 0.81015625 0.6390625 0.0375 0.04375
0 0.809375 0.71953125 0.03125 0.05
0 0.8234375 0.69375 0.0328125 0.0515625