0 0.21875 0.38515625 0.0234375 0.1015625
0 0.25859375 0.3890625 0.0328125 0.11171875
0 0.2953125 0.3921875 0.028125 0.1109375
0 0.3296875 0.4015625 0.03203125 0.109375
0 0.36171875 0.40078125 0.0328125 0.10859375
0 0.39140625 0.40078125 0.02421875 0.0859375
0 0.128125 0.3140625 0.0265625 0.11171875
0 0.121875 0.44609375 0.0265625 0.0953125
0 0.11796875 0.5984375 0.02421875 0.0921875
0 0.125 0.70546875 0.03984375 0.09609375
0 0.16015625 0.721875 0.0453125 0.0796875
0 0.1984375 0.71328125 0.0484375 0.07578125
0 0.25390625 0.72265625 0.053125 0.0453125
0 0.3203125 0.71328125 0.05078125 0.04921875
0 0.18828125 0.53515625 0.02734375 0.1125
0 0.21328125 0.55703125 0.0265625 0.096875
0 0.2453125 0.56171875 0.0296875 0.09296875
0 0.27734375 0.5609375 0.0296875 0.0875
0 0.299669003125 0.6182552609374999 0.3134724796875 0.60823366875 0.3179252125 0.5280609140625 0.2992237296875 0.5242064562500001 0.28853716875 0.5997538578125 0.299669003125 0.6182552609374999
0 0.33203125 0.5734375 0.0265625 0.0875
0 0.3609375 0.57109375 0.028125 0.08046875
0 0.38984375 0.575 0.034375 0.09375
0 0.43515625 0.578125 0.02890625 0.08671875
0 0.4578125 0.58203125 0.02734375 0.0765625
0 0.48984375 0.5640625 0.0328125 0.08984375
0 0.5078125 0.4640625 0.03359375 0.08828125
0 0.490625 0.4234375 0.0359375 0.096875
0 0.22265625 0.1953125 0.053125 0.11015625
0 0.26796875 0.196875 0.0421875 0.09921875
0 0.30625 0.20859375 0.0453125 0.10859375
0 0.34765625 0.221875 0.04296875 0.09921875
0 0.39453125 0.23828125 0.03984375 0.10625
0 0.43828125 0.24921875 0.046875 0.1
0 0.49921875 0.26953125 0.02734375 0.0953125
0 0.5265625 0.29140625 0.02578125 0.0703125
0 0.55703125 0.309375 0.025 0.0484375
0 0.571875 0.4859375 0.0359375 0.08515625
0 0.54375 0.575 0.0359375 0.08203125
0 0.36953125 0.7078125 0.04375 0.03828125
0 0.4234375 0.70234375 0.04453125 0.0421875
0 0.515625 0.67421875 0.0328125 0.07421875
0 0.496875 0.74765625 0.0265625 0.06328125
0 0.4828125 0.8140625 0.02578125 0.0578125
0 0.46796875 0.8859375 0.02421875 0.05703125
0 0.45234375 0.946875 0.02265625 0.0484375
0 0.6078125 0.56171875 0.03515625 0.04140625
0 0.596875 0.6015625 0.0390625 0.0390625
0 0.5890625 0.64296875 0.03984375 0.04375
0 0.57265625 0.73828125 0.02890625 0.034375
0 0.57890625 0.71015625 0.0296875 0.02890625
0 0.5796875 0.6796875 0.034375 0.0359375
0 0.64375 0.4359375 0.034375 0.0515625
0 0.6578125 0.5421875 0.03203125 0.0703125
0 0.63984375 0.64921875 0.0328125 0.059375
0 0.53828125 0.90546875 0.03359375 0.0265625
0 0.54375 0.878125 0.0359375 0.03046875
0 0.55703125 0.8359375 0.03359375 0.02890625
0 0.59609375 0.88046875 0.0234375 0.04765625
0 0.575 0.94375 0.02265625 0.04453125
0 0.5328125 0.9328125 0.03125 0.0265625
0 0.6484375 0.70234375 0.034375 0.065625
0 0.65703125 0.7328125 0.03203125 0.05625
0 0.69453125 0.74296875 0.0203125 0.03359375
0 0.675 0.7453125 0.021875 0.046875
0 0.7203125 0.7421875 0.02109375 0.02421875
0 0.74375 0.73671875 0.0265625 0.03671875
0 0.715625 0.81171875 0.01640625 0.046875
0 0.7375 0.79296875 0.01796875 0.0484375