0 0.478515625 0.8090277777777778 0.04765625 0.0625
0 0.38515625 0.8743055555555556 0.040625 0.06805555555555555
0 0.426953125 0.8944444444444445 0.04296875 0.07222222222222222
0 0.469140625 0.9388888888888889 0.04609375 0.07222222222222222
0 0.439453125 0.7277777777777777 0.03203125 0.05
0 0.44609375 0.91875 0.0421875 0.06805555555555555
0 0.47109375 0.6340277777777777 0.0328125 0.05138888888888889
0 0.290625 0.8659722222222223 0.05 0.059722222222222225
0 0.34453125 0.9291666666666667 0.04375 0.075
0 0.493359375 0.6743055555555556 0.03203125 0.05416666666666667
0 0.350390625 0.6590277777777778 0.03984375 0.059722222222222225
0 0.438671875 0.6784722222222223 0.03515625 0.04861111111111111
0 0.33359375 0.8215277777777777 0.0421875 0.059722222222222225
0 0.43828125 0.53125 0.040625 0.04583333333333333
0 0.37421875 0.7708333333333334 0.034375 0.06388888888888888
0 0.282421875 0.60625 0.03359375 0.043055555555555555
0 0.5328125 0.8493055555555555 0.0515625 0.0625
0 0.50078125 0.5861111111111111 0.025 0.044444444444444446
0 0.49453125 0.9513888888888888 0.0375 0.05
