0 0.35859375 0.8949074074074074 0.07760416666666667 0.07314814814814814
0 0.5830729166666667 0.9 0.08697916666666666 0.06851851851851852
0 0.45807291666666666 0.9050925925925926 0.08489583333333334 0.06944444444444445
0 0.19895833333333332 0.787962962962963 0.052083333333333336 0.12037037037037036
0 0.7830729166666667 0.8611111111111112 0.06510416666666667 0.06666666666666667
0 0.68125 0.8824074074074074 0.07604166666666666 0.06851851851851852
0 0.06901041666666667 0.8055555555555556 0.049479166666666664 0.05925925925925926
0 0.23958333333333334 0.5435185185185185 0.029166666666666667 0.1111111111111111
0 0.9145833333333333 0.8203703703703704 0.052083333333333336 0.06666666666666667
0 0.8552083333333333 0.8416666666666667 0.05 0.06296296296296296
0 0.027864583333333335 0.2814814814814815 0.0234375 0.040740740740740744
0 0.05260416666666667 0.2773148148148148 0.021875 0.03796296296296296
0 0.34739583333333335 0.11944444444444445 0.019791666666666666 0.05185185185185185
0 0.1234375 0.49907407407407406 0.026041666666666668 0.08888888888888889
0 0.159375 0.20277777777777778 0.019791666666666666 0.05185185185185185
0 0.309375 0.17777777777777778 0.020833333333333332 0.046296296296296294
0 0.23932291666666666 0.19305555555555556 0.0203125 0.049074074074074076
0 0.5088541666666667 0.11157407407407408 0.046875 0.03981481481481482
0 0.26015625 0.1925925925925926 0.0203125 0.05185185185185185
0 0.16692708333333334 0.5046296296296297 0.028645833333333332 0.08518518518518518
0 0.6109375 0.11388888888888889 0.0375 0.03888888888888889
0 0.2716145833333333 0.11342592592592593 0.03802083333333333 0.032407407407407406
0 0.45755208333333336 0.11018518518518519 0.03697916666666667 0.037037037037037035
0 0.8877604166666667 0.1726851851851852 0.0234375 0.030555555555555555
0 0.0921875 0.5092592592592593 0.020833333333333332 0.06666666666666667
0 0.21744791666666666 0.11805555555555555 0.0328125 0.04351851851851852
0 0.19765625 0.19953703703703704 0.022395833333333334 0.05092592592592592
0 0.9309895833333334 0.2361111111111111 0.022395833333333334 0.02962962962962963
0 0.8502604166666666 0.6365740740740741 0.043229166666666666 0.09351851851851851
0 0.21796875 0.19907407407407407 0.0203125 0.04814814814814815
0 0.859375 0.21481481481481482 0.03229166666666667 0.03888888888888889
0 0.8213541666666667 0.5365740740740741 0.025 0.05092592592592592
0 0.5606770833333333 0.11203703703703703 0.04010416666666667 0.037037037037037035
0 0.17838541666666666 0.19953703703703704 0.0203125 0.05462962962962963
0 0.9 0.22592592592592592 0.029166666666666667 0.02962962962962963
0 0.9166666666666666 0.17916666666666667 0.01875 0.03425925925925926
0 0.4197916666666667 0.11157407407407408 0.020833333333333332 0.03425925925925926
0 0.3229166666666667 0.13148148148148148 0.019791666666666666 0.046296296296296294
0 0.36744791666666665 0.11851851851851852 0.0171875 0.04259259259259259
0 0.12786458333333334 0.20694444444444443 0.0171875 0.05092592592592592
0 0.7872395833333333 0.14212962962962963 0.027604166666666666 0.03981481481481482
0 0.8192708333333333 0.20416666666666666 0.03229166666666667 0.03611111111111111
0 0.109375 0.21435185185185185 0.017708333333333333 0.05092592592592592
0 0.39791666666666664 0.1125 0.021875 0.03425925925925926
0 0.9536458333333333 0.24166666666666667 0.017708333333333333 0.02962962962962963
0 0.08385416666666666 0.26990740740740743 0.03125 0.041666666666666664
0 0.94296875 0.18796296296296297 0.0203125 0.037037037037037035
0 0.7049479166666667 0.12824074074074074 0.028645833333333332 0.030555555555555555
0 0.8221354166666667 0.15324074074074073 0.019270833333333334 0.030555555555555555
0 0.74375 0.13148148148148148 0.023958333333333335 0.03888888888888889
0 0.9666666666666667 0.20046296296296295 0.020833333333333332 0.03425925925925926
0 0.8572916666666667 0.16157407407407406 0.025 0.030555555555555555
0 0.9791666666666666 0.2518518518518518 0.017708333333333333 0.03148148148148148
0 0.14322916666666666 0.2064814814814815 0.016666666666666666 0.05185185185185185
0 0.0067708333333333336 0.5009259259259259 0.013541666666666667 0.07037037037037037
0 0.006510416666666667 0.2912037037037037 0.013020833333333334 0.041666666666666664
0 0.9901041666666667 0.16666666666666666 0.017708333333333333 0.05740740740740741
0 0.04192708333333333 0.5032407407407408 0.0140625 0.0712962962962963
0 0.6528645833333333 0.12083333333333333 0.0265625 0.03796296296296296
0 0.0625 0.5013888888888889 0.015625 0.075
0 0.6736979166666667 0.12407407407407407 0.0171875 0.03518518518518519
0 0.6979166666666666 0.1259259259259259 0.021875 0.03333333333333333
0 0.0921875 0.2199074074074074 0.014583333333333334 0.04722222222222222
