0 0.546875 0.5645833333333333 0.0484375 0.1625
0 0.3359375 0.59375 0.0828125 0.14583333333333334
0 0.484765625 0.5819444444444445 0.04453125 0.15
0 0.5625 0.8590277777777777 0.1078125 0.09305555555555556
0 0.351171875 0.8555555555555555 0.12734375 0.11666666666666667
0 0.898046875 0.775 0.05859375 0.09444444444444444
0 0.3125 0.7513888888888889 0.109375 0.08888888888888889
0 0.426953125 0.5805555555555556 0.04140625 0.14444444444444443
0 0.4265625 0.07430555555555556 0.04375 0.059722222222222225
0 0.234375 0.12222222222222222 0.0375 0.05555555555555555
0 0.3875 0.08125 0.0359375 0.05416666666666667
0 0.28046875 0.11041666666666666 0.034375 0.05138888888888889
0 0.315625 0.10416666666666667 0.0359375 0.05
