0 0.93046875 0.2375 0.022395833333333334 0.03425925925925926
0 0.44088541666666664 0.9050925925925926 0.08177083333333333 0.07314814814814814
0 0.54375 0.9 0.08333333333333333 0.06851851851851852
0 0.06796875 0.8050925925925926 0.0453125 0.06388888888888888
0 0.7861979166666667 0.8601851851851852 0.06822916666666666 0.06666666666666667
0 0.7174479166666666 0.8782407407407408 0.07135416666666666 0.06574074074074074
0 0.23541666666666666 0.5671296296296297 0.03125 0.10833333333333334
0 0.1984375 0.7888888888888889 0.052083333333333336 0.11296296296296296
0 0.8552083333333333 0.8416666666666667 0.052083333333333336 0.06111111111111111
0 0.12005208333333334 0.8384259259259259 0.05677083333333333 0.06944444444444445
0 0.30755208333333334 0.17083333333333334 0.022395833333333334 0.05277777777777778
0 0.6072916666666667 0.1175925925925926 0.035416666666666666 0.044444444444444446
0 0.96015625 0.24305555555555555 0.022395833333333334 0.03796296296296296
0 0.90859375 0.8208333333333333 0.0421875 0.058333333333333334
0 0.054427083333333334 0.2763888888888889 0.03177083333333333 0.04351851851851852
0 0.26145833333333335 0.1865740740740741 0.027083333333333334 0.05092592592592592
0 0.12135416666666667 0.4986111111111111 0.025 0.09166666666666666
0 0.1734375 0.6574074074074074 0.10416666666666667 0.1259259259259259
0 0.3223958333333333 0.125 0.01875 0.04259259259259259
0 0.7575520833333333 0.13564814814814816 0.024479166666666666 0.03425925925925926
0 0.73984375 0.1337962962962963 0.019270833333333334 0.03611111111111111
0 0.8989583333333333 0.2263888888888889 0.030208333333333334 0.030555555555555555
0 0.4078125 0.11157407407407408 0.03958333333333333 0.03611111111111111
0 0.12682291666666667 0.20787037037037037 0.0203125 0.05092592592592592
0 0.21848958333333332 0.19722222222222222 0.021354166666666667 0.05185185185185185
0 0.5080729166666667 0.10972222222222222 0.04114583333333333 0.03796296296296296
0 0.2721354166666667 0.1125 0.033854166666666664 0.03425925925925926
0 0.09401041666666667 0.5060185185185185 0.0234375 0.06944444444444445
0 0.946875 0.1935185185185185 0.01875 0.03518518518518519
0 0.8255208333333334 0.15046296296296297 0.020833333333333332 0.03425925925925926
0 0.915625 0.18287037037037038 0.017708333333333333 0.030555555555555555
0 0.8614583333333333 0.2162037037037037 0.026041666666666668 0.032407407407407406
0 0.2 0.19537037037037036 0.022916666666666665 0.05555555555555555
0 0.16796875 0.5023148148148148 0.0234375 0.08611111111111111
0 0.8932291666666666 0.17407407407407408 0.019791666666666666 0.02962962962962963
0 0.8111979166666666 0.2037037037037037 0.022395833333333334 0.040740740740740744
0 0.8208333333333333 0.5356481481481481 0.020833333333333332 0.04722222222222222
0 0.06302083333333333 0.5013888888888889 0.023958333333333335 0.08055555555555556
0 0.17838541666666666 0.19583333333333333 0.022395833333333334 0.05462962962962963
0 0.346875 0.12268518518518519 0.017708333333333333 0.04537037037037037
0 0.7997395833333333 0.14583333333333334 0.019270833333333334 0.03425925925925926
0 0.109375 0.2125 0.020833333333333332 0.06018518518518518
0 0.0921875 0.22407407407407406 0.017708333333333333 0.04814814814814815
0 0.6984375 0.125 0.0375 0.040740740740740744
0 0.04348958333333333 0.5055555555555555 0.0171875 0.08148148148148149
0 0.00703125 0.5041666666666667 0.0140625 0.075
0 0.6572916666666667 0.11805555555555555 0.036458333333333336 0.03796296296296296
0 0.96875 0.20277777777777778 0.019791666666666666 0.03333333333333333
0 0.36744791666666665 0.12222222222222222 0.0203125 0.06481481481481481
0 0.85390625 0.16296296296296298 0.016145833333333335 0.02962962962962963
0 0.005989583333333334 0.2912037037037037 0.011979166666666667 0.03981481481481482
0 0.8825520833333333 0.17222222222222222 0.015104166666666667 0.02962962962962963
0 0.06744791666666666 0.22592592592592592 0.018229166666666668 0.044444444444444446
