0 0.19713541666666667 0.7875 0.0515625 0.11944444444444445
0 0.5432291666666667 0.8976851851851851 0.08229166666666667 0.06574074074074074
0 0.11901041666666666 0.8361111111111111 0.059895833333333336 0.06481481481481481
0 0.7153645833333333 0.8773148148148148 0.0671875 0.06574074074074074
0 0.2872395833333333 0.8324074074074074 0.058854166666666666 0.11481481481481481
0 0.47734375 0.9722222222222222 0.08385416666666666 0.05555555555555555
0 0.6348958333333333 0.8861111111111111 0.06875 0.06481481481481481
0 0.32083333333333336 0.13148148148148148 0.020833333333333332 0.04259259259259259
0 0.8484375 0.8421296296296297 0.058333333333333334 0.06759259259259259
0 0.16822916666666668 0.25324074074074077 0.034375 0.03981481481481482
0 0.30494791666666665 0.1912037037037037 0.024479166666666666 0.05462962962962963
0 0.12708333333333333 0.4925925925925926 0.025 0.08333333333333333
0 0.06692708333333333 0.8013888888888889 0.04635416666666667 0.05648148148148148
0 0.18020833333333333 0.19675925925925927 0.027083333333333334 0.05277777777777778
0 0.21744791666666666 0.19907407407407407 0.0234375 0.046296296296296294
0 0.34348958333333335 0.1175925925925926 0.0171875 0.046296296296296294
0 0.9072916666666667 0.8217592592592593 0.041666666666666664 0.06018518518518518
0 0.23489583333333333 0.5675925925925925 0.029166666666666667 0.1111111111111111
0 0.9828125 0.2518518518518518 0.022916666666666665 0.03333333333333333
0 0.16770833333333332 0.5037037037037037 0.022916666666666665 0.08333333333333333
0 0.40859375 0.1125 0.03802083333333333 0.03796296296296296
0 0.959375 0.2439814814814815 0.022916666666666665 0.032407407407407406
0 0.025 0.2824074074074074 0.021875 0.03888888888888889
0 0.55859375 0.10925925925925926 0.0390625 0.040740740740740744
0 0.36744791666666665 0.11898148148148148 0.0171875 0.041666666666666664
0 0.9450520833333333 0.18981481481481483 0.0203125 0.037037037037037035
0 0.7088541666666667 0.12453703703703704 0.035416666666666666 0.03981481481481482
0 0.51171875 0.10787037037037037 0.04114583333333333 0.03981481481481482
0 0.12239583333333333 0.2652777777777778 0.030208333333333334 0.032407407407407406
0 0.7817708333333333 0.8592592592592593 0.0625 0.06296296296296296
0 0.7572916666666667 0.1337962962962963 0.023958333333333335 0.03611111111111111
0 0.45234375 0.1111111111111111 0.04114583333333333 0.03518518518518519
0 0.8989583333333333 0.22546296296296298 0.027083333333333334 0.030555555555555555
0 0.109375 0.2111111111111111 0.01875 0.05740740740740741
0 0.14557291666666666 0.2037037037037037 0.021354166666666667 0.05185185185185185
0 0.06979166666666667 0.42314814814814816 0.0375 0.040740740740740744
0 0.6080729166666666 0.1125 0.03697916666666667 0.041666666666666664
0 0.8239583333333333 0.15138888888888888 0.026041666666666668 0.03981481481481482
0 0.9169270833333333 0.17962962962962964 0.022395833333333334 0.03148148148148148
0 0.05390625 0.27546296296296297 0.028645833333333332 0.03796296296296296
0 0.6591145833333333 0.11990740740740741 0.03177083333333333 0.03981481481481482
0 0.8208333333333333 0.5365740740740741 0.023958333333333335 0.049074074074074076
0 0.05963541666666667 0.49953703703703706 0.0171875 0.0712962962962963
0 0.005989583333333334 0.28888888888888886 0.011979166666666667 0.037037037037037035
0 0.08671875 0.26851851851851855 0.0265625 0.037037037037037035
0 0.006510416666666667 0.5018518518518519 0.013020833333333334 0.07222222222222222
0 0.8901041666666667 0.17407407407407408 0.022916666666666665 0.02962962962962963
0 0.8559895833333333 0.1597222222222222 0.0265625 0.03611111111111111
0 0.09114583333333333 0.2273148148148148 0.017708333333333333 0.04351851851851852
0 0.12838541666666667 0.2064814814814815 0.015104166666666667 0.05
0 0.740625 0.13194444444444445 0.021875 0.03611111111111111
0 0.9294270833333333 0.23703703703703705 0.0234375 0.03148148148148148
