0 0.58359375 0.8569444444444444 0.109375 0.10833333333333334
0 0.434375 0.07013888888888889 0.0453125 0.0625
0 0.351953125 0.8548611111111111 0.12890625 0.11527777777777778
0 0.543359375 0.5777777777777777 0.04609375 0.1527777777777778
0 0.4828125 0.5805555555555556 0.0421875 0.15833333333333333
0 0.428515625 0.5798611111111112 0.04140625 0.14583333333333334
0 0.235546875 0.12083333333333333 0.03515625 0.058333333333333334
0 0.277734375 0.11041666666666666 0.03984375 0.05416666666666667
0 0.314453125 0.1 0.03671875 0.058333333333333334
0 0.31328125 0.75 0.1109375 0.08888888888888889
0 0.383984375 0.07847222222222222 0.03671875 0.06527777777777778
0 0.34765625 0.09166666666666666 0.040625 0.05555555555555555
0 0.50234375 0.05625 0.0515625 0.07083333333333333
0 0.466796875 0.06736111111111111 0.04453125 0.05694444444444444
0 0.890234375 0.775 0.05234375 0.09722222222222222
0 0.88203125 0.17222222222222222 0.028125 0.05277777777777778
