0 0.45755208333333336 0.9046296296296297 0.08489583333333334 0.06666666666666667
0 0.5830729166666667 0.9 0.08697916666666666 0.06851851851851852
0 0.359375 0.8939814814814815 0.08020833333333334 0.07314814814814814
0 0.7830729166666667 0.8606481481481482 0.06510416666666667 0.06759259259259259
0 0.19869791666666667 0.787962962962963 0.05260416666666667 0.11851851851851852
0 0.6809895833333334 0.8819444444444444 0.07760416666666667 0.06944444444444445
0 0.93125 0.23657407407407408 0.022916666666666665 0.030555555555555555
0 0.8541666666666666 0.8412037037037037 0.052083333333333336 0.06388888888888888
0 0.23932291666666666 0.5425925925925926 0.0296875 0.1111111111111111
0 0.34765625 0.11944444444444445 0.019270833333333334 0.05185185185185185
0 0.12395833333333334 0.49953703703703706 0.027083333333333334 0.08796296296296297
0 0.23984375 0.1925925925925926 0.0203125 0.04814814814814815
0 0.30911458333333336 0.17731481481481481 0.0203125 0.04537037037037037
0 0.05755208333333333 0.3101851851851852 0.03177083333333333 0.04259259259259259
0 0.21692708333333333 0.20092592592592592 0.0203125 0.044444444444444446
0 0.6109375 0.11435185185185186 0.03958333333333333 0.03981481481481482
0 0.16666666666666666 0.5046296296296297 0.029166666666666667 0.08518518518518518
0 0.21796875 0.11805555555555555 0.03177083333333333 0.04351851851851852
0 0.5088541666666667 0.1111111111111111 0.04583333333333333 0.037037037037037035
0 0.02734375 0.2810185185185185 0.021354166666666667 0.03981481481481482
0 0.45729166666666665 0.11018518518518519 0.035416666666666666 0.037037037037037035
0 0.5604166666666667 0.1125 0.03958333333333333 0.03611111111111111
0 0.0671875 0.8018518518518518 0.04479166666666667 0.05740740740740741
0 0.26015625 0.1912037037037037 0.019270833333333334 0.05277777777777778
0 0.9002604166666667 0.22592592592592592 0.027604166666666666 0.02962962962962963
0 0.27239583333333334 0.11064814814814815 0.035416666666666666 0.03425925925925926
0 0.9432291666666667 0.19305555555555556 0.020833333333333332 0.032407407407407406
0 0.8885416666666667 0.17314814814814813 0.026041666666666668 0.03148148148148148
0 0.14765625 0.2074074074074074 0.022395833333333334 0.05185185185185185
0 0.4200520833333333 0.11203703703703703 0.0203125 0.03333333333333333
0 0.9127604166666666 0.8217592592592593 0.0484375 0.062037037037037036
0 0.12838541666666667 0.20694444444444443 0.018229166666666668 0.05092592592592592
0 0.36796875 0.11805555555555555 0.018229166666666668 0.041666666666666664
0 0.12135416666666667 0.837037037037037 0.058333333333333334 0.07037037037037037
0 0.85 0.6370370370370371 0.041666666666666664 0.09259259259259259
0 0.0921875 0.5078703703703704 0.020833333333333332 0.06759259259259259
0 0.32317708333333334 0.13240740740740742 0.019270833333333334 0.044444444444444446
0 0.50390625 0.4083333333333333 0.09114583333333333 0.07777777777777778
0 0.9174479166666667 0.18009259259259258 0.019270833333333334 0.03425925925925926
0 0.8598958333333333 0.2152777777777778 0.03229166666666667 0.03611111111111111
0 0.78671875 0.14212962962962963 0.0296875 0.03796296296296296
0 0.08515625 0.26805555555555555 0.030729166666666665 0.041666666666666664
0 0.8567708333333334 0.16018518518518518 0.026041666666666668 0.03148148148148148
0 0.95546875 0.24259259259259258 0.0171875 0.03148148148148148
0 0.8197916666666667 0.20462962962962963 0.03229166666666667 0.03518518518518519
0 0.39947916666666666 0.1125 0.023958333333333335 0.03425925925925926
0 0.042708333333333334 0.5046296296296297 0.014583333333333334 0.07037037037037037
0 0.9783854166666667 0.2518518518518518 0.016145833333333335 0.03148148148148148
0 0.00703125 0.2902777777777778 0.0140625 0.03981481481481482
0 0.109375 0.21388888888888888 0.017708333333333333 0.05
0 0.6515625 0.11944444444444445 0.026041666666666668 0.03888888888888889
0 0.00703125 0.5018518518518519 0.0140625 0.07037037037037037
0 0.06171875 0.5 0.0171875 0.07407407407407407
0 0.8216145833333334 0.5365740740740741 0.025520833333333333 0.05277777777777778
0 0.9682291666666667 0.2013888888888889 0.019791666666666666 0.03425925925925926
0 0.8309895833333333 0.15601851851851853 0.021354166666666667 0.030555555555555555
0 0.7049479166666667 0.1287037037037037 0.0296875 0.02962962962962963
0 0.69765625 0.12685185185185185 0.021354166666666667 0.03148148148148148
0 0.7364583333333333 0.13148148148148148 0.019791666666666666 0.03518518518518519
