0 0.336328125 0.5944444444444444 0.08203125 0.14444444444444443
0 0.545703125 0.5715277777777777 0.05234375 0.1597222222222222
0 0.417578125 0.8756944444444444 0.12109375 0.09027777777777778
0 0.7890625 0.7319444444444444 0.090625 0.09722222222222222
0 0.3125 0.7520833333333333 0.1109375 0.09305555555555556
0 0.427734375 0.5826388888888889 0.03984375 0.14305555555555555
0 0.45859375 0.07013888888888889 0.0421875 0.0625
0 0.2359375 0.12222222222222222 0.0375 0.05555555555555555
0 0.562890625 0.8590277777777777 0.10859375 0.09583333333333334
0 0.275 0.11041666666666666 0.0390625 0.05694444444444444
0 0.42265625 0.07569444444444444 0.0359375 0.059722222222222225
0 0.314453125 0.10555555555555556 0.03515625 0.05
0 0.350390625 0.08541666666666667 0.04296875 0.06527777777777778
0 0.38828125 0.08263888888888889 0.0359375 0.05138888888888889
0 0.8921875 0.7708333333333334 0.05625 0.08888888888888889
