0 0.7161458333333334 0.8773148148148148 0.07395833333333333 0.06944444444444445
0 0.6322916666666667 0.8902777777777777 0.07291666666666667 0.06759259259259259
0 0.79609375 0.8587962962962963 0.0703125 0.06574074074074074
0 0.06796875 0.8050925925925926 0.04739583333333333 0.06388888888888888
0 0.5065104166666666 0.9009259259259259 0.08489583333333334 0.06481481481481481
0 0.9255208333333333 0.8101851851851852 0.065625 0.08518518518518518
0 0.12265625 0.8375 0.0578125 0.06944444444444445
0 0.96015625 0.2439814814814815 0.021354166666666667 0.03425925925925926
0 0.9299479166666667 0.2375 0.022395833333333334 0.03425925925925926
0 0.23645833333333333 0.5597222222222222 0.03125 0.11018518518518519
0 0.8666666666666667 0.8388888888888889 0.05520833333333333 0.06481481481481481
0 0.50859375 0.10462962962962963 0.0390625 0.044444444444444446
0 0.3223958333333333 0.887962962962963 0.07604166666666666 0.07592592592592592
0 0.24348958333333334 0.1884259259259259 0.0203125 0.058333333333333334
0 0.7096354166666666 0.12546296296296297 0.034895833333333334 0.041666666666666664
0 0.9838541666666667 0.2537037037037037 0.020833333333333332 0.02962962962962963
0 0.5567708333333333 0.10555555555555556 0.041666666666666664 0.046296296296296294
0 0.1671875 0.25416666666666665 0.035416666666666666 0.041666666666666664
0 0.6091145833333333 0.1175925925925926 0.0390625 0.040740740740740744
0 0.45598958333333334 0.10925925925925926 0.049479166666666664 0.037037037037037035
0 0.05416666666666667 0.2759259259259259 0.028125 0.046296296296296294
0 0.82421875 0.15046296296296297 0.025520833333333333 0.03425925925925926
0 0.7515625 0.13240740740740742 0.03333333333333333 0.037037037037037035
0 0.34296875 0.12129629629629629 0.019270833333333334 0.046296296296296294
0 0.20546875 0.7694444444444445 0.034895833333333334 0.11481481481481481
0 0.08932291666666667 0.2675925925925926 0.028645833333333332 0.03888888888888889
0 0.88984375 0.17083333333333334 0.0203125 0.03425925925925926
0 0.09375 0.4976851851851852 0.026041666666666668 0.08796296296296297
0 0.36770833333333336 0.12037037037037036 0.020833333333333332 0.053703703703703705
0 0.6604166666666667 0.11898148148148148 0.041666666666666664 0.03981481481481482
0 0.14375 0.2050925925925926 0.023958333333333335 0.05277777777777778
0 0.8981770833333333 0.22546296296296298 0.027604166666666666 0.030555555555555555
0 0.915625 0.18287037037037038 0.019791666666666666 0.032407407407407406
0 0.8197916666666667 0.5361111111111111 0.021875 0.04814814814814815
0 0.36692708333333335 0.899074074074074 0.15572916666666667 0.07407407407407407
0 0.023958333333333335 0.2865740740740741 0.021875 0.041666666666666664
0 0.9411458333333333 0.1912037037037037 0.01875 0.030555555555555555
0 0.06276041666666667 0.5009259259259259 0.024479166666666666 0.07777777777777778
0 0.12473958333333333 0.2064814814814815 0.0171875 0.05185185185185185
0 0.042708333333333334 0.5097222222222222 0.017708333333333333 0.08611111111111111
0 0.3921875 0.11157407407407408 0.016666666666666666 0.03611111111111111
0 0.00625 0.5027777777777778 0.0125 0.07407407407407407
0 0.80625 0.19490740740740742 0.03229166666666667 0.04537037037037037
0 0.00625 0.29259259259259257 0.0125 0.040740740740740744
0 0.21614583333333334 0.19814814814814816 0.01875 0.046296296296296294
0 0.31692708333333336 0.1550925925925926 0.03697916666666667 0.041666666666666664
0 0.42135416666666664 0.11018518518518519 0.016666666666666666 0.03518518518518519
0 0.7966145833333333 0.14444444444444443 0.0234375 0.03333333333333333
0 0.08177083333333333 0.2222222222222222 0.01875 0.05185185185185185
0 0.9651041666666667 0.2 0.01875 0.03148148148148148
0 0.40989583333333335 0.11064814814814815 0.023958333333333335 0.03425925925925926
