0 0.35885416666666664 0.8967592592592593 0.07916666666666666 0.07314814814814814
0 0.6802083333333333 0.887962962962963 0.08125 0.07222222222222222
0 0.06875 0.8074074074074075 0.04583333333333333 0.06481481481481481
0 0.7859375 0.8629629629629629 0.06979166666666667 0.06851851851851852
0 0.12578125 0.8425925925925926 0.06822916666666666 0.07407407407407407
0 0.93125 0.23935185185185184 0.022916666666666665 0.03425925925925926
0 0.19869791666666667 0.7870370370370371 0.0515625 0.11851851851851852
0 0.5755208333333334 0.9023148148148148 0.084375 0.0712962962962963
0 0.290625 0.8430555555555556 0.04791666666666667 0.09537037037037037
0 0.9567708333333333 0.24722222222222223 0.022916666666666665 0.03333333333333333
0 0.05286458333333333 0.27870370370370373 0.024479166666666666 0.040740740740740744
0 0.2390625 0.5462962962962963 0.029166666666666667 0.10740740740740741
0 0.4518229166666667 0.9087962962962963 0.1109375 0.07314814814814814
0 0.8557291666666667 0.8430555555555556 0.053125 0.062037037037037036
0 0.9098958333333333 0.8226851851851852 0.04479166666666667 0.06388888888888888
0 0.12265625 0.4981481481481482 0.025520833333333333 0.08888888888888889
0 0.34661458333333334 0.12268518518518519 0.0203125 0.049074074074074076
0 0.23932291666666666 0.18888888888888888 0.022395833333333334 0.05555555555555555
0 0.11145833333333334 0.3037037037037037 0.036458333333333336 0.05
0 0.16328125 0.26666666666666666 0.0328125 0.037037037037037035
0 0.746875 0.13240740740740742 0.036458333333333336 0.044444444444444446
0 0.35963541666666665 0.3976851851851852 0.0640625 0.05277777777777778
0 0.21692708333333333 0.12407407407407407 0.030729166666666665 0.037037037037037035
0 0.9807291666666667 0.2537037037037037 0.021875 0.03518518518518519
0 0.9690104166666667 0.20462962962962963 0.022395833333333334 0.03518518518518519
0 0.09401041666666667 0.5087962962962963 0.024479166666666666 0.06944444444444445
0 0.009635416666666667 0.35833333333333334 0.019270833333333334 0.046296296296296294
0 0.8583333333333333 0.1648148148148148 0.021875 0.03518518518518519
0 0.16692708333333334 0.5037037037037037 0.028645833333333332 0.08333333333333333
0 0.7106770833333333 0.13148148148148148 0.030729166666666665 0.037037037037037035
0 0.028645833333333332 0.28564814814814815 0.019791666666666666 0.04351851851851852
0 0.9192708333333334 0.18425925925925926 0.020833333333333332 0.037037037037037035
0 0.2604166666666667 0.19027777777777777 0.01875 0.05648148148148148
0 0.41432291666666665 0.11342592592592593 0.028645833333333332 0.03611111111111111
0 0.7861979166666667 0.14351851851851852 0.028645833333333332 0.040740740740740744
0 0.5151041666666667 0.11203703703703703 0.042708333333333334 0.03888888888888889
0 0.6111979166666667 0.1162037037037037 0.0359375 0.041666666666666664
0 0.30833333333333335 0.17824074074074073 0.022916666666666665 0.049074074074074076
0 0.36744791666666665 0.12314814814814815 0.019270833333333334 0.053703703703703705
0 0.3229166666666667 0.13333333333333333 0.016666666666666666 0.040740740740740744
0 0.8927083333333333 0.17546296296296296 0.025 0.030555555555555555
0 0.8184895833333333 0.2074074074074074 0.03177083333333333 0.03888888888888889
0 0.825 0.15462962962962962 0.019791666666666666 0.03333333333333333
0 0.007552083333333333 0.5027777777777778 0.015104166666666667 0.07777777777777778
0 0.19635416666666666 0.18194444444444444 0.03229166666666667 0.05648148148148148
0 0.8981770833333333 0.22870370370370371 0.028645833333333332 0.03148148148148148
0 0.0640625 0.5027777777777778 0.01875 0.07592592592592592
0 0.026822916666666665 0.5046296296296297 0.0171875 0.07222222222222222
0 0.6583333333333333 0.12268518518518519 0.03333333333333333 0.03611111111111111
0 0.0067708333333333336 0.29305555555555557 0.013541666666666667 0.03981481481481482
0 0.8822916666666667 0.17453703703703705 0.01875 0.028703703703703703
0 0.14713541666666666 0.20972222222222223 0.025520833333333333 0.05092592592592592
0 0.04375 0.5069444444444444 0.016666666666666666 0.0824074074074074
0 0.8635416666666667 0.2199074074074074 0.022916666666666665 0.032407407407407406
0 0.2734375 0.11388888888888889 0.028125 0.03148148148148148
0 0.22005208333333334 0.19444444444444445 0.021354166666666667 0.05740740740740741
0 0.06432291666666666 0.2337962962962963 0.016145833333333335 0.03981481481481482
0 0.84921875 0.2125 0.0203125 0.03796296296296296
