0 0.546875 0.5645833333333333 0.05 0.16527777777777777
0 0.3359375 0.59375 0.0828125 0.14583333333333334
0 0.484375 0.5791666666666667 0.046875 0.15555555555555556
0 0.351171875 0.8548611111111111 0.12890625 0.11805555555555555
0 0.312890625 0.7520833333333333 0.11015625 0.09027777777777778
0 0.5625 0.8583333333333333 0.109375 0.09444444444444444
0 0.42734375 0.5798611111111112 0.0421875 0.14305555555555555
0 0.4265625 0.07430555555555556 0.04375 0.0625
0 0.348046875 0.08333333333333333 0.04140625 0.06944444444444445
0 0.896875 0.775 0.059375 0.1
0 0.234765625 0.12152777777777778 0.03828125 0.05694444444444444
0 0.38828125 0.08055555555555556 0.0359375 0.05555555555555555
0 0.278515625 0.10972222222222222 0.03828125 0.05277777777777778
0 0.515625 0.05763888888888889 0.0484375 0.0625
0 0.314453125 0.10208333333333333 0.03515625 0.05416666666666667
