0 0.351171875 0.8486111111111111 0.12734375 0.11388888888888889
0 0.546484375 0.5645833333333333 0.04453125 0.17083333333333334
0 0.312109375 0.7479166666666667 0.10859375 0.09027777777777778
0 0.5890625 0.8569444444444444 0.10625 0.09444444444444444
0 0.428125 0.58125 0.040625 0.14027777777777778
0 0.4828125 0.5833333333333334 0.0453125 0.15555555555555556
0 0.426953125 0.07361111111111111 0.04296875 0.06111111111111111
0 0.323828125 0.5958333333333333 0.09609375 0.14722222222222223
0 0.348046875 0.08541666666666667 0.04296875 0.06805555555555555
0 0.38828125 0.08125 0.0375 0.05694444444444444
0 0.2359375 0.12152777777777778 0.0390625 0.059722222222222225
0 0.315625 0.10208333333333333 0.034375 0.05138888888888889
0 0.277734375 0.11180555555555556 0.03828125 0.05416666666666667
0 0.895703125 0.7701388888888889 0.05234375 0.08472222222222223
0 0.887109375 0.17430555555555555 0.03203125 0.04861111111111111
