0 0.335546875 0.5944444444444444 0.08203125 0.14166666666666666
0 0.31328125 0.7548611111111111 0.1109375 0.09027777777777778
0 0.42734375 0.58125 0.0421875 0.14027777777777778
0 0.5453125 0.5715277777777777 0.0515625 0.15416666666666667
0 0.423046875 0.075 0.03828125 0.06388888888888888
0 0.5625 0.8645833333333334 0.109375 0.10694444444444444
0 0.350390625 0.08194444444444444 0.04296875 0.075
0 0.315625 0.10069444444444445 0.0390625 0.059722222222222225
0 0.2765625 0.11458333333333333 0.0328125 0.05138888888888889
0 0.3890625 0.08125 0.0390625 0.05694444444444444
0 0.233984375 0.12569444444444444 0.03984375 0.05694444444444444
0 0.89140625 0.7763888888888889 0.0578125 0.09444444444444444
