0 0.336328125 0.5944444444444444 0.08203125 0.14444444444444443
0 0.54609375 0.5715277777777777 0.05 0.1597222222222222
0 0.4171875 0.8763888888888889 0.121875 0.08888888888888889
0 0.31328125 0.7534722222222222 0.1125 0.09305555555555556
0 0.562109375 0.8590277777777777 0.11015625 0.09583333333333334
0 0.893359375 0.7729166666666667 0.05703125 0.09027777777777778
0 0.458203125 0.06875 0.04140625 0.0625
0 0.2359375 0.12152777777777778 0.0375 0.05694444444444444
0 0.42734375 0.5826388888888889 0.040625 0.14305555555555555
0 0.275 0.11041666666666666 0.0390625 0.05694444444444444
0 0.42265625 0.0763888888888889 0.0359375 0.06111111111111111
0 0.350390625 0.08402777777777778 0.04296875 0.06805555555555555
0 0.388671875 0.08194444444444444 0.03671875 0.05277777777777778
0 0.3140625 0.10277777777777777 0.0359375 0.05555555555555555
