0 0.38125 0.8981481481481481 0.08125 0.06851851851851852
0 0.6807291666666667 0.8861111111111111 0.07604166666666666 0.06666666666666667
0 0.12083333333333333 0.8398148148148148 0.06145833333333333 0.06481481481481481
0 0.19895833333333332 0.7912037037037037 0.051041666666666666 0.11944444444444445
0 0.5604166666666667 0.9013888888888889 0.08333333333333333 0.06574074074074074
0 0.7830729166666667 0.862037037037037 0.0640625 0.06666666666666667
0 0.06822916666666666 0.8064814814814815 0.046875 0.05925925925925926
0 0.8549479166666667 0.8430555555555556 0.0515625 0.062037037037037036
0 0.15989583333333332 0.5023148148148148 0.028125 0.08796296296296297
0 0.93125 0.23703703703703705 0.023958333333333335 0.03518518518518519
0 0.18177083333333333 0.20092592592592592 0.029166666666666667 0.05555555555555555
0 0.30911458333333336 0.17962962962962964 0.0203125 0.046296296296296294
0 0.24192708333333332 0.19305555555555556 0.0234375 0.06018518518518518
0 0.1234375 0.5 0.027083333333333334 0.09074074074074075
0 0.12213541666666666 0.26805555555555555 0.03177083333333333 0.03425925925925926
0 0.56015625 0.11388888888888889 0.0390625 0.037037037037037035
0 0.09270833333333334 0.5087962962962963 0.019791666666666666 0.06944444444444445
0 0.08723958333333333 0.2689814814814815 0.0296875 0.04351851851851852
0 0.14635416666666667 0.20555555555555555 0.022916666666666665 0.05185185185185185
0 0.9091145833333333 0.8212962962962963 0.0453125 0.06111111111111111
0 0.05416666666666667 0.2773148148148148 0.028125 0.03981481481481482
0 0.32265625 0.13425925925925927 0.021354166666666667 0.044444444444444446
0 0.4515625 0.11296296296296296 0.04791666666666667 0.040740740740740744
0 0.8997395833333334 0.22592592592592592 0.0265625 0.03148148148148148
0 0.8231770833333333 0.15185185185185185 0.021354166666666667 0.03148148148148148
0 0.5096354166666667 0.10972222222222222 0.0421875 0.03981481481481482
0 0.98359375 0.25046296296296294 0.022395833333333334 0.03425925925925926
0 0.34921875 0.11990740740740741 0.018229166666666668 0.05092592592592592
0 0.21640625 0.2023148148148148 0.0203125 0.04537037037037037
0 0.026302083333333334 0.287962962962963 0.022395833333333334 0.03518518518518519
0 0.7033854166666667 0.1287037037037037 0.03177083333333333 0.03333333333333333
0 0.6072916666666667 0.11851851851851852 0.036458333333333336 0.03888888888888889
0 0.6578125 0.12083333333333333 0.0375 0.041666666666666664
0 0.9463541666666667 0.1935185185185185 0.025 0.03333333333333333
0 0.12604166666666666 0.21157407407407408 0.01875 0.04351851851851852
0 0.86328125 0.16805555555555557 0.024479166666666666 0.032407407407407406
0 0.04088541666666667 0.5050925925925925 0.0171875 0.06944444444444445
0 0.91875 0.1837962962962963 0.020833333333333332 0.030555555555555555
0 0.36875 0.12129629629629629 0.01875 0.044444444444444446
0 0.9609375 0.24814814814814815 0.023958333333333335 0.02962962962962963
0 0.8216145833333334 0.537962962962963 0.024479166666666666 0.04814814814814815
0 0.06197916666666667 0.5046296296296297 0.017708333333333333 0.07962962962962963
0 0.89296875 0.17453703703703705 0.022395833333333334 0.030555555555555555
0 0.8502604166666666 0.21296296296296297 0.0203125 0.03518518518518519
0 0.7924479166666667 0.14722222222222223 0.030729166666666665 0.03333333333333333
0 0.005989583333333334 0.29212962962962963 0.011979166666666667 0.03981481481481482
0 0.7466145833333333 0.13425925925925927 0.0359375 0.037037037037037035
0 0.2375 0.5824074074074074 0.03229166666666667 0.0962962962962963
0 0.00625 0.5027777777777778 0.0125 0.07407407407407407
0 0.8614583333333333 0.21805555555555556 0.028125 0.030555555555555555
0 0.08255208333333333 0.2263888888888889 0.021354166666666667 0.04537037037037037
0 0.8854166666666666 0.17314814814814813 0.017708333333333333 0.02962962962962963
0 0.8544270833333333 0.21342592592592594 0.028645833333333332 0.03425925925925926
0 0.8130208333333333 0.20416666666666666 0.035416666666666666 0.03611111111111111
0 0.0328125 0.21157407407407408 0.020833333333333332 0.03611111111111111
