0 0.35885416666666664 0.8958333333333334 0.07708333333333334 0.0712962962962963
0 0.19921875 0.7893518518518519 0.0515625 0.11944444444444445
0 0.06901041666666667 0.8055555555555556 0.04739583333333333 0.05925925925925926
0 0.45807291666666666 0.9055555555555556 0.0859375 0.07037037037037037
0 0.5838541666666667 0.9 0.0875 0.06851851851851852
0 0.7833333333333333 0.861574074074074 0.06458333333333334 0.06574074074074074
0 0.6809895833333334 0.8833333333333333 0.0765625 0.06851851851851852
0 0.8546875 0.8412037037037037 0.052083333333333336 0.06388888888888888
0 0.2390625 0.5453703703703704 0.029166666666666667 0.10740740740740741
0 0.9309895833333334 0.23657407407407408 0.0234375 0.032407407407407406
0 0.05286458333333333 0.27824074074074073 0.022395833333333334 0.03796296296296296
0 0.027864583333333335 0.2847222222222222 0.0234375 0.041666666666666664
0 0.34739583333333335 0.11990740740740741 0.01875 0.05092592592592592
0 0.309375 0.17962962962962964 0.020833333333333332 0.046296296296296294
0 0.12395833333333334 0.5009259259259259 0.027083333333333334 0.09074074074074075
0 0.9138020833333333 0.8222222222222222 0.050520833333333334 0.06481481481481481
0 0.23984375 0.19398148148148148 0.019270833333333334 0.04722222222222222
0 0.27057291666666666 0.11481481481481481 0.034895833333333334 0.03148148148148148
0 0.45677083333333335 0.11157407407407408 0.0375 0.03796296296296296
0 0.21822916666666667 0.12129629629629629 0.03229166666666667 0.040740740740740744
0 0.16744791666666667 0.5055555555555555 0.027604166666666666 0.08333333333333333
0 0.41953125 0.11296296296296296 0.0203125 0.03148148148148148
0 0.2604166666666667 0.1935185185185185 0.01875 0.05
0 0.3234375 0.13287037037037036 0.020833333333333332 0.04351851851851852
0 0.09296875 0.5106481481481482 0.019270833333333334 0.06759259259259259
0 0.89921875 0.22685185185185186 0.027604166666666666 0.03148148148148148
0 0.9557291666666666 0.2439814814814815 0.01875 0.030555555555555555
0 0.159375 0.20462962962962963 0.020833333333333332 0.053703703703703705
0 0.084375 0.26990740740740743 0.030208333333333334 0.03981481481481482
0 0.8213541666666667 0.537962962962963 0.025 0.05
0 0.78671875 0.14351851851851852 0.0296875 0.03888888888888889
0 0.50859375 0.1125 0.04739583333333333 0.03981481481481482
0 0.9174479166666667 0.18101851851851852 0.019270833333333334 0.03425925925925926
0 0.85 0.6375 0.040625 0.09166666666666666
0 0.19791666666666666 0.20092592592592592 0.021875 0.05
0 0.5611979166666666 0.11388888888888889 0.03802083333333333 0.037037037037037035
0 0.10859375 0.21388888888888888 0.0171875 0.05
0 0.17942708333333332 0.20046296296296295 0.019270833333333334 0.05277777777777778
0 0.21848958333333332 0.20046296296296295 0.019270833333333334 0.04722222222222222
0 0.6119791666666666 0.11527777777777778 0.036458333333333336 0.03981481481481482
0 0.9416666666666667 0.1925925925925926 0.020833333333333332 0.03333333333333333
0 0.12734375 0.20833333333333334 0.018229166666666668 0.05
0 0.8604166666666667 0.21574074074074073 0.03125 0.03518518518518519
0 0.36822916666666666 0.12129629629629629 0.01875 0.044444444444444446
0 0.9791666666666666 0.2513888888888889 0.016666666666666666 0.032407407407407406
0 0.8919270833333334 0.17407407407407408 0.0234375 0.03148148148148148
0 0.8192708333333333 0.2050925925925926 0.03333333333333333 0.03611111111111111
0 0.7088541666666667 0.1300925925925926 0.025 0.030555555555555555
0 0.14401041666666667 0.2074074074074074 0.016145833333333335 0.05185185185185185
0 0.6583333333333333 0.12314814814814815 0.036458333333333336 0.037037037037037035
0 0.8559895833333333 0.16111111111111112 0.025520833333333333 0.03148148148148148
0 0.39895833333333336 0.11388888888888889 0.026041666666666668 0.03518518518518519
0 0.821875 0.1537037037037037 0.017708333333333333 0.03148148148148148
0 0.9666666666666667 0.20046296296296295 0.020833333333333332 0.03611111111111111
0 0.00625 0.29212962962962963 0.0125 0.041666666666666664
0 0.006510416666666667 0.5018518518518519 0.013020833333333334 0.07222222222222222
0 0.06276041666666667 0.5027777777777778 0.0140625 0.07222222222222222
0 0.04244791666666667 0.5037037037037037 0.015104166666666667 0.07407407407407407
0 0.884375 0.17407407407407408 0.019791666666666666 0.02962962962962963
0 0.55546875 0.11481481481481481 0.028645833333333332 0.03518518518518519
0 0.0921875 0.22037037037037038 0.014583333333333334 0.046296296296296294
