0 0.9315104166666667 0.23981481481481481 0.024479166666666666 0.03333333333333333
0 0.68046875 0.8875 0.08072916666666667 0.07314814814814814
0 0.7856770833333333 0.8629629629629629 0.06927083333333334 0.06851851851851852
0 0.5760416666666667 0.9013888888888889 0.08333333333333333 0.0712962962962963
0 0.06848958333333334 0.8074074074074075 0.0453125 0.06481481481481481
0 0.3763020833333333 0.899074074074074 0.08385416666666666 0.07592592592592592
0 0.12239583333333333 0.8416666666666667 0.058333333333333334 0.07222222222222222
0 0.4786458333333333 0.9050925925925926 0.084375 0.075
0 0.19869791666666667 0.7893518518518519 0.05260416666666667 0.11574074074074074
0 0.45989583333333334 0.11157407407407408 0.04479166666666667 0.041666666666666664
0 0.9106770833333333 0.8226851851851852 0.043229166666666666 0.062037037037037036
0 0.9580729166666667 0.2462962962962963 0.0234375 0.03333333333333333
0 0.18203125 0.2537037037037037 0.0421875 0.04259259259259259
0 0.23984375 0.5458333333333333 0.028645833333333332 0.10648148148148148
0 0.8557291666666667 0.8421296296296297 0.053125 0.062037037037037036
0 0.05182291666666667 0.2777777777777778 0.0234375 0.04259259259259259
0 0.9440104166666666 0.1962962962962963 0.021354166666666667 0.02962962962962963
0 0.21848958333333332 0.20092592592592592 0.0234375 0.046296296296296294
0 0.027604166666666666 0.2851851851851852 0.021875 0.046296296296296294
0 0.14244791666666667 0.20694444444444443 0.0203125 0.049074074074074076
0 0.8986979166666667 0.22777777777777777 0.0296875 0.03333333333333333
0 0.34661458333333334 0.12407407407407407 0.021354166666666667 0.05
0 0.30963541666666666 0.17037037037037037 0.0203125 0.05555555555555555
0 0.98125 0.25277777777777777 0.020833333333333332 0.03518518518518519
0 0.8916666666666667 0.17453703703703705 0.023958333333333335 0.030555555555555555
0 0.16276041666666666 0.20185185185185187 0.0234375 0.05555555555555555
0 0.7875 0.1439814814814815 0.03125 0.03796296296296296
0 0.8263020833333333 0.1550925925925926 0.022395833333333334 0.03425925925925926
0 0.7481770833333333 0.13240740740740742 0.03802083333333333 0.04259259259259259
0 0.8565104166666667 0.1638888888888889 0.025520833333333333 0.03333333333333333
0 0.5143229166666666 0.1125 0.043229166666666666 0.03796296296296296
0 0.41822916666666665 0.1125 0.020833333333333332 0.03425925925925926
0 0.09505208333333333 0.5064814814814815 0.024479166666666666 0.07222222222222222
0 0.36796875 0.12268518518518519 0.019270833333333334 0.05462962962962963
0 0.16796875 0.5046296296296297 0.025520833333333333 0.08518518518518518
0 0.08854166666666667 0.26944444444444443 0.030208333333333334 0.04259259259259259
0 0.9721354166666667 0.20555555555555555 0.019270833333333334 0.03333333333333333
0 0.12265625 0.21435185185185185 0.019270833333333334 0.049074074074074076
0 0.26875 0.11574074074074074 0.036458333333333336 0.03148148148148148
0 0.8114583333333333 0.20601851851851852 0.026041666666666668 0.041666666666666664
0 0.06484375 0.5023148148148148 0.018229166666666668 0.0787037037037037
0 0.8213541666666667 0.5370370370370371 0.022916666666666665 0.04814814814814815
0 0.00703125 0.29259259259259257 0.0140625 0.04259259259259259
0 0.007552083333333333 0.5041666666666667 0.015104166666666667 0.08055555555555556
0 0.12369791666666667 0.2675925925925926 0.027604166666666666 0.03518518518518519
0 0.044270833333333336 0.5101851851851852 0.015625 0.08703703703703704
0 0.027083333333333334 0.5060185185185185 0.016666666666666666 0.0712962962962963
0 0.69921875 0.12777777777777777 0.0421875 0.03888888888888889
0 0.0671875 0.23333333333333334 0.021875 0.04259259259259259
0 0.61015625 0.11574074074074074 0.03697916666666667 0.03888888888888889
0 0.8307291666666666 0.21157407407407408 0.015625 0.041666666666666664
0 0.403125 0.11296296296296296 0.022916666666666665 0.03518518518518519
