0 0.337109375 0.6 0.08203125 0.15
0 0.546875 0.5770833333333333 0.05 0.1625
0 0.4875 0.5888888888888889 0.0609375 0.14722222222222223
0 0.428125 0.5895833333333333 0.040625 0.14305555555555555
0 0.31328125 0.7618055555555555 0.1109375 0.08472222222222223
0 0.89609375 0.7784722222222222 0.0625 0.10138888888888889
0 0.352734375 0.08819444444444445 0.04140625 0.06527777777777778
0 0.5625 0.8729166666666667 0.109375 0.10416666666666667
0 0.276953125 0.11180555555555556 0.03984375 0.05694444444444444
0 0.23828125 0.12708333333333333 0.0375 0.05416666666666667
0 0.41953125 0.08055555555555556 0.0359375 0.058333333333333334
0 0.38984375 0.08541666666666667 0.034375 0.05138888888888889
0 0.316796875 0.10902777777777778 0.03515625 0.04861111111111111
0 0.44921875 0.07569444444444444 0.040625 0.05138888888888889
0 0.487890625 0.07569444444444444 0.04609375 0.05138888888888889
0 0.875 0.1701388888888889 0.034375 0.04861111111111111
