0 0.46796875 0.94375 0.046875 0.07361111111111111
0 0.439453125 0.6847222222222222 0.03671875 0.05
0 0.2875 0.8715277777777778 0.0453125 0.059722222222222225
0 0.44609375 0.9243055555555556 0.04375 0.06805555555555555
0 0.40859375 0.8861111111111111 0.04375 0.06388888888888888
0 0.422265625 0.8986111111111111 0.05703125 0.07222222222222222
0 0.343359375 0.9319444444444445 0.04453125 0.075
0 0.493359375 0.6805555555555556 0.03203125 0.05
0 0.49140625 0.9666666666666667 0.0453125 0.06666666666666667
0 0.475 0.6326388888888889 0.0296875 0.04583333333333333
0 0.425390625 0.5965277777777778 0.04296875 0.05138888888888889
0 0.277734375 0.6729166666666667 0.03515625 0.04861111111111111
