0 0.3375 0.8921296296296296 0.075 0.0787037037037037
0 0.4354166666666667 0.9055555555555556 0.06875 0.07037037037037037
0 0.63203125 0.8916666666666667 0.0703125 0.07037037037037037
0 0.48541666666666666 0.6407407407407407 0.096875 0.09074074074074075
0 0.24270833333333333 0.18888888888888888 0.020833333333333332 0.05740740740740741
0 0.23177083333333334 0.5939814814814814 0.03229166666666667 0.10462962962962963
0 0.23776041666666667 0.4888888888888889 0.0296875 0.08703703703703704
0 0.9580729166666667 0.24814814814814815 0.022395833333333334 0.03148148148148148
0 0.03046875 0.28425925925925927 0.0234375 0.03888888888888889
0 0.2625 0.19074074074074074 0.020833333333333332 0.04814814814814815
0 0.30833333333333335 0.17592592592592593 0.021875 0.05
0 0.05572916666666667 0.8018518518518518 0.04375 0.06296296296296296
0 0.08828125 0.2689814814814815 0.0265625 0.03796296296296296
0 0.12083333333333333 0.2671296296296296 0.030208333333333334 0.03796296296296296
0 0.4627604166666667 0.1125 0.03697916666666667 0.041666666666666664
0 0.34401041666666665 0.11574074074074074 0.019270833333333334 0.06111111111111111
0 0.6049479166666667 0.11574074074074074 0.0390625 0.046296296296296294
0 0.32135416666666666 0.1310185185185185 0.01875 0.04351851851851852
0 0.16614583333333333 0.5060185185185185 0.020833333333333332 0.08425925925925926
0 0.92890625 0.8152777777777778 0.0421875 0.062037037037037036
0 0.92890625 0.23842592592592593 0.024479166666666666 0.030555555555555555
0 0.9830729166666666 0.2513888888888889 0.024479166666666666 0.03981481481481482
0 0.02734375 0.21388888888888888 0.022395833333333334 0.03333333333333333
0 0.8734375 0.8412037037037037 0.06770833333333333 0.06944444444444445
0 0.0078125 0.2902777777777778 0.015625 0.041666666666666664
0 0.40677083333333336 0.11435185185185186 0.028125 0.03796296296296296
0 0.75 0.13703703703703704 0.0375 0.05
0 0.55546875 0.10787037037037037 0.03697916666666667 0.05092592592592592
0 0.7908854166666667 0.1476851851851852 0.0328125 0.03981481481481482
0 0.8966145833333333 0.22777777777777777 0.024479166666666666 0.02962962962962963
0 0.50859375 0.11435185185185186 0.04114583333333333 0.04537037037037037
0 0.8645833333333334 0.2162037037037037 0.01875 0.032407407407407406
0 0.17708333333333334 0.19907407407407407 0.017708333333333333 0.05
0 0.19453125 0.2 0.019270833333333334 0.04814814814814815
0 0.41848958333333336 0.11435185185185186 0.015104166666666667 0.03796296296296296
0 0.15885416666666666 0.20462962962962963 0.016666666666666666 0.046296296296296294
0 0.21692708333333333 0.19907407407407407 0.0171875 0.046296296296296294
0 0.8841145833333334 0.17777777777777778 0.0234375 0.02962962962962963
0 0.8234375 0.15601851851851853 0.027083333333333334 0.03611111111111111
0 0.14166666666666666 0.20833333333333334 0.015625 0.046296296296296294
0 0.9330729166666667 0.1962962962962963 0.015104166666666667 0.027777777777777776
0 0.8875 0.1787037037037037 0.025 0.02962962962962963
0 0.6513020833333333 0.12037037037037036 0.028645833333333332 0.04259259259259259
0 0.22786458333333334 0.12268518518518519 0.024479166666666666 0.032407407407407406
0 0.27838541666666666 0.1175925925925926 0.025520833333333333 0.02962962962962963
0 0.9627604166666667 0.20324074074074075 0.018229166666666668 0.03425925925925926
0 0.5625 0.11203703703703703 0.029166666666666667 0.044444444444444446
0 0.9421875 0.19722222222222222 0.016666666666666666 0.02962962962962963
0 0.23385416666666667 0.12129629629629629 0.03229166666666667 0.02962962962962963
0 0.1296875 0.2101851851851852 0.013541666666666667 0.046296296296296294
0 0.6661458333333333 0.12453703703703704 0.027083333333333334 0.03981481481481482
0 0.19401041666666666 0.1287037037037037 0.016145833333333335 0.037037037037037035
0 0.85703125 0.16296296296296298 0.0265625 0.03888888888888889
0 0.0049479166666666664 0.5023148148148148 0.009895833333333333 0.075
0 0.07708333333333334 0.22453703703703703 0.015625 0.04722222222222222
0 0.26796875 0.11851851851851852 0.028645833333333332 0.03148148148148148
