0 0.06875 0.8069444444444445 0.06354166666666666 0.09166666666666666
0 0.3375 0.8875 0.07395833333333333 0.075
0 0.63203125 0.8902777777777777 0.0734375 0.06944444444444445
0 0.7151041666666667 0.8796296296296297 0.07395833333333333 0.07037037037037037
0 0.4390625 0.9046296296296297 0.08541666666666667 0.06851851851851852
0 0.2 0.7819444444444444 0.04479166666666667 0.11944444444444445
0 0.5432291666666667 0.9004629629629629 0.08958333333333333 0.07685185185185185
0 0.93046875 0.23935185185185184 0.0234375 0.032407407407407406
0 0.8630208333333333 0.8402777777777778 0.06041666666666667 0.06759259259259259
0 0.15208333333333332 0.8523148148148149 0.07395833333333333 0.07685185185185185
0 0.23489583333333333 0.5699074074074074 0.03125 0.09351851851851851
0 0.1546875 0.9166666666666666 0.09375 0.10185185185185185
0 0.70859375 0.12777777777777777 0.03697916666666667 0.044444444444444446
0 0.23723958333333334 0.48657407407407405 0.028645833333333332 0.08055555555555556
0 0.309375 0.1736111111111111 0.020833333333333332 0.05462962962962963
0 0.34401041666666665 0.12037037037037036 0.019270833333333334 0.04259259259259259
0 0.8888020833333333 0.175 0.025520833333333333 0.03333333333333333
0 0.1234375 0.4949074074074074 0.023958333333333335 0.08796296296296297
0 0.24401041666666667 0.18611111111111112 0.0203125 0.05740740740740741
0 0.9591145833333333 0.24537037037037038 0.021354166666666667 0.03333333333333333
0 0.9216145833333333 0.8199074074074074 0.0421875 0.058333333333333334
0 0.32265625 0.12777777777777777 0.0171875 0.044444444444444446
0 0.03046875 0.2814814814814815 0.0234375 0.046296296296296294
0 0.090625 0.4981481481481482 0.021875 0.08333333333333333
0 0.05859375 0.274537037037037 0.027604166666666666 0.04351851851851852
0 0.6606770833333333 0.12037037037037036 0.0390625 0.044444444444444446
0 0.040364583333333336 0.5032407407407408 0.019270833333333334 0.0824074074074074
0 0.08723958333333333 0.2657407407407407 0.024479166666666666 0.040740740740740744
0 0.065625 0.5009259259259259 0.019791666666666666 0.07222222222222222
0 0.8591145833333333 0.16712962962962963 0.021354166666666667 0.03611111111111111
0 0.8981770833333333 0.22870370370370371 0.03177083333333333 0.03333333333333333
0 0.7552083333333334 0.1361111111111111 0.03854166666666667 0.03888888888888889
0 0.6130208333333333 0.11435185185185186 0.036458333333333336 0.04351851851851852
0 0.9408854166666667 0.19768518518518519 0.021354166666666667 0.028703703703703703
0 0.2203125 0.1912037037037037 0.021875 0.06018518518518518
0 0.007552083333333333 0.287962962962963 0.015104166666666667 0.046296296296296294
0 0.5567708333333333 0.10648148148148148 0.040625 0.05
0 0.46328125 0.10601851851851851 0.0453125 0.04351851851851852
0 0.16744791666666667 0.49953703703703706 0.024479166666666666 0.08611111111111111
0 0.92109375 0.3055555555555556 0.033854166666666664 0.03888888888888889
0 0.005989583333333334 0.5013888888888889 0.011979166666666667 0.07685185185185185
0 0.15572916666666667 0.2037037037037037 0.015625 0.046296296296296294
0 0.96328125 0.20185185185185187 0.019270833333333334 0.03148148148148148
0 0.98359375 0.2462962962962963 0.019270833333333334 0.040740740740740744
0 0.020052083333333335 0.5013888888888889 0.016145833333333335 0.0787037037037037
0 0.98984375 0.25 0.018229166666666668 0.044444444444444446
0 0.1390625 0.20601851851851852 0.014583333333333334 0.04351851851851852
0 0.1234375 0.21296296296296297 0.015625 0.046296296296296294
0 0.8145833333333333 0.2064814814814815 0.022916666666666665 0.03888888888888889
0 0.8252604166666667 0.15416666666666667 0.025520833333333333 0.030555555555555555
0 0.17864583333333334 0.19814814814814816 0.016666666666666666 0.053703703703703705
