0 0.3234375 0.5958333333333333 0.096875 0.14722222222222223
0 0.546484375 0.5680555555555555 0.04765625 0.16666666666666666
0 0.351171875 0.8534722222222222 0.12734375 0.1125
0 0.31328125 0.7506944444444444 0.109375 0.0875
0 0.588671875 0.8555555555555555 0.10703125 0.09444444444444444
0 0.483984375 0.5826388888888889 0.04453125 0.15416666666666667
0 0.428125 0.5798611111111112 0.0421875 0.14305555555555555
0 0.900390625 0.775 0.06328125 0.09722222222222222
0 0.235546875 0.12291666666666666 0.03828125 0.05694444444444444
0 0.348046875 0.08611111111111111 0.04140625 0.06388888888888888
0 0.38828125 0.08194444444444444 0.0359375 0.05555555555555555
0 0.277734375 0.11041666666666666 0.03828125 0.05416666666666667
0 0.3140625 0.10069444444444445 0.0359375 0.05416666666666667
0 0.42578125 0.07291666666666667 0.04375 0.059722222222222225
