0 0.6802083333333333 0.8870370370370371 0.08125 0.07407407407407407
0 0.93125 0.23935185185185184 0.022916666666666665 0.03425925925925926
0 0.7859375 0.8629629629629629 0.06979166666666667 0.06851851851851852
0 0.46875 0.9074074074074074 0.07604166666666666 0.07037037037037037
0 0.06875 0.8074074074074075 0.04479166666666667 0.06481481481481481
0 0.37213541666666666 0.9004629629629629 0.0828125 0.06944444444444445
0 0.57578125 0.9018518518518519 0.08385416666666666 0.07222222222222222
0 0.19869791666666667 0.788425925925926 0.0515625 0.1175925925925926
0 0.12109375 0.8416666666666667 0.0578125 0.07037037037037037
0 0.9580729166666667 0.24675925925925926 0.022395833333333334 0.032407407407407406
0 0.4596354166666667 0.11203703703703703 0.0453125 0.04259259259259259
0 0.23984375 0.5467592592592593 0.0296875 0.10648148148148148
0 0.9434895833333333 0.19537037037037036 0.0203125 0.02962962962962963
0 0.23958333333333334 0.19027777777777777 0.021875 0.05648148148148148
0 0.9106770833333333 0.8222222222222222 0.04114583333333333 0.05925925925925926
0 0.8567708333333334 0.8416666666666667 0.05416666666666667 0.06296296296296296
0 0.052083333333333336 0.27824074074074073 0.022916666666666665 0.041666666666666664
0 0.16119791666666666 0.20277777777777778 0.0203125 0.05925925925925926
0 0.5140625 0.10972222222222222 0.04375 0.04351851851851852
0 0.309375 0.1712962962962963 0.021875 0.053703703703703705
0 0.028645833333333332 0.28564814814814815 0.020833333333333332 0.04351851851851852
0 0.018489583333333334 0.3541666666666667 0.0296875 0.05277777777777778
0 0.74765625 0.13148148148148148 0.0359375 0.04259259259259259
0 0.16640625 0.5037037037037037 0.0296875 0.08333333333333333
0 0.18203125 0.25555555555555554 0.0390625 0.03888888888888889
0 0.121875 0.4986111111111111 0.023958333333333335 0.08981481481481482
0 0.34661458333333334 0.12268518518518519 0.022395833333333334 0.05277777777777778
0 0.09427083333333333 0.5078703703703704 0.023958333333333335 0.06944444444444445
0 0.7872395833333333 0.14351851851851852 0.03177083333333333 0.03888888888888889
0 0.36770833333333336 0.12268518518518519 0.01875 0.05648148148148148
0 0.98125 0.25462962962962965 0.021875 0.03518518518518519
0 0.9184895833333333 0.1837962962962963 0.022395833333333334 0.03425925925925926
0 0.41692708333333334 0.1125 0.024479166666666666 0.03611111111111111
0 0.559375 0.11296296296296296 0.036458333333333336 0.03888888888888889
0 0.8263020833333333 0.15462962962962962 0.021354166666666667 0.03148148148148148
0 0.17916666666666667 0.20185185185185187 0.019791666666666666 0.05555555555555555
0 0.96953125 0.20555555555555555 0.021354166666666667 0.03333333333333333
0 0.8572916666666667 0.16203703703703703 0.023958333333333335 0.03148148148148148
0 0.89140625 0.17453703703703705 0.025520833333333333 0.030555555555555555
0 0.71171875 0.1300925925925926 0.028645833333333332 0.03425925925925926
0 0.8989583333333333 0.22824074074074074 0.029166666666666667 0.032407407407407406
0 0.14322916666666666 0.20972222222222223 0.020833333333333332 0.05462962962962963
0 0.8604166666666667 0.21666666666666667 0.029166666666666667 0.03518518518518519
0 0.8848958333333333 0.17453703703703705 0.022916666666666665 0.028703703703703703
0 0.19817708333333334 0.2 0.022395833333333334 0.05
0 0.8572916666666667 0.2125 0.027083333333333334 0.03981481481481482
0 0.6104166666666667 0.11527777777777778 0.035416666666666666 0.03796296296296296
0 0.8111979166666666 0.20555555555555555 0.024479166666666666 0.03888888888888889
0 0.06510416666666667 0.5027777777777778 0.01875 0.07777777777777778
0 0.007291666666666667 0.29444444444444445 0.014583333333333334 0.040740740740740744
0 0.00703125 0.5027777777777778 0.0140625 0.07962962962962963
0 0.21848958333333332 0.19768518518518519 0.0203125 0.05462962962962963
0 0.027083333333333334 0.5055555555555555 0.017708333333333333 0.07222222222222222
0 0.821875 0.5365740740740741 0.022916666666666665 0.04722222222222222
0 0.04453125 0.5101851851851852 0.016145833333333335 0.08703703703703704
0 0.121875 0.21481481481481482 0.021875 0.05185185185185185
0 0.084375 0.2712962962962963 0.026041666666666668 0.040740740740740744
0 0.8302083333333333 0.21157407407407408 0.014583333333333334 0.041666666666666664
0 0.6619791666666667 0.12222222222222222 0.030208333333333334 0.037037037037037035
0 0.065625 0.2337962962962963 0.01875 0.041666666666666664
0 0.09322916666666667 0.225 0.01875 0.046296296296296294
