0 0.321484375 0.5965277777777778 0.10078125 0.14583333333333334
0 0.54609375 0.5680555555555555 0.046875 0.16666666666666666
0 0.791796875 0.7805555555555556 0.13828125 0.15
0 0.351171875 0.8541666666666666 0.12734375 0.11666666666666667
0 0.483203125 0.5833333333333334 0.04453125 0.15555555555555556
0 0.3125 0.7520833333333333 0.1109375 0.09027777777777778
0 0.427734375 0.5798611111111112 0.04140625 0.14305555555555555
0 0.576171875 0.85625 0.10703125 0.10138888888888889
0 0.422265625 0.07083333333333333 0.04765625 0.06944444444444445
0 0.9 0.7722222222222223 0.0640625 0.10277777777777777
0 0.23515625 0.12222222222222222 0.0375 0.058333333333333334
0 0.276953125 0.11180555555555556 0.03984375 0.05416666666666667
0 0.34375 0.08333333333333333 0.0390625 0.06944444444444445
0 0.31328125 0.10208333333333333 0.0359375 0.05416666666666667
0 0.462109375 0.06736111111111111 0.04140625 0.05416666666666667
0 0.5125 0.0625 0.0484375 0.05555555555555555
