0 0.6799479166666667 0.8870370370370371 0.08177083333333333 0.07222222222222222
0 0.7859375 0.8634259259259259 0.07083333333333333 0.06944444444444445
0 0.46875 0.9078703703703703 0.07708333333333334 0.0712962962962963
0 0.06875 0.8078703703703703 0.04583333333333333 0.06574074074074074
0 0.12161458333333333 0.8421296296296297 0.0578125 0.07314814814814814
0 0.37265625 0.9 0.0828125 0.06851851851851852
0 0.45989583333333334 0.11203703703703703 0.04479166666666667 0.04259259259259259
0 0.5755208333333334 0.9018518518518519 0.084375 0.07222222222222222
0 0.1984375 0.7912037037037037 0.051041666666666666 0.125
0 0.9578125 0.24537037037037038 0.021875 0.03148148148148148
0 0.9309895833333334 0.23935185185185184 0.022395833333333334 0.032407407407407406
0 0.9106770833333333 0.8222222222222222 0.043229166666666666 0.06111111111111111
0 0.8567708333333334 0.8421296296296297 0.05416666666666667 0.062037037037037036
0 0.9432291666666667 0.19444444444444445 0.021875 0.03148148148148148
0 0.24036458333333333 0.5462962962962963 0.0296875 0.10925925925925926
0 0.24010416666666667 0.18935185185185185 0.021875 0.05648148148148148
0 0.4166666666666667 0.4152777777777778 0.071875 0.05648148148148148
0 0.16119791666666666 0.20185185185185187 0.0203125 0.05925925925925926
0 0.12213541666666666 0.4986111111111111 0.025520833333333333 0.08981481481481482
0 0.05260416666666667 0.2777777777777778 0.023958333333333335 0.04259259259259259
0 0.18151041666666667 0.2550925925925926 0.04010416666666667 0.03981481481481482
0 0.028125 0.2851851851851852 0.021875 0.046296296296296294
0 0.5140625 0.11157407407407408 0.04375 0.041666666666666664
0 0.37473958333333335 0.9708333333333333 0.09427083333333333 0.05648148148148148
0 0.9184895833333333 0.18287037037037038 0.0234375 0.03425925925925926
0 0.9802083333333333 0.2537037037037037 0.020833333333333332 0.03333333333333333
0 0.7869791666666667 0.1439814814814815 0.03125 0.03796296296296296
0 0.9690104166666667 0.2050925925925926 0.022395833333333334 0.032407407407407406
0 0.309375 0.17314814814814813 0.021875 0.053703703703703705
0 0.09453125 0.5055555555555555 0.024479166666666666 0.07222222222222222
0 0.7473958333333334 0.13148148148148148 0.035416666666666666 0.04259259259259259
0 0.5799479166666667 0.4199074074074074 0.0609375 0.06944444444444445
0 0.8903645833333333 0.17453703703703705 0.028645833333333332 0.030555555555555555
0 0.20651041666666667 0.36574074074074076 0.0515625 0.04259259259259259
0 0.8106770833333333 0.2050925925925926 0.025520833333333333 0.03796296296296296
0 0.16614583333333333 0.5041666666666667 0.030208333333333334 0.0824074074074074
0 0.22109375 0.4185185185185185 0.0609375 0.044444444444444446
0 0.17838541666666666 0.2013888888888889 0.019270833333333334 0.05462962962962963
0 0.346875 0.12268518518518519 0.019791666666666666 0.05092592592592592
0 0.36770833333333336 0.12129629629629629 0.019791666666666666 0.05555555555555555
0 0.14296875 0.20879629629629629 0.0203125 0.05277777777777778
0 0.6109375 0.11527777777777778 0.0375 0.041666666666666664
0 0.19739583333333333 0.2 0.021875 0.05
0 0.8596354166666667 0.21388888888888888 0.030729166666666665 0.03888888888888889
0 0.08619791666666667 0.2708333333333333 0.0296875 0.041666666666666664
0 0.8244791666666667 0.1537037037037037 0.020833333333333332 0.03333333333333333
0 0.24895833333333334 0.7935185185185185 0.03854166666666667 0.1388888888888889
0 0.7080729166666667 0.12916666666666668 0.0328125 0.032407407407407406
0 0.027083333333333334 0.5055555555555555 0.017708333333333333 0.07037037037037037
0 0.06432291666666666 0.5023148148148148 0.0203125 0.0787037037037037
0 0.21744791666666666 0.19768518518518519 0.022395833333333334 0.05462962962962963
0 0.00703125 0.2935185185185185 0.0140625 0.04259259259259259
0 0.007552083333333333 0.5032407407407408 0.015104166666666667 0.0787037037037037
0 0.5598958333333334 0.11342592592592593 0.036458333333333336 0.03981481481481482
0 0.65859375 0.12222222222222222 0.0359375 0.037037037037037035
0 0.8979166666666667 0.22824074074074074 0.027083333333333334 0.030555555555555555
0 0.04375 0.5078703703703704 0.016666666666666666 0.0824074074074074
0 0.8309895833333333 0.21342592592592594 0.0171875 0.04537037037037037
0 0.06744791666666666 0.23287037037037037 0.022395833333333334 0.04351851851851852
0 0.09140625 0.22453703703703703 0.018229166666666668 0.04351851851851852
0 0.8572916666666667 0.16342592592592592 0.026041666666666668 0.030555555555555555
0 0.12265625 0.21342592592592594 0.0203125 0.049074074074074076
0 0.1234375 0.26851851851851855 0.028125 0.03333333333333333
0 0.4161458333333333 0.11296296296296296 0.026041666666666668 0.03518518518518519
