0 0.335546875 0.59375 0.08359375 0.14305555555555555
0 0.31328125 0.7555555555555555 0.1109375 0.09166666666666666
0 0.54609375 0.5652777777777778 0.0515625 0.16666666666666666
0 0.428125 0.58125 0.0421875 0.14027777777777778
0 0.562109375 0.8631944444444445 0.11015625 0.10972222222222222
0 0.423046875 0.075 0.03828125 0.06666666666666667
0 0.35 0.08194444444444444 0.04375 0.075
0 0.3890625 0.07916666666666666 0.0390625 0.06111111111111111
0 0.315625 0.1 0.0390625 0.06111111111111111
0 0.890625 0.7743055555555556 0.05625 0.09583333333333334
0 0.1140625 0.9152777777777777 0.0296875 0.05555555555555555
