0 0.5690104166666666 0.9013888888888889 0.08489583333333334 0.06574074074074074
0 0.6799479166666667 0.8875 0.08177083333333333 0.07314814814814814
0 0.7856770833333333 0.8634259259259259 0.0703125 0.06944444444444445
0 0.19947916666666668 0.7921296296296296 0.052083333333333336 0.11944444444444445
0 0.06848958333333334 0.8074074074074075 0.0453125 0.06481481481481481
0 0.37734375 0.9 0.08177083333333333 0.07407407407407407
0 0.12135416666666667 0.8421296296296297 0.058333333333333334 0.07314814814814814
0 0.47421875 0.9023148148148148 0.0734375 0.06574074074074074
0 0.8557291666666667 0.8421296296296297 0.053125 0.062037037037037036
0 0.8716145833333333 0.21805555555555556 0.0203125 0.03425925925925926
0 0.9580729166666667 0.24583333333333332 0.021354166666666667 0.030555555555555555
0 0.45859375 0.11203703703703703 0.0421875 0.04259259259259259
0 0.9104166666666667 0.8222222222222222 0.04375 0.06296296296296296
0 0.23958333333333334 0.5467592592592593 0.029166666666666667 0.10648148148148148
0 0.05260416666666667 0.27824074074074073 0.022916666666666665 0.041666666666666664
0 0.9815104166666667 0.25277777777777777 0.0203125 0.03333333333333333
0 0.321875 0.13287037037037036 0.01875 0.05092592592592592
0 0.9296875 0.2388888888888889 0.020833333333333332 0.03333333333333333
0 0.028125 0.2847222222222222 0.021875 0.04537037037037037
0 0.14479166666666668 0.20555555555555555 0.021875 0.053703703703703705
0 0.5145833333333333 0.11203703703703703 0.04375 0.040740740740740744
0 0.3453125 0.125 0.022916666666666665 0.05185185185185185
0 0.2875 0.9217592592592593 0.11458333333333333 0.125
0 0.9434895833333333 0.19490740740740742 0.0203125 0.032407407407407406
0 0.18203125 0.25416666666666665 0.0421875 0.041666666666666664
0 0.6427083333333333 0.3699074074074074 0.06145833333333333 0.06388888888888888
0 0.09557291666666666 0.5078703703703704 0.024479166666666666 0.06944444444444445
0 0.36796875 0.12175925925925926 0.0203125 0.05462962962962963
0 0.7481770833333333 0.13194444444444445 0.03802083333333333 0.04537037037037037
0 0.29583333333333334 0.31851851851851853 0.04791666666666667 0.07592592592592592
0 0.91875 0.18472222222222223 0.021875 0.030555555555555555
0 0.7872395833333333 0.1449074074074074 0.027604166666666666 0.03611111111111111
0 0.09244791666666667 0.26944444444444443 0.027604166666666666 0.04259259259259259
0 0.16770833333333332 0.5041666666666667 0.026041666666666668 0.08611111111111111
0 0.21848958333333332 0.20092592592592592 0.022395833333333334 0.04814814814814815
0 0.06484375 0.5027777777777778 0.0171875 0.07592592592592592
0 0.8231770833333333 0.1537037037037037 0.018229166666666668 0.03333333333333333
0 0.08645833333333333 0.27037037037037037 0.030208333333333334 0.04259259259259259
0 0.8565104166666667 0.1648148148148148 0.025520833333333333 0.03333333333333333
0 0.88359375 0.17453703703703705 0.018229166666666668 0.030555555555555555
0 0.97265625 0.20462962962962963 0.0171875 0.03333333333333333
0 0.008072916666666667 0.5037037037037037 0.016145833333333335 0.07777777777777778
0 0.41848958333333336 0.11342592592592593 0.022395833333333334 0.03425925925925926
0 0.06770833333333333 0.23148148148148148 0.022916666666666665 0.046296296296296294
0 0.00703125 0.2935185185185185 0.0140625 0.04259259259259259
0 0.56171875 0.1125 0.0390625 0.03981481481481482
0 0.18098958333333334 0.19953703703703704 0.022395833333333334 0.05092592592592592
0 0.8966145833333333 0.22592592592592592 0.0234375 0.02962962962962963
0 0.0453125 0.5074074074074074 0.015625 0.08148148148148149
0 0.69609375 0.12546296296296297 0.033854166666666664 0.03981481481481482
0 0.027604166666666666 0.5069444444444444 0.016666666666666666 0.06944444444444445
0 0.8411458333333334 0.1574074074074074 0.014583333333333334 0.027777777777777776
0 0.1234375 0.21435185185185185 0.01875 0.049074074074074076
0 0.9002604166666667 0.22824074074074074 0.024479166666666666 0.030555555555555555
0 0.61015625 0.11527777777777778 0.034895833333333334 0.041666666666666664
0 0.8106770833333333 0.20462962962962963 0.024479166666666666 0.03888888888888889
0 0.08958333333333333 0.22407407407407406 0.021875 0.044444444444444446
0 0.10859375 0.2162037037037037 0.0171875 0.05092592592592592
0 0.27057291666666666 0.9138888888888889 0.08072916666666667 0.10555555555555556
0 0.9526041666666667 0.8009259259259259 0.03854166666666667 0.06851851851851852
0 0.8942708333333333 0.17592592592592593 0.021875 0.02962962962962963
