0 0.54296875 0.9004629629629629 0.08489583333333334 0.06759259259259259
0 0.35260416666666666 0.8967592592592593 0.071875 0.06944444444444445
0 0.9307291666666667 0.2375 0.022916666666666665 0.03611111111111111
0 0.6317708333333333 0.8953703703703704 0.07708333333333334 0.07222222222222222
0 0.71640625 0.8791666666666667 0.07239583333333334 0.06944444444444445
0 0.06822916666666666 0.8078703703703703 0.046875 0.06388888888888888
0 0.7856770833333333 0.8625 0.06822916666666666 0.06759259259259259
0 0.44453125 0.9055555555555556 0.0921875 0.07222222222222222
0 0.19817708333333334 0.788425925925926 0.0515625 0.11574074074074074
0 0.12109375 0.8421296296296297 0.058854166666666666 0.07314814814814814
0 0.16822916666666668 0.2537037037037037 0.034375 0.044444444444444446
0 0.23567708333333334 0.5689814814814815 0.03177083333333333 0.11018518518518519
0 0.8557291666666667 0.8421296296296297 0.05416666666666667 0.062037037037037036
0 0.909375 0.8226851851851852 0.041666666666666664 0.058333333333333334
0 0.5072916666666667 0.10972222222222222 0.0375 0.03796296296296296
0 0.128125 0.49444444444444446 0.027083333333333334 0.08703703703703704
0 0.96015625 0.24537037037037038 0.0234375 0.03518518518518519
0 0.05520833333333333 0.27685185185185185 0.028125 0.044444444444444446
0 0.41015625 0.11064814814814815 0.0328125 0.03796296296296296
0 0.9458333333333333 0.19490740740740742 0.020833333333333332 0.032407407407407406
0 0.4596354166666667 0.11296296296296296 0.04739583333333333 0.03888888888888889
0 0.08880208333333334 0.26944444444444443 0.0296875 0.040740740740740744
0 0.09427083333333333 0.5083333333333333 0.025 0.06851851851851852
0 0.6075520833333333 0.11990740740740741 0.033854166666666664 0.04537037037037037
0 0.8875 0.17407407407407408 0.029166666666666667 0.03333333333333333
0 0.27239583333333334 0.11342592592592593 0.035416666666666666 0.03796296296296296
0 0.81171875 0.20416666666666666 0.024479166666666666 0.04351851851851852
0 0.025260416666666667 0.28703703703703703 0.0234375 0.04259259259259259
0 0.6575520833333334 0.11898148148148148 0.0359375 0.03981481481481482
0 0.30885416666666665 0.1712962962962963 0.021875 0.05740740740740741
0 0.14270833333333333 0.2064814814814815 0.020833333333333332 0.05185185185185185
0 0.34791666666666665 0.12407407407407407 0.019791666666666666 0.04814814814814815
0 0.16848958333333333 0.5041666666666667 0.0234375 0.08425925925925926
0 0.24140625 0.19027777777777777 0.019270833333333334 0.05277777777777778
0 0.8989583333333333 0.22777777777777777 0.029166666666666667 0.03148148148148148
0 0.3223958333333333 0.12546296296296297 0.01875 0.04351851851851852
0 0.7505208333333333 0.13703703703703704 0.040625 0.037037037037037035
0 0.9184895833333333 0.18518518518518517 0.024479166666666666 0.03148148148148148
0 0.0921875 0.22592592592592592 0.016666666666666666 0.03518518518518519
0 0.8591145833333333 0.16203703703703703 0.022395833333333334 0.03333333333333333
0 0.3671875 0.12685185185185185 0.01875 0.05740740740740741
0 0.043229166666666666 0.5083333333333333 0.016666666666666666 0.07962962962962963
0 0.12447916666666667 0.20879629629629629 0.01875 0.05277777777777778
0 0.10963541666666667 0.21203703703703702 0.0203125 0.05925925925925926
0 0.15963541666666667 0.2050925925925926 0.019270833333333334 0.05092592592592592
0 0.8203125 0.5365740740740741 0.022916666666666665 0.04722222222222222
0 0.5572916666666666 0.11203703703703703 0.035416666666666666 0.03888888888888889
0 0.8609375 0.21574074074074073 0.026041666666666668 0.03333333333333333
0 0.06328125 0.5027777777777778 0.0203125 0.07592592592592592
0 0.6890625 0.12546296296296297 0.025 0.03796296296296296
0 0.00703125 0.5041666666666667 0.0140625 0.0787037037037037
0 0.18411458333333333 0.19768518518518519 0.021354166666666667 0.05092592592592592
0 0.21901041666666668 0.19768518518518519 0.022395833333333334 0.05092592592592592
0 0.00625 0.2935185185185185 0.0125 0.04259259259259259
0 0.02578125 0.5074074074074074 0.0171875 0.06851851851851852
0 0.828125 0.21157407407407408 0.014583333333333334 0.04351851851851852
0 0.0671875 0.23055555555555557 0.020833333333333332 0.04259259259259259
