0 0.3359375 0.5951388888888889 0.08125 0.14583333333333334
0 0.483984375 0.5784722222222223 0.05546875 0.15416666666666667
0 0.417578125 0.8763888888888889 0.12265625 0.08888888888888889
0 0.312890625 0.7527777777777778 0.10859375 0.09444444444444444
0 0.546484375 0.5694444444444444 0.05078125 0.16666666666666666
0 0.89375 0.7729166666666667 0.0578125 0.09305555555555556
0 0.428515625 0.5826388888888889 0.04140625 0.14305555555555555
0 0.275 0.1111111111111111 0.040625 0.058333333333333334
0 0.234765625 0.12291666666666666 0.03671875 0.05694444444444444
0 0.562109375 0.8631944444444445 0.10859375 0.10138888888888889
0 0.4234375 0.07777777777777778 0.0390625 0.06111111111111111
0 0.4890625 0.06458333333333334 0.0453125 0.059722222222222225
0 0.388671875 0.08263888888888889 0.03515625 0.05138888888888889
0 0.350390625 0.0875 0.04453125 0.06666666666666667
0 0.314453125 0.10555555555555556 0.03671875 0.05277777777777778
