0 0.19895833333333332 0.7893518518518519 0.051041666666666666 0.11944444444444445
0 0.7828125 0.8611111111111112 0.06458333333333334 0.06851851851851852
0 0.12213541666666666 0.8384259259259259 0.058854166666666666 0.06574074074074074
0 0.8692708333333333 0.2152777777777778 0.026041666666666668 0.03425925925925926
0 0.06848958333333334 0.8046296296296296 0.0453125 0.05925925925925926
0 0.47291666666666665 0.9023148148148148 0.07395833333333333 0.06388888888888888
0 0.68125 0.8800925925925925 0.075 0.06944444444444445
0 0.41041666666666665 0.11157407407407408 0.0375 0.03981481481481482
0 0.30078125 0.8537037037037037 0.06614583333333333 0.10185185185185185
0 0.9317708333333333 0.23657407407407408 0.022916666666666665 0.030555555555555555
0 0.23932291666666666 0.5444444444444444 0.0296875 0.10925925925925926
0 0.8541666666666666 0.8416666666666667 0.052083333333333336 0.06296296296296296
0 0.9841145833333333 0.2523148148148148 0.0203125 0.032407407407407406
0 0.18177083333333333 0.2 0.028125 0.05555555555555555
0 0.45729166666666665 0.1111111111111111 0.040625 0.04259259259259259
0 0.21901041666666668 0.20092592592592592 0.024479166666666666 0.046296296296296294
0 0.121875 0.2671296296296296 0.03125 0.03425925925925926
0 0.9091145833333333 0.8208333333333333 0.044270833333333336 0.062037037037037036
0 0.32317708333333334 0.13333333333333333 0.022395833333333334 0.04814814814814815
0 0.5072916666666667 0.1087962962962963 0.03958333333333333 0.03796296296296296
0 0.95703125 0.2439814814814815 0.021354166666666667 0.032407407407407406
0 0.16666666666666666 0.5050925925925925 0.028125 0.08425925925925926
0 0.14583333333333334 0.20416666666666666 0.022916666666666665 0.05277777777777778
0 0.8916666666666667 0.2972222222222222 0.029166666666666667 0.040740740740740744
0 0.9005208333333333 0.22592592592592592 0.026041666666666668 0.02962962962962963
0 0.08645833333333333 0.26805555555555555 0.03125 0.041666666666666664
0 0.09296875 0.5083333333333333 0.0203125 0.06851851851851852
0 0.94609375 0.19166666666666668 0.0234375 0.03518518518518519
0 0.36822916666666666 0.11990740740740741 0.017708333333333333 0.04537037037037037
0 0.12526041666666668 0.49907407407407406 0.0265625 0.08518518518518518
0 0.91953125 0.18425925925925926 0.021354166666666667 0.03148148148148148
0 0.6109375 0.11388888888888889 0.03854166666666667 0.03888888888888889
0 0.1265625 0.2101851851851852 0.01875 0.046296296296296294
0 0.9690104166666667 0.2 0.0203125 0.037037037037037035
0 0.05651041666666667 0.27546296296296297 0.024479166666666666 0.03981481481481482
0 0.5606770833333333 0.1125 0.04010416666666667 0.03425925925925926
0 0.02734375 0.28564814814814815 0.0234375 0.03425925925925926
0 0.8216145833333334 0.538425925925926 0.025520833333333333 0.049074074074074076
0 0.81484375 0.2037037037037037 0.04010416666666667 0.037037037037037035
0 0.8916666666666667 0.1736111111111111 0.021875 0.028703703703703703
0 0.7083333333333334 0.12824074074074074 0.020833333333333332 0.03425925925925926
0 0.8552083333333333 0.16157407407407406 0.029166666666666667 0.03425925925925926
0 0.8833333333333333 0.1726851851851852 0.016666666666666666 0.028703703703703703
0 0.6916666666666667 0.12453703703703704 0.016666666666666666 0.03611111111111111
0 0.753125 0.13425925925925927 0.022916666666666665 0.03333333333333333
0 0.00625 0.2916666666666667 0.0125 0.03888888888888889
0 0.7388020833333333 0.1287037037037037 0.019270833333333334 0.037037037037037035
0 0.006510416666666667 0.5009259259259259 0.013020833333333334 0.07222222222222222
0 0.0625 0.5027777777777778 0.014583333333333334 0.07222222222222222
0 0.6583333333333333 0.12129629629629629 0.036458333333333336 0.037037037037037035
0 0.9908854166666666 0.17546296296296296 0.016145833333333335 0.04722222222222222
0 0.7432291666666667 0.1300925925925926 0.027083333333333334 0.03796296296296296
0 0.08177083333333333 0.22453703703703703 0.01875 0.04722222222222222
