0 0.54609375 0.5652777777777778 0.05 0.16111111111111112
0 0.336328125 0.5930555555555556 0.08203125 0.14722222222222223
0 0.3515625 0.8534722222222222 0.1296875 0.1125
0 0.484375 0.5784722222222223 0.0453125 0.15694444444444444
0 0.3125 0.7513888888888889 0.109375 0.08888888888888889
0 0.42734375 0.58125 0.0421875 0.14305555555555555
0 0.5625 0.8604166666666667 0.109375 0.09861111111111111
0 0.23515625 0.12083333333333333 0.0359375 0.058333333333333334
0 0.387890625 0.0798611111111111 0.03671875 0.05694444444444444
0 0.42578125 0.07291666666666667 0.0421875 0.059722222222222225
0 0.462109375 0.06736111111111111 0.04765625 0.06527777777777778
0 0.316015625 0.10555555555555556 0.03515625 0.05
0 0.280078125 0.11041666666666666 0.03671875 0.05416666666666667
