0 0.40338541666666666 0.8986111111111111 0.08385416666666666 0.06944444444444445
0 0.6346354166666667 0.8888888888888888 0.06927083333333334 0.06666666666666667
0 0.7145833333333333 0.8773148148148148 0.06979166666666667 0.06574074074074074
0 0.5111979166666667 0.9046296296296297 0.09427083333333333 0.06851851851851852
0 0.19661458333333334 0.788425925925926 0.050520833333333334 0.1175925925925926
0 0.0671875 0.8046296296296296 0.04791666666666667 0.05925925925925926
0 0.78203125 0.8601851851851852 0.06302083333333333 0.06481481481481481
0 0.234375 0.5689814814814815 0.03125 0.11203703703703703
0 0.16796875 0.2537037037037037 0.034895833333333334 0.040740740740740744
0 0.16640625 0.49166666666666664 0.028645833333333332 0.09259259259259259
0 0.8489583333333334 0.8402777777777778 0.057291666666666664 0.06574074074074074
0 0.04244791666666667 0.3416666666666667 0.0296875 0.040740740740740744
0 0.40963541666666664 0.11157407407407408 0.0390625 0.03796296296296296
0 0.30390625 0.19166666666666668 0.022395833333333334 0.05555555555555555
0 0.9078125 0.8222222222222222 0.041666666666666664 0.05925925925925926
0 0.24453125 0.18518518518518517 0.025520833333333333 0.06111111111111111
0 0.80703125 0.2 0.027604166666666666 0.040740740740740744
0 0.12213541666666666 0.26666666666666666 0.030729166666666665 0.03333333333333333
0 0.12734375 0.4949074074074074 0.025520833333333333 0.08611111111111111
0 0.7536458333333333 0.13333333333333333 0.03125 0.03888888888888889
0 0.3450520833333333 0.11851851851851852 0.0171875 0.04259259259259259
0 0.8619791666666666 0.21666666666666667 0.030208333333333334 0.03333333333333333
0 0.02734375 0.2851851851851852 0.021354166666666667 0.03333333333333333
0 0.9591145833333333 0.24351851851851852 0.022395833333333334 0.03333333333333333
0 0.7096354166666666 0.125 0.033854166666666664 0.040740740740740744
0 0.36744791666666665 0.11990740740740741 0.018229166666666668 0.041666666666666664
0 0.8989583333333333 0.225 0.027083333333333334 0.03333333333333333
0 0.45390625 0.11064814814814815 0.043229166666666666 0.03611111111111111
0 0.27421875 0.11574074074074074 0.03177083333333333 0.03333333333333333
0 0.09348958333333333 0.49537037037037035 0.0234375 0.08148148148148149
0 0.9302083333333333 0.23657407407407408 0.022916666666666665 0.030555555555555555
0 0.08671875 0.26805555555555555 0.027604166666666666 0.03796296296296296
0 0.8901041666666667 0.1726851851851852 0.022916666666666665 0.032407407407407406
0 0.9833333333333333 0.2537037037037037 0.022916666666666665 0.027777777777777776
0 0.6635416666666667 0.11712962962962963 0.041666666666666664 0.041666666666666664
0 0.32395833333333335 0.14212962962962963 0.026041666666666668 0.058333333333333334
0 0.51171875 0.1087962962962963 0.0421875 0.03611111111111111
0 0.055989583333333336 0.27546296296296297 0.0265625 0.03611111111111111
0 0.9440104166666666 0.18935185185185185 0.018229166666666668 0.030555555555555555
0 0.6098958333333333 0.11574074074074074 0.042708333333333334 0.037037037037037035
0 0.21822916666666667 0.19953703703703704 0.021875 0.04351851851851852
0 0.22421875 0.125 0.03697916666666667 0.03148148148148148
0 0.09166666666666666 0.22453703703703703 0.01875 0.03981481481481482
0 0.78984375 0.1412037037037037 0.0328125 0.03981481481481482
0 0.98671875 0.387037037037037 0.025520833333333333 0.06296296296296296
0 0.18203125 0.19722222222222222 0.0234375 0.05
0 0.13984375 0.2064814814814815 0.0171875 0.04814814814814815
0 0.007552083333333333 0.2884259259259259 0.015104166666666667 0.03981481481481482
0 0.8208333333333333 0.5356481481481481 0.023958333333333335 0.05092592592592592
0 0.022395833333333334 0.5009259259259259 0.016666666666666666 0.07222222222222222
0 0.20130208333333333 0.19722222222222222 0.0203125 0.04814814814814815
0 0.11041666666666666 0.21157407407407408 0.01875 0.05648148148148148
0 0.15755208333333334 0.20694444444444443 0.016145833333333335 0.04722222222222222
0 0.5322916666666667 0.24722222222222223 0.13958333333333334 0.07777777777777778
0 0.9658854166666667 0.1986111111111111 0.0203125 0.03425925925925926
0 0.005729166666666666 0.500462962962963 0.011458333333333333 0.07314814814814814
0 0.6203125 0.2935185185185185 0.058333333333333334 0.05555555555555555
0 0.11354166666666667 0.20925925925925926 0.019791666666666666 0.05740740740740741
