0 0.359375 0.8972222222222223 0.07916666666666666 0.07222222222222222
0 0.6802083333333333 0.8870370370370371 0.08125 0.07407407407407407
0 0.06875 0.8074074074074075 0.046875 0.06481481481481481
0 0.7859375 0.8634259259259259 0.06979166666666667 0.06759259259259259
0 0.12109375 0.8412037037037037 0.0578125 0.07314814814814814
0 0.1984375 0.7875 0.05 0.11944444444444445
0 0.5755208333333334 0.9023148148148148 0.084375 0.0712962962962963
0 0.9315104166666667 0.23981481481481481 0.0234375 0.03333333333333333
0 0.85546875 0.8430555555555556 0.0515625 0.062037037037037036
0 0.95703125 0.2462962962962963 0.0234375 0.03333333333333333
0 0.053385416666666664 0.2777777777777778 0.025520833333333333 0.040740740740740744
0 0.24088541666666666 0.5462962962962963 0.030729166666666665 0.10925925925925926
0 0.45260416666666664 0.9087962962962963 0.11041666666666666 0.07314814814814814
0 0.9096354166666667 0.8240740740740741 0.044270833333333336 0.06111111111111111
0 0.34713541666666664 0.12175925925925926 0.021354166666666667 0.05277777777777778
0 0.121875 0.4981481481481482 0.025 0.08888888888888889
0 0.21796875 0.12222222222222222 0.0359375 0.03888888888888889
0 0.23932291666666666 0.18888888888888888 0.022395833333333334 0.05555555555555555
0 0.028385416666666666 0.2847222222222222 0.021354166666666667 0.04537037037037037
0 0.98046875 0.2537037037037037 0.021354166666666667 0.03518518518518519
0 0.09453125 0.5074074074074074 0.024479166666666666 0.06851851851851852
0 0.96953125 0.2050925925925926 0.0234375 0.03425925925925926
0 0.9190104166666667 0.1837962962962963 0.021354166666666667 0.03611111111111111
0 0.5065104166666666 0.11342592592592593 0.0421875 0.03425925925925926
0 0.14505208333333333 0.2074074074074074 0.027604166666666666 0.053703703703703705
0 0.7088541666666667 0.13148148148148148 0.03333333333333333 0.03518518518518519
0 0.16770833333333332 0.5041666666666667 0.027083333333333334 0.08425925925925926
0 0.30911458333333336 0.17685185185185184 0.0203125 0.046296296296296294
0 0.8869791666666667 0.17546296296296296 0.026041666666666668 0.030555555555555555
0 0.7864583333333334 0.1439814814814815 0.030208333333333334 0.03981481481481482
0 0.26067708333333334 0.19074074074074074 0.019270833333333334 0.05740740740740741
0 0.8583333333333333 0.16296296296296298 0.021875 0.03518518518518519
0 0.7455729166666667 0.13194444444444445 0.033854166666666664 0.04351851851851852
0 0.6125 0.11527777777777778 0.035416666666666666 0.041666666666666664
0 0.8651041666666667 0.21898148148148147 0.020833333333333332 0.03425925925925926
0 0.36770833333333336 0.11944444444444445 0.01875 0.04814814814814815
0 0.8182291666666667 0.20694444444444443 0.03125 0.03796296296296296
0 0.32369791666666664 0.12916666666666668 0.0171875 0.04722222222222222
0 0.19401041666666666 0.2023148148148148 0.018229166666666668 0.049074074074074076
0 0.8984375 0.22916666666666666 0.029166666666666667 0.032407407407407406
0 0.41875 0.1125 0.021875 0.03425925925925926
0 0.659375 0.12268518518518519 0.035416666666666666 0.03796296296296296
0 0.00703125 0.29305555555555557 0.0140625 0.041666666666666664
0 0.06484375 0.5032407407407408 0.016145833333333335 0.07685185185185185
0 0.007552083333333333 0.5018518518518519 0.015104166666666667 0.07777777777777778
0 0.271875 0.11574074074074074 0.03125 0.03148148148148148
0 0.84765625 0.21296296296296297 0.019270833333333334 0.03888888888888889
0 0.12265625 0.2671296296296296 0.0296875 0.03425925925925926
0 0.8268229166666666 0.15601851851851853 0.0203125 0.030555555555555555
0 0.821875 0.2101851851851852 0.028125 0.040740740740740744
0 0.04453125 0.5083333333333333 0.016145833333333335 0.08333333333333333
0 0.06510416666666667 0.2324074074074074 0.017708333333333333 0.04259259259259259
0 0.027083333333333334 0.5050925925925925 0.016666666666666666 0.06759259259259259
0 0.10625 0.21296296296296297 0.015625 0.05185185185185185
