0 0.3328125 0.6013888888888889 0.0984375 0.14166666666666666
0 0.584375 0.8548611111111111 0.10625 0.10416666666666667
0 0.355078125 0.8597222222222223 0.13046875 0.12222222222222222
0 0.48125 0.5798611111111112 0.053125 0.1597222222222222
0 0.54375 0.56875 0.0453125 0.16527777777777777
0 0.314453125 0.7458333333333333 0.11015625 0.09444444444444444
0 0.383203125 0.07708333333333334 0.03671875 0.06527777777777778
0 0.43515625 0.07222222222222222 0.0390625 0.05555555555555555
0 0.501171875 0.05347222222222222 0.05078125 0.07083333333333333
0 0.312109375 0.10416666666666667 0.03515625 0.05277777777777778
0 0.270703125 0.11319444444444444 0.04140625 0.05138888888888889
0 0.233203125 0.12152777777777778 0.03828125 0.05694444444444444
0 0.347265625 0.09097222222222222 0.03984375 0.05416666666666667
0 0.46328125 0.06736111111111111 0.0328125 0.05694444444444444
0 0.89609375 0.7729166666666667 0.065625 0.10416666666666667
0 0.46875 0.06527777777777778 0.0421875 0.05555555555555555
