0 0.583984375 0.85625 0.10859375 0.10694444444444444
0 0.544140625 0.5701388888888889 0.04453125 0.16527777777777777
0 0.355859375 0.8611111111111112 0.13046875 0.12777777777777777
0 0.428125 0.58125 0.04375 0.14305555555555555
0 0.483203125 0.5833333333333334 0.05078125 0.15555555555555556
0 0.383203125 0.07708333333333334 0.03671875 0.06527777777777778
0 0.316015625 0.75 0.10546875 0.09444444444444444
0 0.312890625 0.10277777777777777 0.03515625 0.05277777777777778
0 0.43515625 0.07152777777777777 0.0390625 0.05694444444444444
0 0.27109375 0.10625 0.0421875 0.0625
0 0.23359375 0.12152777777777778 0.0390625 0.059722222222222225
0 0.348046875 0.08958333333333333 0.04140625 0.05416666666666667
0 0.4625 0.06805555555555555 0.03125 0.05555555555555555
0 0.4984375 0.05625 0.0453125 0.06527777777777778
0 0.88984375 0.7729166666666667 0.053125 0.09861111111111111
0 0.068359375 0.9597222222222223 0.03515625 0.075
0 0.4703125 0.06597222222222222 0.040625 0.05416666666666667
