0 0.331640625 0.6006944444444444 0.10078125 0.15138888888888888
0 0.30625 0.09791666666666667 0.0375 0.059722222222222225
0 0.3546875 0.8569444444444444 0.128125 0.11944444444444445
0 0.54375 0.5694444444444444 0.0453125 0.17222222222222222
0 0.583984375 0.8548611111111111 0.11015625 0.10694444444444444
0 0.48359375 0.5805555555555556 0.046875 0.1638888888888889
0 0.312890625 0.7513888888888889 0.11171875 0.08888888888888889
0 0.383203125 0.07777777777777778 0.03515625 0.06388888888888888
0 0.23515625 0.12013888888888889 0.0359375 0.05416666666666667
0 0.270703125 0.11180555555555556 0.03984375 0.05694444444444444
0 0.891796875 0.7736111111111111 0.05546875 0.09722222222222222
0 0.43515625 0.07361111111111111 0.0390625 0.05277777777777778
0 0.336328125 0.09513888888888888 0.02265625 0.05138888888888889
0 0.515234375 0.06180555555555556 0.04609375 0.0625
0 0.80078125 0.13472222222222222 0.028125 0.058333333333333334
0 0.346484375 0.09097222222222222 0.04296875 0.05416666666666667
