0 0.54375 0.8981481481481481 0.08541666666666667 0.06851851851851852
0 0.6341145833333334 0.8865740740740741 0.07135416666666666 0.06759259259259259
0 0.71484375 0.8759259259259259 0.06927083333333334 0.06481481481481481
0 0.19765625 0.787962962962963 0.0515625 0.11851851851851852
0 0.11927083333333334 0.8375 0.06145833333333333 0.06574074074074074
0 0.28671875 0.8319444444444445 0.0578125 0.11574074074074074
0 0.84765625 0.8416666666666667 0.058854166666666666 0.06666666666666667
0 0.32135416666666666 0.13055555555555556 0.019791666666666666 0.040740740740740744
0 0.0671875 0.8023148148148148 0.046875 0.05648148148148148
0 0.23515625 0.5675925925925925 0.030729166666666665 0.11296296296296296
0 0.30494791666666665 0.19166666666666668 0.024479166666666666 0.053703703703703705
0 0.12734375 0.4930555555555556 0.025520833333333333 0.08425925925925926
0 0.16848958333333333 0.25277777777777777 0.033854166666666664 0.03888888888888889
0 0.78203125 0.8597222222222223 0.06302083333333333 0.06388888888888888
0 0.9828125 0.25092592592592594 0.021875 0.03333333333333333
0 0.34375 0.11805555555555555 0.017708333333333333 0.04722222222222222
0 0.21770833333333334 0.19907407407407407 0.023958333333333335 0.046296296296296294
0 0.03958333333333333 0.3236111111111111 0.036458333333333336 0.05092592592592592
0 0.51171875 0.10555555555555556 0.04114583333333333 0.044444444444444446
0 0.4075520833333333 0.11203703703703703 0.03802083333333333 0.03518518518518519
0 0.5583333333333333 0.10648148148148148 0.03854166666666667 0.046296296296296294
0 0.9078125 0.8194444444444444 0.042708333333333334 0.05925925925925926
0 0.36796875 0.11898148148148148 0.018229166666666668 0.041666666666666664
0 0.9598958333333333 0.2439814814814815 0.022916666666666665 0.032407407407407406
0 0.025260416666666667 0.2824074074074074 0.021354166666666667 0.03888888888888889
0 0.6080729166666666 0.11296296296296296 0.03802083333333333 0.04259259259259259
0 0.43671875 0.15185185185185185 0.0390625 0.03333333333333333
0 0.8984375 0.22546296296296298 0.026041666666666668 0.030555555555555555
0 0.7546875 0.13194444444444445 0.027083333333333334 0.03611111111111111
0 0.8880208333333334 0.1726851851851852 0.026041666666666668 0.030555555555555555
0 0.18203125 0.19722222222222222 0.024479166666666666 0.05
0 0.12161458333333333 0.26481481481481484 0.03177083333333333 0.03333333333333333
0 0.93046875 0.2361111111111111 0.0234375 0.03148148148148148
0 0.9442708333333333 0.19027777777777777 0.022916666666666665 0.03425925925925926
0 0.45338541666666665 0.11064814814814815 0.043229166666666666 0.03425925925925926
0 0.16770833333333332 0.5037037037037037 0.022916666666666665 0.08518518518518518
0 0.109375 0.21203703703703702 0.01875 0.05555555555555555
0 0.9171875 0.17962962962962964 0.022916666666666665 0.03148148148148148
0 0.05546875 0.275 0.024479166666666666 0.03518518518518519
0 0.85546875 0.1597222222222222 0.0296875 0.03611111111111111
0 0.7091145833333333 0.12546296296296297 0.0359375 0.03611111111111111
0 0.82109375 0.5351851851851852 0.024479166666666666 0.04814814814814815
0 0.08619791666666667 0.2662037037037037 0.027604166666666666 0.03981481481481482
0 0.6583333333333333 0.11990740740740741 0.035416666666666666 0.03981481481481482
0 0.006510416666666667 0.5027777777777778 0.013020833333333334 0.07407407407407407
0 0.05963541666666667 0.5 0.016145833333333335 0.07037037037037037
0 0.14453125 0.20416666666666666 0.018229166666666668 0.05092592592592592
0 0.005989583333333334 0.28935185185185186 0.011979166666666667 0.03796296296296296
0 0.0234375 0.5037037037037037 0.015625 0.06666666666666667
0 0.16067708333333333 0.2023148148148148 0.019270833333333334 0.04722222222222222
0 0.04088541666666667 0.5018518518518519 0.015104166666666667 0.06481481481481481
