0 0.5690104166666666 0.9009259259259259 0.08489583333333334 0.06851851851851852
0 0.9315104166666667 0.23842592592592593 0.0234375 0.03425925925925926
0 0.68046875 0.8870370370370371 0.08072916666666667 0.07222222222222222
0 0.7856770833333333 0.8634259259259259 0.06927083333333334 0.06759259259259259
0 0.3768229166666667 0.899537037037037 0.08177083333333333 0.07314814814814814
0 0.9575520833333333 0.24583333333333332 0.022395833333333334 0.03425925925925926
0 0.06875 0.8078703703703703 0.04479166666666667 0.06388888888888888
0 0.8708333333333333 0.21805555555555556 0.021875 0.03425925925925926
0 0.47369791666666666 0.9027777777777778 0.0734375 0.06666666666666667
0 0.19895833333333332 0.7888888888888889 0.052083333333333336 0.11666666666666667
0 0.9846354166666667 0.25324074074074077 0.021354166666666667 0.032407407407407406
0 0.29713541666666665 0.2324074074074074 0.04635416666666667 0.046296296296296294
0 0.12083333333333333 0.8407407407407408 0.057291666666666664 0.07037037037037037
0 0.30442708333333335 0.8560185185185185 0.06927083333333334 0.10092592592592593
0 0.8565104166666667 0.8421296296296297 0.05364583333333333 0.062037037037037036
0 0.4596354166666667 0.1111111111111111 0.044270833333333336 0.040740740740740744
0 0.9106770833333333 0.8217592592592593 0.0421875 0.06018518518518518
0 0.23984375 0.5467592592592593 0.028645833333333332 0.10648148148148148
0 0.97109375 0.20601851851851852 0.0203125 0.03425925925925926
0 0.4109375 0.11203703703703703 0.035416666666666666 0.037037037037037035
0 0.14557291666666666 0.2037037037037037 0.0234375 0.05555555555555555
0 0.05572916666666667 0.27685185185185185 0.027083333333333334 0.044444444444444446
0 0.36822916666666666 0.11990740740740741 0.01875 0.05092592592592592
0 0.5143229166666666 0.10972222222222222 0.044270833333333336 0.04351851851851852
0 0.94375 0.19444444444444445 0.020833333333333332 0.03333333333333333
0 0.7901041666666667 0.14675925925925926 0.03333333333333333 0.03796296296296296
0 0.8901041666666667 0.17453703703703705 0.026041666666666668 0.030555555555555555
0 0.9184895833333333 0.18518518518518517 0.0234375 0.03148148148148148
0 0.32109375 0.13796296296296295 0.0171875 0.040740740740740744
0 0.18098958333333334 0.2 0.028645833333333332 0.053703703703703705
0 0.346875 0.12407407407407407 0.021875 0.05185185185185185
0 0.8252604166666667 0.15555555555555556 0.021354166666666667 0.03333333333333333
0 0.16692708333333334 0.5041666666666667 0.024479166666666666 0.08425925925925926
0 0.7484375 0.13148148148148148 0.03854166666666667 0.04259259259259259
0 0.85625 0.1638888888888889 0.027083333333333334 0.03333333333333333
0 0.0953125 0.5064814814814815 0.025 0.07222222222222222
0 0.1828125 0.25462962962962965 0.041666666666666664 0.040740740740740744
0 0.12578125 0.2111111111111111 0.018229166666666668 0.046296296296296294
0 0.09296875 0.26990740740740743 0.024479166666666666 0.03981481481481482
0 0.121875 0.26851851851851855 0.028125 0.03333333333333333
0 0.042708333333333334 0.5101851851851852 0.017708333333333333 0.08333333333333333
0 0.026822916666666665 0.2851851851851852 0.0234375 0.03888888888888889
0 0.06380208333333333 0.5023148148148148 0.0203125 0.0787037037037037
0 0.026041666666666668 0.5055555555555555 0.016666666666666666 0.07407407407407407
0 0.6098958333333333 0.11527777777777778 0.034375 0.041666666666666664
0 0.8953125 0.22592592592592592 0.020833333333333332 0.02962962962962963
0 0.5596354166666667 0.11296296296296296 0.0359375 0.03888888888888889
0 0.08411458333333334 0.2712962962962963 0.0265625 0.040740740740740744
0 0.007552083333333333 0.5023148148148148 0.015104166666666667 0.08055555555555556
0 0.21614583333333334 0.20092592592592592 0.026041666666666668 0.04814814814814815
0 0.9013020833333333 0.22824074074074074 0.0234375 0.032407407407407406
0 0.006510416666666667 0.29259259259259257 0.013020833333333334 0.040740740740740744
0 0.6971354166666667 0.1259259259259259 0.03802083333333333 0.03888888888888889
0 0.8098958333333334 0.20462962962962963 0.023958333333333335 0.03888888888888889
0 0.821875 0.5361111111111111 0.020833333333333332 0.046296296296296294
