0 0.321484375 0.5965277777777778 0.10078125 0.14583333333333334
0 0.351171875 0.8527777777777777 0.12890625 0.11944444444444445
0 0.54609375 0.5715277777777777 0.046875 0.1597222222222222
0 0.3125 0.7513888888888889 0.1109375 0.09166666666666666
0 0.48359375 0.5819444444444445 0.0453125 0.15833333333333333
0 0.428125 0.5798611111111112 0.0421875 0.14305555555555555
0 0.234765625 0.12152777777777778 0.03671875 0.059722222222222225
0 0.42265625 0.06875 0.046875 0.06805555555555555
0 0.578125 0.8534722222222222 0.1078125 0.09583333333333334
0 0.9015625 0.7736111111111111 0.0640625 0.1
0 0.315234375 0.10208333333333333 0.03828125 0.05416666666666667
0 0.277734375 0.10972222222222222 0.03671875 0.05277777777777778
0 0.383203125 0.0763888888888889 0.04296875 0.06388888888888888
