0 0.3359375 0.5944444444444444 0.0828125 0.14722222222222223
0 0.31328125 0.7548611111111111 0.1125 0.09305555555555556
0 0.546484375 0.5659722222222222 0.04921875 0.1625
0 0.4171875 0.875 0.121875 0.08888888888888889
0 0.893359375 0.7729166666666667 0.05859375 0.09305555555555556
0 0.56328125 0.8583333333333333 0.109375 0.09722222222222222
0 0.426953125 0.5798611111111112 0.03984375 0.14305555555555555
0 0.314453125 0.10208333333333333 0.03671875 0.05694444444444444
0 0.45859375 0.06805555555555555 0.0421875 0.06388888888888888
0 0.23515625 0.12083333333333333 0.0375 0.058333333333333334
0 0.350390625 0.08194444444444444 0.04296875 0.07222222222222222
0 0.274609375 0.10833333333333334 0.03984375 0.05555555555555555
0 0.388671875 0.0798611111111111 0.03671875 0.05694444444444444
0 0.423046875 0.07569444444444444 0.03671875 0.059722222222222225
