0 0.5075520833333333 0.9013888888888889 0.08489583333333334 0.06574074074074074
0 0.634375 0.888425925925926 0.06979166666666667 0.06944444444444445
0 0.31744791666666666 0.874537037037037 0.07135416666666666 0.08796296296296297
0 0.19947916666666668 0.7837962962962963 0.046875 0.12129629629629629
0 0.7153645833333333 0.8768518518518519 0.06927083333333334 0.06851851851851852
0 0.11953125 0.8421296296296297 0.05572916666666667 0.0712962962962963
0 0.06666666666666667 0.8037037037037037 0.046875 0.05740740740740741
0 0.23619791666666667 0.5592592592592592 0.03177083333333333 0.11296296296296296
0 0.16822916666666668 0.25324074074074077 0.034375 0.03981481481481482
0 0.16666666666666666 0.49074074074074076 0.028125 0.09074074074074075
0 0.18072916666666666 0.19675925925925927 0.027083333333333334 0.05462962962962963
0 0.9075520833333334 0.8203703703703704 0.044270833333333336 0.06111111111111111
0 0.2708333333333333 0.1125 0.0375 0.03611111111111111
0 0.2171875 0.19953703703703704 0.022916666666666665 0.04722222222222222
0 0.40859375 0.1125 0.0359375 0.03796296296296296
0 0.5567708333333333 0.10185185185185185 0.03958333333333333 0.04814814814814815
0 0.8619791666666666 0.2152777777777778 0.03125 0.03796296296296296
0 0.0265625 0.2861111111111111 0.023958333333333335 0.037037037037037035
0 0.34427083333333336 0.11666666666666667 0.017708333333333333 0.046296296296296294
0 0.24427083333333333 0.18935185185185185 0.021875 0.058333333333333334
0 0.26458333333333334 0.1837962962962963 0.022916666666666665 0.05092592592592592
0 0.8890625 0.1726851851851852 0.026041666666666668 0.032407407407407406
0 0.709375 0.12546296296296297 0.035416666666666666 0.03796296296296296
0 0.5096354166666667 0.11064814814814815 0.0390625 0.03611111111111111
0 0.36796875 0.11851851851851852 0.0171875 0.04259259259259259
0 0.054427083333333334 0.274537037037037 0.024479166666666666 0.03981481481481482
0 0.8104166666666667 0.2 0.034375 0.03888888888888889
0 0.12213541666666666 0.2652777777777778 0.03177083333333333 0.03425925925925926
0 0.45260416666666664 0.11064814814814815 0.040625 0.03425925925925926
0 0.89921875 0.225 0.025520833333333333 0.03148148148148148
0 0.090625 0.500462962962963 0.017708333333333333 0.075
0 0.9302083333333333 0.23564814814814813 0.022916666666666665 0.028703703703703703
0 0.32005208333333335 0.14305555555555555 0.034895833333333334 0.06018518518518518
0 0.022395833333333334 0.49907407407407406 0.016666666666666666 0.07407407407407407
0 0.14479166666666668 0.20416666666666666 0.021875 0.05092592592592592
0 0.91953125 0.18425925925925926 0.024479166666666666 0.03148148148148148
0 0.10989583333333333 0.20972222222222223 0.019791666666666666 0.06018518518518518
0 0.005989583333333334 0.2902777777777778 0.011979166666666667 0.03796296296296296
0 0.059895833333333336 0.49953703703703706 0.016666666666666666 0.06944444444444445
0 0.9567708333333333 0.2439814814814815 0.017708333333333333 0.030555555555555555
0 0.6609375 0.12083333333333333 0.03333333333333333 0.041666666666666664
0 0.5861979166666667 0.3685185185185185 0.06927083333333334 0.06296296296296296
0 0.08567708333333333 0.26805555555555555 0.028645833333333332 0.03796296296296296
0 0.005729166666666666 0.5013888888888889 0.011458333333333333 0.07314814814814814
0 0.04088541666666667 0.5023148148148148 0.015104166666666667 0.06574074074074074
0 0.03046875 0.21157407407407408 0.025520833333333333 0.032407407407407406
0 0.09114583333333333 0.22175925925925927 0.017708333333333333 0.03981481481481482
0 0.6111979166666667 0.1162037037037037 0.0359375 0.03611111111111111
0 0.7903645833333334 0.1439814814814815 0.0328125 0.03425925925925926
0 0.12890625 0.2064814814814815 0.0140625 0.05
0 0.6015625 0.11666666666666667 0.027083333333333334 0.03518518518518519
