0 0.323046875 0.5958333333333333 0.09609375 0.14722222222222223
0 0.546484375 0.5666666666666667 0.04765625 0.16666666666666666
0 0.351171875 0.8541666666666666 0.12734375 0.11666666666666667
0 0.31328125 0.7520833333333333 0.109375 0.0875
0 0.427734375 0.5798611111111112 0.04296875 0.14305555555555555
0 0.483203125 0.5826388888888889 0.04453125 0.15694444444444444
0 0.89921875 0.775 0.0625 0.1
0 0.58828125 0.85625 0.1078125 0.09027777777777778
0 0.3484375 0.08680555555555555 0.0421875 0.06527777777777778
0 0.38828125 0.08055555555555556 0.0359375 0.05555555555555555
0 0.426171875 0.07361111111111111 0.04296875 0.06111111111111111
0 0.235546875 0.12361111111111112 0.03828125 0.05555555555555555
0 0.277734375 0.11041666666666666 0.03828125 0.05416666666666667
0 0.314453125 0.10277777777777777 0.03515625 0.05
