0 0.326953125 0.5902777777777778 0.09609375 0.14166666666666666
0 0.427734375 0.5805555555555556 0.04296875 0.1388888888888889
0 0.483203125 0.5819444444444445 0.04921875 0.15833333333333333
0 0.58828125 0.8597222222222223 0.10625 0.10833333333333334
0 0.54609375 0.5722222222222222 0.0453125 0.15
0 0.42578125 0.07291666666666667 0.0421875 0.06527777777777778
0 0.348828125 0.8541666666666666 0.13359375 0.11944444444444445
0 0.46015625 0.06111111111111111 0.046875 0.07222222222222222
0 0.278125 0.11388888888888889 0.0390625 0.058333333333333334
0 0.3046875 0.7555555555555555 0.1296875 0.08888888888888889
0 0.31484375 0.10208333333333333 0.0359375 0.059722222222222225
0 0.892578125 0.7777777777777778 0.05234375 0.09444444444444444
0 0.50546875 0.06041666666666667 0.046875 0.06527777777777778
0 0.3890625 0.08055555555555556 0.040625 0.058333333333333334
0 0.348828125 0.08888888888888889 0.04296875 0.06111111111111111
0 0.233984375 0.125 0.03984375 0.06111111111111111
