0 0.335546875 0.5944444444444444 0.08359375 0.14166666666666666
0 0.42734375 0.5798611111111112 0.0421875 0.1375
0 0.484375 0.5784722222222223 0.05 0.1597222222222222
0 0.30078125 0.7541666666666667 0.1390625 0.08611111111111111
0 0.562890625 0.8652777777777778 0.10859375 0.10833333333333334
0 0.5453125 0.5708333333333333 0.05 0.1527777777777778
0 0.4609375 0.06736111111111111 0.046875 0.0625
0 0.316015625 0.10208333333333333 0.03671875 0.05694444444444444
0 0.425390625 0.075 0.04140625 0.06111111111111111
0 0.279296875 0.1125 0.03828125 0.05555555555555555
0 0.337890625 0.8534722222222222 0.15703125 0.11527777777777778
0 0.3515625 0.09097222222222222 0.0421875 0.059722222222222225
0 0.3890625 0.08541666666666667 0.0390625 0.04861111111111111
0 0.504296875 0.0625 0.03359375 0.058333333333333334
0 0.234375 0.12569444444444444 0.0375 0.05694444444444444
0 0.51171875 0.0625 0.046875 0.058333333333333334
0 0.88828125 0.7777777777777778 0.0515625 0.08888888888888889
