0 0.209375 0.7717592592592593 0.03333333333333333 0.12129629629629629
0 0.38046875 0.8944444444444445 0.09114583333333333 0.07777777777777778
0 0.71484375 0.875462962962963 0.0703125 0.06759259259259259
0 0.12786458333333334 0.8361111111111111 0.0609375 0.06481481481481481
0 0.63359375 0.8856481481481482 0.07239583333333334 0.0712962962962963
0 0.06640625 0.799537037037037 0.04635416666666667 0.06388888888888888
0 0.79375 0.8578703703703704 0.06770833333333333 0.0712962962962963
0 0.4635416666666667 0.10416666666666667 0.041666666666666664 0.05092592592592592
0 0.24427083333333333 0.18472222222222223 0.021875 0.058333333333333334
0 0.3229166666666667 0.12685185185185185 0.020833333333333332 0.04814814814814815
0 0.22161458333333334 0.1912037037037037 0.022395833333333334 0.05277777777777778
0 0.5083333333333333 0.10833333333333334 0.035416666666666666 0.044444444444444446
0 0.3078125 0.17777777777777778 0.020833333333333332 0.053703703703703705
0 0.20208333333333334 0.1912037037037037 0.020833333333333332 0.05277777777777778
0 0.9221354166666667 0.8097222222222222 0.04635416666666667 0.06944444444444445
0 0.23723958333333334 0.5574074074074075 0.033854166666666664 0.11851851851851852
0 0.3450520833333333 0.11712962962962963 0.018229166666666668 0.049074074074074076
0 0.15963541666666667 0.2 0.018229166666666668 0.05185185185185185
0 0.9309895833333334 0.2351851851851852 0.024479166666666666 0.03333333333333333
0 0.15338541666666666 0.4962962962962963 0.019270833333333334 0.07777777777777778
0 0.12421875 0.4930555555555556 0.0234375 0.08055555555555556
0 0.5567708333333333 0.10925925925925926 0.03854166666666667 0.05
0 0.12552083333333333 0.20833333333333334 0.01875 0.04814814814814815
0 0.06015625 0.2722222222222222 0.022395833333333334 0.03888888888888889
0 0.17916666666666667 0.19537037037037036 0.021875 0.053703703703703705
0 0.04010416666666667 0.49537037037037035 0.016666666666666666 0.07592592592592592
0 0.41041666666666665 0.11296296296296296 0.040625 0.03888888888888889
0 0.5325520833333334 0.40694444444444444 0.08385416666666666 0.09907407407407408
0 0.0265625 0.2810185185185185 0.023958333333333335 0.03981481481481482
0 0.059895833333333336 0.49907407407407406 0.016666666666666666 0.07037037037037037
0 0.14322916666666666 0.20277777777777778 0.016666666666666666 0.05
0 0.006510416666666667 0.2828703703703704 0.013020833333333334 0.04351851851851852
0 0.005729166666666666 0.4986111111111111 0.011458333333333333 0.07314814814814814
0 0.89921875 0.225 0.0265625 0.02962962962962963
0 0.95859375 0.24259259259259258 0.022395833333333334 0.03148148148148148
0 0.93359375 0.29768518518518516 0.028645833333333332 0.03425925925925926
0 0.9833333333333333 0.24953703703703703 0.023958333333333335 0.03425925925925926
0 0.12161458333333333 0.26296296296296295 0.033854166666666664 0.03518518518518519
0 0.94375 0.19398148148148148 0.019791666666666666 0.032407407407407406
0 0.7875 0.15046296296296297 0.030208333333333334 0.03981481481481482
0 0.89765625 0.33055555555555555 0.034895833333333334 0.04259259259259259
0 0.01953125 0.4981481481481482 0.0140625 0.06851851851851852
0 0.029947916666666668 0.21203703703703702 0.024479166666666666 0.03148148148148148
0 0.9609375 0.24583333333333332 0.021875 0.030555555555555555
0 0.88984375 0.175 0.018229166666666668 0.03148148148148148
0 0.9018229166666667 0.17962962962962964 0.016145833333333335 0.02962962962962963
0 0.3697916666666667 0.10648148148148148 0.021875 0.053703703703703705
0 0.9369791666666667 0.1912037037037037 0.01875 0.032407407407407406
0 0.8049479166666667 0.1986111111111111 0.03177083333333333 0.041666666666666664
0 0.8666666666666667 0.21157407407407408 0.028125 0.03796296296296296
0 0.08932291666666667 0.2638888888888889 0.027604166666666666 0.03518518518518519
