0 0.336328125 0.59375 0.08203125 0.14583333333333334
0 0.41796875 0.875 0.1234375 0.09166666666666666
0 0.48515625 0.5770833333333333 0.05625 0.15138888888888888
0 0.31328125 0.7520833333333333 0.1109375 0.09027777777777778
0 0.546875 0.5680555555555555 0.0515625 0.1638888888888889
0 0.428125 0.5805555555555556 0.040625 0.14166666666666666
0 0.563671875 0.8583333333333333 0.10703125 0.1
0 0.23515625 0.12152777777777778 0.0390625 0.059722222222222225
0 0.275390625 0.10972222222222222 0.03984375 0.058333333333333334
0 0.31484375 0.10416666666666667 0.0375 0.05277777777777778
0 0.35078125 0.08263888888888889 0.04375 0.07361111111111111
0 0.48984375 0.06458333333333334 0.04375 0.059722222222222225
0 0.42421875 0.0763888888888889 0.0390625 0.05555555555555555
0 0.38828125 0.08055555555555556 0.0359375 0.05555555555555555
0 0.89453125 0.7729166666666667 0.0609375 0.09861111111111111
