0 0.336328125 0.59375 0.08203125 0.14583333333333334
0 0.484375 0.5763888888888888 0.05625 0.1527777777777778
0 0.547265625 0.5652777777777778 0.04921875 0.1638888888888889
0 0.4171875 0.8743055555555556 0.121875 0.09027777777777778
0 0.313671875 0.7513888888888889 0.10859375 0.09444444444444444
0 0.562109375 0.8583333333333333 0.11015625 0.1
0 0.428125 0.5805555555555556 0.040625 0.14166666666666666
0 0.89375 0.7729166666666667 0.059375 0.09861111111111111
0 0.275390625 0.10972222222222222 0.03984375 0.058333333333333334
0 0.23515625 0.12083333333333333 0.0375 0.058333333333333334
0 0.42421875 0.07430555555555556 0.0390625 0.059722222222222225
0 0.350390625 0.08194444444444444 0.04296875 0.06944444444444445
0 0.38828125 0.0798611111111111 0.0359375 0.05694444444444444
0 0.489453125 0.06527777777777778 0.04609375 0.058333333333333334
0 0.314453125 0.10277777777777777 0.03671875 0.05277777777777778
