0 0.6317708333333333 0.8930555555555556 0.07395833333333333 0.06944444444444445
0 0.3372395833333333 0.8888888888888888 0.07447916666666667 0.07962962962962963
0 0.71484375 0.8800925925925925 0.0734375 0.06944444444444445
0 0.06901041666666667 0.8111111111111111 0.0609375 0.08888888888888889
0 0.4388020833333333 0.9069444444444444 0.08489583333333334 0.0712962962962963
0 0.54296875 0.9013888888888889 0.09322916666666667 0.08055555555555556
0 0.9294270833333333 0.23796296296296296 0.0234375 0.03518518518518519
0 0.2 0.788425925925926 0.04375 0.12314814814814815
0 0.7934895833333333 0.8638888888888889 0.07239583333333334 0.07222222222222222
0 0.23359375 0.8458333333333333 0.049479166666666664 0.13055555555555556
0 0.24296875 0.18981481481481483 0.021354166666666667 0.05925925925925926
0 0.940625 0.19583333333333333 0.023958333333333335 0.030555555555555555
0 0.7075520833333333 0.12824074074074074 0.0359375 0.04351851851851852
0 0.2375 0.4888888888888889 0.030208333333333334 0.08703703703703704
0 0.30703125 0.17777777777777778 0.024479166666666666 0.053703703703703705
0 0.12291666666666666 0.49907407407407406 0.023958333333333335 0.08888888888888889
0 0.23411458333333332 0.5763888888888888 0.030729166666666665 0.09351851851851851
0 0.030208333333333334 0.2875 0.023958333333333335 0.04351851851851852
0 0.7533854166666667 0.13518518518518519 0.03802083333333333 0.03888888888888889
0 0.08984375 0.5032407407407408 0.022395833333333334 0.0824074074074074
0 0.9598958333333333 0.24675925925925926 0.026041666666666668 0.03425925925925926
0 0.34348958333333335 0.12175925925925926 0.018229166666666668 0.041666666666666664
0 0.05755208333333333 0.2777777777777778 0.025520833333333333 0.046296296296296294
0 0.08697916666666666 0.26944444444444443 0.025 0.044444444444444446
0 0.06640625 0.5074074074074074 0.019270833333333334 0.06481481481481481
0 0.32083333333333336 0.13240740740740742 0.016666666666666666 0.040740740740740744
0 0.88828125 0.17453703703703705 0.022395833333333334 0.030555555555555555
0 0.007552083333333333 0.2916666666666667 0.015104166666666667 0.046296296296296294
0 0.15651041666666668 0.20555555555555555 0.018229166666666668 0.04814814814814815
0 0.55625 0.10833333333333334 0.040625 0.04814814814814815
0 0.1671875 0.5046296296296297 0.022916666666666665 0.09259259259259259
0 0.8591145833333333 0.16620370370370371 0.018229166666666668 0.03425925925925926
0 0.6606770833333333 0.11944444444444445 0.034895833333333334 0.044444444444444446
0 0.04010416666666667 0.5037037037037037 0.01875 0.09074074074074075
0 0.4630208333333333 0.1111111111111111 0.04479166666666667 0.03888888888888889
0 0.9861979166666667 0.24814814814814815 0.025520833333333333 0.044444444444444446
0 0.89609375 0.2273148148148148 0.03177083333333333 0.03425925925925926
0 0.26979166666666665 0.11944444444444445 0.035416666666666666 0.03518518518518519
0 0.82265625 0.15416666666666667 0.027604166666666666 0.032407407407407406
0 0.12291666666666666 0.21574074074074073 0.016666666666666666 0.044444444444444446
0 0.8169270833333333 0.20694444444444443 0.028645833333333332 0.03981481481481482
0 0.10703125 0.21944444444444444 0.016145833333333335 0.044444444444444446
0 0.08072916666666667 0.22546296296296298 0.020833333333333332 0.05092592592592592
0 0.6096354166666667 0.11574074074074074 0.034895833333333334 0.040740740740740744
0 0.23541666666666666 0.5337962962962963 0.03125 0.1787037037037037
0 0.12135416666666667 0.26666666666666666 0.026041666666666668 0.037037037037037035
0 0.13776041666666666 0.2101851851851852 0.0171875 0.046296296296296294
