0 0.3359375 0.59375 0.0828125 0.14583333333333334
0 0.4171875 0.8743055555555556 0.121875 0.09027777777777778
0 0.31328125 0.7527777777777778 0.109375 0.08888888888888889
0 0.5453125 0.5659722222222222 0.0515625 0.16805555555555557
0 0.89296875 0.7729166666666667 0.05625 0.09305555555555556
0 0.562890625 0.8576388888888888 0.10859375 0.09305555555555556
0 0.426953125 0.58125 0.04140625 0.14305555555555555
0 0.23515625 0.12083333333333333 0.0375 0.058333333333333334
0 0.315234375 0.10208333333333333 0.03671875 0.05694444444444444
0 0.275 0.10833333333333334 0.0390625 0.058333333333333334
0 0.45859375 0.06875 0.0421875 0.06527777777777778
0 0.350390625 0.08125 0.04296875 0.07083333333333333
0 0.4234375 0.07291666666666667 0.0359375 0.0625
0 0.38828125 0.0798611111111111 0.0359375 0.05694444444444444
