0 0.7859375 0.8638888888888889 0.06979166666666667 0.06851851851851852
0 0.6807291666666667 0.8865740740740741 0.08020833333333334 0.0712962962962963
0 0.06875 0.8074074074074075 0.04583333333333333 0.06481481481481481
0 0.46901041666666665 0.9074074074074074 0.07552083333333333 0.07037037037037037
0 0.371875 0.9004629629629629 0.08229166666666667 0.06759259259259259
0 0.9315104166666667 0.23935185185185184 0.0234375 0.032407407407407406
0 0.57578125 0.9018518518518519 0.08385416666666666 0.07222222222222222
0 0.19869791666666667 0.788425925925926 0.0515625 0.1175925925925926
0 0.12135416666666667 0.8416666666666667 0.057291666666666664 0.07222222222222222
0 0.9111979166666667 0.8217592592592593 0.043229166666666666 0.062037037037037036
0 0.9578125 0.24583333333333332 0.022916666666666665 0.032407407407407406
0 0.7875 0.14444444444444443 0.03125 0.040740740740740744
0 0.8559895833333333 0.8421296296296297 0.05260416666666667 0.062037037037037036
0 0.9432291666666667 0.19490740740740742 0.020833333333333332 0.030555555555555555
0 0.45677083333333335 0.11157407407407408 0.03854166666666667 0.03981481481481482
0 0.24010416666666667 0.18935185185185185 0.021875 0.05462962962962963
0 0.16067708333333333 0.2023148148148148 0.0203125 0.058333333333333334
0 0.23958333333333334 0.5467592592592593 0.028125 0.10648148148148148
0 0.18203125 0.2550925925925926 0.04010416666666667 0.03981481481481482
0 0.74765625 0.13240740740740742 0.0359375 0.04259259259259259
0 0.8572916666666667 0.16296296296296298 0.025 0.03148148148148148
0 0.6854166666666667 0.4310185185185185 0.059375 0.0787037037037037
0 0.05234375 0.2777777777777778 0.0234375 0.04259259259259259
0 0.028125 0.2828703703703704 0.020833333333333332 0.049074074074074076
0 0.12161458333333333 0.4986111111111111 0.024479166666666666 0.08981481481481482
0 0.8911458333333333 0.17453703703703705 0.028125 0.032407407407407406
0 0.859375 0.21435185185185185 0.03125 0.03796296296296296
0 0.09479166666666666 0.5083333333333333 0.023958333333333335 0.06666666666666667
0 0.9809895833333333 0.25416666666666665 0.0203125 0.03425925925925926
0 0.8138020833333334 0.42314814814814816 0.04739583333333333 0.05925925925925926
0 0.6109375 0.11574074074074074 0.036458333333333336 0.040740740740740744
0 0.5145833333333333 0.11064814814814815 0.04375 0.041666666666666664
0 0.825 0.15555555555555556 0.020833333333333332 0.03333333333333333
0 0.34765625 0.12268518518518519 0.021354166666666667 0.05092592592592592
0 0.3104166666666667 0.16898148148148148 0.020833333333333332 0.058333333333333334
0 0.91875 0.18425925925925926 0.021875 0.03518518518518519
0 0.7536458333333333 0.36944444444444446 0.04895833333333333 0.053703703703703705
0 0.36796875 0.12129629629629629 0.019270833333333334 0.053703703703703705
0 0.16770833333333332 0.5046296296296297 0.028125 0.08518518518518518
0 0.9552083333333333 0.43425925925925923 0.03229166666666667 0.05185185185185185
0 0.9700520833333334 0.20555555555555555 0.021354166666666667 0.03333333333333333
0 0.8984375 0.22777777777777777 0.028125 0.03148148148148148
0 0.41484375 0.1125 0.027604166666666666 0.03425925925925926
0 0.17838541666666666 0.2013888888888889 0.0203125 0.05462962962962963
0 0.7080729166666667 0.12916666666666668 0.034895833333333334 0.03425925925925926
0 0.19817708333333334 0.19953703703703704 0.021354166666666667 0.05092592592592592
0 0.09010416666666667 0.2708333333333333 0.029166666666666667 0.03981481481481482
0 0.1421875 0.20879629629629629 0.019791666666666666 0.05092592592592592
0 0.81484375 0.20555555555555555 0.0328125 0.04259259259259259
0 0.084375 0.2712962962962963 0.026041666666666668 0.040740740740740744
0 0.0078125 0.5018518518518519 0.015625 0.07777777777777778
0 0.0640625 0.5023148148148148 0.016666666666666666 0.07685185185185185
0 0.21848958333333332 0.19768518518518519 0.019270833333333334 0.05277777777777778
0 0.00703125 0.29259259259259257 0.0140625 0.04259259259259259
0 0.5611979166666666 0.11203703703703703 0.0390625 0.03888888888888889
0 0.06666666666666667 0.23287037037037037 0.020833333333333332 0.04351851851851852
0 0.66015625 0.12222222222222222 0.034895833333333334 0.037037037037037035
0 0.12239583333333333 0.21296296296296297 0.019791666666666666 0.05
0 0.02734375 0.5055555555555555 0.016145833333333335 0.07037037037037037
0 0.04453125 0.5087962962962963 0.015104166666666667 0.0824074074074074
0 0.8223958333333333 0.5365740740740741 0.023958333333333335 0.04722222222222222
0 0.09192708333333334 0.22453703703703703 0.0171875 0.04351851851851852
0 0.12447916666666667 0.2662037037037037 0.028125 0.03611111111111111
0 0.9015625 0.3814814814814815 0.03333333333333333 0.044444444444444446
0 0.9903645833333333 0.16527777777777777 0.018229166666666668 0.05092592592592592
