0 0.546484375 0.5645833333333333 0.04765625 0.16805555555555557
0 0.351171875 0.8541666666666666 0.12890625 0.11666666666666667
0 0.3125 0.7520833333333333 0.109375 0.09305555555555556
0 0.572265625 0.8583333333333333 0.10703125 0.10833333333333334
0 0.31484375 0.10138888888888889 0.0375 0.058333333333333334
0 0.427734375 0.5819444444444445 0.04296875 0.14444444444444443
0 0.3484375 0.08541666666666667 0.04375 0.06805555555555555
0 0.45859375 0.06180555555555556 0.0453125 0.06805555555555555
0 0.896875 0.7763888888888889 0.059375 0.09722222222222222
0 0.235546875 0.12152777777777778 0.03671875 0.05694444444444444
0 0.426171875 0.07083333333333333 0.04296875 0.06666666666666667
0 0.277734375 0.10972222222222222 0.03984375 0.05555555555555555
0 0.38828125 0.0798611111111111 0.0375 0.059722222222222225
0 0.496875 0.059027777777777776 0.046875 0.06805555555555555
