0 0.5692708333333333 0.9013888888888889 0.084375 0.06759259259259259
0 0.6802083333333333 0.8870370370370371 0.08125 0.07222222222222222
0 0.9315104166666667 0.23842592592592593 0.0234375 0.03425925925925926
0 0.3768229166666667 0.8986111111111111 0.0828125 0.075
0 0.7859375 0.8634259259259259 0.06979166666666667 0.06759259259259259
0 0.06875 0.8074074074074075 0.04583333333333333 0.06666666666666667
0 0.9578125 0.24675925925925926 0.022916666666666665 0.030555555555555555
0 0.8716145833333333 0.21898148148148147 0.022395833333333334 0.03425925925925926
0 0.45989583333333334 0.1111111111111111 0.04479166666666667 0.040740740740740744
0 0.12213541666666666 0.8416666666666667 0.058854166666666666 0.07222222222222222
0 0.1984375 0.7893518518518519 0.051041666666666666 0.11574074074074074
0 0.47421875 0.9032407407407408 0.0734375 0.06574074074074074
0 0.3046875 0.8564814814814815 0.06666666666666667 0.10185185185185185
0 0.8567708333333334 0.8421296296296297 0.05416666666666667 0.062037037037037036
0 0.4109375 0.11203703703703703 0.035416666666666666 0.03888888888888889
0 0.23958333333333334 0.5462962962962963 0.029166666666666667 0.10740740740740741
0 0.9104166666666667 0.8222222222222222 0.041666666666666664 0.06111111111111111
0 0.9838541666666667 0.25416666666666665 0.022916666666666665 0.03611111111111111
0 0.14583333333333334 0.20324074074074075 0.023958333333333335 0.05462962962962963
0 0.05572916666666667 0.27685185185185185 0.027083333333333334 0.044444444444444446
0 0.3458333333333333 0.12361111111111112 0.022916666666666665 0.05092592592592592
0 0.8901041666666667 0.17453703703703705 0.026041666666666668 0.030555555555555555
0 0.91875 0.18518518518518517 0.023958333333333335 0.03148148148148148
0 0.32083333333333336 0.14027777777777778 0.016666666666666666 0.03796296296296296
0 0.5143229166666666 0.11064814814814815 0.0453125 0.041666666666666664
0 0.18151041666666667 0.25462962962962965 0.04010416666666667 0.040740740740740744
0 0.09557291666666666 0.5078703703703704 0.025520833333333333 0.0712962962962963
0 0.36822916666666666 0.12129629629629629 0.01875 0.05555555555555555
0 0.16692708333333334 0.5046296296296297 0.025520833333333333 0.08703703703703704
0 0.9466145833333334 0.19490740740740742 0.0265625 0.03425925925925926
0 0.12552083333333333 0.21064814814814814 0.017708333333333333 0.04722222222222222
0 0.6091145833333333 0.11435185185185186 0.034895833333333334 0.04351851851851852
0 0.18125 0.19768518518518519 0.027083333333333334 0.05277777777777778
0 0.09244791666666667 0.27037037037037037 0.027604166666666666 0.040740740740740744
0 0.026822916666666665 0.5055555555555555 0.0171875 0.07037037037037037
0 0.026822916666666665 0.28703703703703703 0.0234375 0.037037037037037035
0 0.825 0.15462962962962962 0.020833333333333332 0.03333333333333333
0 0.7463541666666667 0.12962962962962962 0.034375 0.044444444444444446
0 0.042708333333333334 0.5092592592592593 0.016666666666666666 0.07962962962962963
0 0.8979166666666667 0.2263888888888889 0.026041666666666668 0.030555555555555555
0 0.06354166666666666 0.5018518518518519 0.019791666666666666 0.07777777777777778
0 0.121875 0.26851851851851855 0.030208333333333334 0.03518518518518519
0 0.5609375 0.11203703703703703 0.0375 0.040740740740740744
0 0.7903645833333334 0.14583333333333334 0.033854166666666664 0.03796296296296296
0 0.0078125 0.5032407407407408 0.015625 0.0787037037037037
0 0.08515625 0.2708333333333333 0.027604166666666666 0.041666666666666664
0 0.8567708333333334 0.1638888888888889 0.027083333333333334 0.03148148148148148
0 0.21614583333333334 0.20092592592592592 0.029166666666666667 0.04814814814814815
0 0.00625 0.29305555555555557 0.0125 0.03981481481481482
0 0.8114583333333333 0.2050925925925926 0.023958333333333335 0.03981481481481482
0 0.6932291666666667 0.1259259259259259 0.03125 0.03888888888888889
0 0.7 0.12777777777777777 0.03958333333333333 0.03888888888888889
0 0.66484375 0.12175925925925926 0.0234375 0.03611111111111111
