0 0.322265625 0.5958333333333333 0.09921875 0.14444444444444443
0 0.577734375 0.8548611111111111 0.10703125 0.10138888888888889
0 0.546484375 0.56875 0.04765625 0.16527777777777777
0 0.3515625 0.8534722222222222 0.128125 0.11527777777777778
0 0.4828125 0.5833333333333334 0.0453125 0.15555555555555556
0 0.428125 0.5798611111111112 0.0421875 0.14305555555555555
0 0.312890625 0.7506944444444444 0.11015625 0.0875
0 0.23515625 0.12152777777777778 0.0375 0.05694444444444444
0 0.421875 0.07083333333333333 0.0484375 0.06666666666666667
0 0.277734375 0.1111111111111111 0.03828125 0.05277777777777778
0 0.68359375 0.8229166666666666 0.0671875 0.11527777777777778
0 0.34375 0.08333333333333333 0.0390625 0.06666666666666667
0 0.898828125 0.7743055555555556 0.06171875 0.09861111111111111
0 0.314453125 0.10208333333333333 0.03515625 0.05416666666666667
