0 0.54609375 0.5673611111111111 0.04375 0.16527777777777777
0 0.328515625 0.59375 0.09609375 0.14583333333333334
0 0.351953125 0.8541666666666666 0.13046875 0.11388888888888889
0 0.58359375 0.8555555555555555 0.1078125 0.10555555555555556
0 0.483984375 0.5819444444444445 0.04609375 0.15555555555555556
0 0.312109375 0.7513888888888889 0.11171875 0.08888888888888889
0 0.421875 0.07152777777777777 0.0484375 0.06805555555555555
0 0.42734375 0.5805555555555556 0.0421875 0.14444444444444443
0 0.235546875 0.12152777777777778 0.03671875 0.05694444444444444
0 0.353515625 0.09097222222222222 0.03828125 0.05416666666666667
0 0.896875 0.7770833333333333 0.0578125 0.09305555555555556
0 0.497265625 0.05763888888888889 0.04296875 0.06805555555555555
0 0.27890625 0.11041666666666666 0.0359375 0.05138888888888889
0 0.388671875 0.08333333333333333 0.03984375 0.05555555555555555
0 0.31640625 0.10347222222222222 0.0375 0.05138888888888889
