0 0.32578125 0.5902777777777778 0.0359375 0.03333333333333333
0 0.439453125 0.6833333333333333 0.03515625 0.05
0 0.4671875 0.9430555555555555 0.046875 0.07222222222222222
0 0.40859375 0.8833333333333333 0.04375 0.058333333333333334
0 0.286328125 0.8722222222222222 0.04609375 0.06111111111111111
0 0.427734375 0.8993055555555556 0.04609375 0.07361111111111111
0 0.445703125 0.9243055555555556 0.04296875 0.07083333333333333
0 0.475 0.63125 0.0296875 0.04583333333333333
0 0.462890625 0.7298611111111111 0.03828125 0.05694444444444444
0 0.34375 0.9340277777777778 0.04375 0.07361111111111111
0 0.48984375 0.9666666666666667 0.04375 0.06666666666666667
0 0.356640625 0.6513888888888889 0.02578125 0.03888888888888889
0 0.493359375 0.6791666666666667 0.03046875 0.05
0 0.283203125 0.6375 0.03671875 0.044444444444444446
