0 0.7830729166666667 0.861574074074074 0.06510416666666667 0.06574074074074074
0 0.19869791666666667 0.7902777777777777 0.0515625 0.11944444444444445
0 0.5856770833333333 0.8958333333333334 0.0859375 0.075
0 0.12135416666666667 0.8388888888888889 0.06145833333333333 0.06481481481481481
0 0.6809895833333334 0.8828703703703704 0.0765625 0.06944444444444445
0 0.8549479166666667 0.8412037037037037 0.050520833333333334 0.062037037037037036
0 0.06770833333333333 0.8060185185185185 0.04583333333333333 0.06018518518518518
0 0.40963541666666664 0.11203703703703703 0.03697916666666667 0.040740740740740744
0 0.23932291666666666 0.5458333333333333 0.0296875 0.10833333333333334
0 0.93125 0.23472222222222222 0.022916666666666665 0.032407407407407406
0 0.9088541666666666 0.8199074074074074 0.04375 0.06018518518518518
0 0.21875 0.20185185185185187 0.025 0.04814814814814815
0 0.28619791666666666 0.2810185185185185 0.0421875 0.041666666666666664
0 0.1828125 0.2013888888888889 0.026041666666666668 0.05462962962962963
0 0.34869791666666666 0.11898148148148148 0.018229166666666668 0.05092592592592592
0 0.3098958333333333 0.17824074074074073 0.021875 0.04722222222222222
0 0.05572916666666667 0.2763888888888889 0.025 0.03981481481481482
0 0.50703125 0.11064814814814815 0.03802083333333333 0.03796296296296296
0 0.4578125 0.11157407407407408 0.041666666666666664 0.041666666666666664
0 0.0265625 0.287962962962963 0.021875 0.03518518518518519
0 0.8994791666666667 0.22546296296296298 0.028125 0.028703703703703703
0 0.12239583333333333 0.26666666666666666 0.030208333333333334 0.03518518518518519
0 0.14166666666666666 0.2074074074074074 0.01875 0.046296296296296294
0 0.82421875 0.15046296296296297 0.021354166666666667 0.032407407407407406
0 0.65703125 0.1175925925925926 0.03697916666666667 0.040740740740740744
0 0.13958333333333334 0.4597222222222222 0.04791666666666667 0.04537037037037037
0 0.041666666666666664 0.49722222222222223 0.016666666666666666 0.08148148148148149
0 0.61015625 0.11574074074074074 0.0390625 0.03888888888888889
0 0.8588541666666667 0.21666666666666667 0.03125 0.03148148148148148
0 0.32369791666666664 0.13240740740740742 0.021354166666666667 0.044444444444444446
0 0.15989583333333332 0.20462962962962963 0.021875 0.05
0 0.08828125 0.26944444444444443 0.0265625 0.03888888888888889
0 0.82109375 0.538425925925926 0.025520833333333333 0.049074074074074076
0 0.09270833333333334 0.5087962962962963 0.019791666666666666 0.0712962962962963
0 0.77890625 0.3023148148148148 0.024479166666666666 0.05648148148148148
0 0.9190104166666667 0.1837962962962963 0.021354166666666667 0.030555555555555555
0 0.36796875 0.12314814814814815 0.019270833333333334 0.04814814814814815
0 0.94609375 0.1912037037037037 0.0234375 0.03611111111111111
0 0.9609375 0.2462962962962963 0.01875 0.027777777777777776
0 0.89296875 0.17407407407407408 0.021354166666666667 0.02962962962962963
0 0.0067708333333333336 0.29212962962962963 0.013541666666666667 0.03981481481481482
0 0.7065104166666667 0.12777777777777777 0.024479166666666666 0.03518518518518519
0 0.062239583333333334 0.5027777777777778 0.0171875 0.07962962962962963
0 0.7921875 0.14675925925925926 0.03229166666666667 0.03425925925925926
0 0.5552083333333333 0.11342592592592593 0.029166666666666667 0.03611111111111111
0 0.09479166666666666 0.22175925925925927 0.015625 0.04722222222222222
0 0.5604166666666667 0.1087962962962963 0.040625 0.041666666666666664
0 0.005989583333333334 0.5023148148148148 0.011979166666666667 0.075
0 0.8630208333333333 0.16342592592592592 0.021875 0.03425925925925926
0 0.7463541666666667 0.12962962962962962 0.03333333333333333 0.040740740740740744
0 0.9817708333333334 0.30648148148148147 0.034375 0.05925925925925926
0 0.07890625 0.2273148148148148 0.015104166666666667 0.04351851851851852
0 0.69375 0.12361111111111112 0.019791666666666666 0.03796296296296296
0 0.8143229166666667 0.20416666666666666 0.03697916666666667 0.03611111111111111
0 0.12526041666666668 0.21157407407407408 0.0171875 0.04351851851851852
0 0.9838541666666667 0.25 0.021875 0.03148148148148148
0 0.10989583333333333 0.2152777777777778 0.016666666666666666 0.04722222222222222
0 0.023697916666666666 0.5023148148148148 0.016145833333333335 0.075
0 0.784375 0.3013888888888889 0.03854166666666667 0.062037037037037036
