0 0.32265625 0.5951388888888889 0.096875 0.1486111111111111
0 0.546484375 0.5652777777777778 0.04609375 0.16666666666666666
0 0.576171875 0.85625 0.10703125 0.09861111111111111
0 0.3515625 0.8534722222222222 0.128125 0.11805555555555555
0 0.312109375 0.7513888888888889 0.11171875 0.08888888888888889
0 0.483984375 0.5798611111111112 0.04453125 0.1597222222222222
0 0.421875 0.07083333333333333 0.0484375 0.06666666666666667
0 0.427734375 0.5805555555555556 0.04140625 0.14444444444444443
0 0.89765625 0.7743055555555556 0.0609375 0.10138888888888889
0 0.23515625 0.12222222222222222 0.0375 0.058333333333333334
0 0.314453125 0.10138888888888889 0.03671875 0.05555555555555555
0 0.27734375 0.10902777777777778 0.0375 0.05694444444444444
0 0.466015625 0.06875 0.04453125 0.0625
0 0.350390625 0.09375 0.03984375 0.05416666666666667
