0 0.790625 0.7805555555555556 0.14375 0.19166666666666668
0 0.54609375 0.5645833333333333 0.046875 0.16527777777777777
0 0.321875 0.5958333333333333 0.0984375 0.14722222222222223
0 0.57578125 0.8611111111111112 0.1046875 0.11666666666666667
0 0.3125 0.7541666666666667 0.1109375 0.08888888888888889
0 0.35234375 0.8555555555555555 0.1265625 0.11666666666666667
0 0.48359375 0.5833333333333334 0.0453125 0.15833333333333333
0 0.427734375 0.58125 0.04296875 0.14027777777777778
0 0.422265625 0.07083333333333333 0.04765625 0.06944444444444445
0 0.34453125 0.08333333333333333 0.040625 0.07222222222222222
0 0.315234375 0.10069444444444445 0.03671875 0.059722222222222225
0 0.51171875 0.06111111111111111 0.0484375 0.06111111111111111
0 0.0671875 0.9604166666666667 0.0375 0.07361111111111111
0 0.234375 0.12638888888888888 0.0375 0.05555555555555555
