0 0.576171875 0.8604166666666667 0.10546875 0.10972222222222222
0 0.42734375 0.5805555555555556 0.0421875 0.1388888888888889
0 0.484765625 0.5805555555555556 0.04921875 0.15833333333333333
0 0.29921875 0.7541666666666667 0.1390625 0.08611111111111111
0 0.321875 0.5944444444444444 0.0984375 0.14722222222222223
0 0.421484375 0.07013888888888889 0.04765625 0.07083333333333333
0 0.335546875 0.8541666666666666 0.16015625 0.11944444444444445
0 0.382421875 0.07777777777777778 0.03828125 0.06666666666666667
0 0.546484375 0.5666666666666667 0.04453125 0.16111111111111112
0 0.31484375 0.10208333333333333 0.0359375 0.059722222222222225
0 0.35 0.09375 0.0390625 0.05416666666666667
0 0.50234375 0.0625 0.028125 0.05555555555555555
0 0.278515625 0.11180555555555556 0.03828125 0.05694444444444444
0 0.466796875 0.06666666666666667 0.04609375 0.058333333333333334
0 0.892578125 0.7777777777777778 0.05234375 0.09166666666666666
0 0.520703125 0.06180555555555556 0.02890625 0.05694444444444444
0 0.233984375 0.12361111111111112 0.03984375 0.06111111111111111
