0 0.332421875 0.6020833333333333 0.09921875 0.14583333333333334
0 0.583984375 0.8576388888888888 0.10703125 0.10694444444444444
0 0.483203125 0.5826388888888889 0.05078125 0.15694444444444444
0 0.54375 0.5701388888888889 0.04375 0.1625
0 0.383203125 0.07847222222222222 0.03671875 0.0625
0 0.3125 0.10416666666666667 0.0328125 0.05277777777777778
0 0.434375 0.07222222222222222 0.0390625 0.05555555555555555
0 0.340234375 0.8590277777777777 0.15859375 0.12083333333333333
0 0.271875 0.11388888888888889 0.040625 0.05277777777777778
0 0.34609375 0.09236111111111112 0.0390625 0.05138888888888889
0 0.305859375 0.7465277777777778 0.12578125 0.09305555555555556
0 0.233984375 0.12222222222222222 0.03671875 0.05555555555555555
0 0.46796875 0.06736111111111111 0.0421875 0.05694444444444444
0 0.89296875 0.7756944444444445 0.0578125 0.09583333333333334
