0 0.3359375 0.59375 0.0828125 0.14583333333333334
0 0.4171875 0.8743055555555556 0.121875 0.09027777777777778
0 0.483984375 0.5763888888888888 0.05546875 0.15555555555555556
0 0.31328125 0.7513888888888889 0.1109375 0.09166666666666666
0 0.546875 0.5645833333333333 0.05 0.16527777777777777
0 0.562890625 0.8576388888888888 0.10859375 0.09305555555555556
0 0.427734375 0.5805555555555556 0.04140625 0.14166666666666666
0 0.23515625 0.12152777777777778 0.0375 0.059722222222222225
0 0.275 0.10972222222222222 0.0390625 0.058333333333333334
0 0.89375 0.7743055555555556 0.059375 0.09583333333333334
0 0.314453125 0.10138888888888889 0.03671875 0.05555555555555555
0 0.38828125 0.0798611111111111 0.0359375 0.05694444444444444
0 0.35078125 0.08333333333333333 0.04375 0.06944444444444445
0 0.423046875 0.075 0.03671875 0.058333333333333334
0 0.459375 0.06666666666666667 0.0390625 0.06388888888888888
0 0.491015625 0.06597222222222222 0.04296875 0.05694444444444444
