0 0.35390625 0.8777777777777778 0.04375 0.06388888888888888
0 0.333984375 0.8270833333333333 0.04453125 0.059722222222222225
0 0.287109375 0.8715277777777778 0.04453125 0.059722222222222225
0 0.46796875 0.9430555555555555 0.046875 0.075
0 0.439453125 0.6833333333333333 0.03671875 0.05
0 0.408203125 0.8840277777777777 0.04296875 0.0625
0 0.376953125 0.7819444444444444 0.04921875 0.05555555555555555
0 0.42734375 0.8993055555555556 0.046875 0.07361111111111111
0 0.47421875 0.8138888888888889 0.0546875 0.06944444444444445
0 0.278515625 0.6861111111111111 0.04140625 0.058333333333333334
0 0.426171875 0.5979166666666667 0.04453125 0.059722222222222225
0 0.41015625 0.73125 0.0421875 0.05138888888888889
0 0.4296875 0.5472222222222223 0.0671875 0.04722222222222222
0 0.4453125 0.9236111111111112 0.0453125 0.07222222222222222
0 0.462890625 0.73125 0.03671875 0.05416666666666667
0 0.47421875 0.6305555555555555 0.0296875 0.044444444444444446
0 0.4984375 0.5951388888888889 0.028125 0.04027777777777778
0 0.27890625 0.5861111111111111 0.03125 0.04722222222222222
0 0.48984375 0.9666666666666667 0.04375 0.06666666666666667
0 0.334375 0.6972222222222222 0.034375 0.044444444444444446
0 0.512890625 0.9722222222222222 0.04609375 0.05555555555555555
0 0.366015625 0.6381944444444444 0.04453125 0.05416666666666667
0 0.34296875 0.9340277777777778 0.0453125 0.07361111111111111
0 0.341796875 0.5388888888888889 0.06640625 0.04722222222222222
0 0.441015625 0.4548611111111111 0.02578125 0.0375
0 0.282421875 0.6361111111111111 0.03671875 0.04722222222222222
