0 0.3375 0.8916666666666667 0.07395833333333333 0.07592592592592592
0 0.4348958333333333 0.9050925925925926 0.06875 0.0712962962962963
0 0.6322916666666667 0.8921296296296296 0.07083333333333333 0.0712962962962963
0 0.054947916666666666 0.8027777777777778 0.044270833333333336 0.06296296296296296
0 0.23203125 0.5925925925925926 0.03177083333333333 0.10555555555555556
0 0.23802083333333332 0.4888888888888889 0.029166666666666667 0.08518518518518518
0 0.030208333333333334 0.2828703703703704 0.023958333333333335 0.03981481481481482
0 0.4869791666666667 0.638425925925926 0.09583333333333334 0.09351851851851851
0 0.2421875 0.18935185185185185 0.020833333333333332 0.05648148148148148
0 0.9588541666666667 0.24675925925925926 0.020833333333333332 0.03425925925925926
0 0.7596354166666667 0.41203703703703703 0.05260416666666667 0.053703703703703705
0 0.30885416666666665 0.17546296296296296 0.021875 0.05092592592592592
0 0.12057291666666667 0.2671296296296296 0.0296875 0.03611111111111111
0 0.08854166666666667 0.26851851851851855 0.025 0.037037037037037035
0 0.9286458333333333 0.23842592592592593 0.022916666666666665 0.030555555555555555
0 0.5567708333333333 0.1087962962962963 0.040625 0.05092592592592592
0 0.34427083333333336 0.11990740740740741 0.01875 0.05092592592592592
0 0.409375 0.11342592592592593 0.03333333333333333 0.04351851851851852
0 0.9291666666666667 0.8157407407407408 0.04583333333333333 0.06296296296296296
0 0.9846354166666667 0.25092592592592594 0.0265625 0.040740740740740744
0 0.46171875 0.10972222222222222 0.04114583333333333 0.04537037037037037
0 0.16666666666666666 0.5060185185185185 0.021875 0.08425925925925926
0 0.008072916666666667 0.2898148148148148 0.016145833333333335 0.04259259259259259
0 0.865625 0.21574074074074073 0.01875 0.03333333333333333
0 0.2630208333333333 0.19027777777777777 0.021875 0.049074074074074076
0 0.3223958333333333 0.12962962962962962 0.019791666666666666 0.044444444444444446
0 0.896875 0.2273148148148148 0.025 0.030555555555555555
0 0.02734375 0.21342592592592594 0.022395833333333334 0.032407407407407406
0 0.17760416666666667 0.19768518518518519 0.017708333333333333 0.05092592592592592
0 0.19583333333333333 0.19953703703703704 0.020833333333333332 0.049074074074074076
0 0.7494791666666667 0.13472222222222222 0.0375 0.049074074074074076
0 0.23151041666666666 0.12129629629629629 0.0328125 0.03148148148148148
0 0.49244791666666665 0.24861111111111112 0.1421875 0.08055555555555556
0 0.88828125 0.17685185185185184 0.022395833333333334 0.02962962962962963
0 0.5028645833333333 0.11342592592592593 0.030729166666666665 0.03981481481481482
0 0.6041666666666666 0.11481481481481481 0.0375 0.044444444444444446
0 0.9424479166666667 0.19768518518518519 0.0171875 0.030555555555555555
0 0.14192708333333334 0.20833333333333334 0.0171875 0.044444444444444446
0 0.15963541666666667 0.2050925925925926 0.0171875 0.04537037037037037
0 0.81953125 0.5370370370370371 0.0265625 0.05
0 0.79296875 0.1476851851851852 0.028645833333333332 0.03796296296296296
0 0.2171875 0.19953703703703704 0.017708333333333333 0.04722222222222222
0 0.65234375 0.11805555555555555 0.0296875 0.041666666666666664
0 0.85234375 0.2125 0.0203125 0.03611111111111111
0 0.8846354166666667 0.1763888888888889 0.0234375 0.028703703703703703
0 0.8716145833333333 0.8402777777777778 0.06614583333333333 0.07314814814814814
0 0.8192708333333333 0.15648148148148147 0.021875 0.03333333333333333
0 0.9145833333333333 0.1837962962962963 0.016666666666666666 0.030555555555555555
0 0.12864583333333332 0.20925925925925926 0.014583333333333334 0.046296296296296294
0 0.06354166666666666 0.5050925925925925 0.015625 0.06388888888888888
0 0.9341145833333333 0.1962962962962963 0.015104166666666667 0.02962962962962963
0 0.07734375 0.22314814814814815 0.016145833333333335 0.04814814814814815
0 0.09244791666666667 0.2175925925925926 0.015104166666666667 0.053703703703703705
0 0.7838541666666666 0.14722222222222223 0.019791666666666666 0.03518518518518519
0 0.8252604166666667 0.15787037037037038 0.0234375 0.032407407407407406
0 0.9643229166666667 0.2023148148148148 0.0171875 0.03425925925925926
0 0.01953125 0.5 0.013020833333333334 0.07407407407407407
0 0.062239583333333334 0.22916666666666666 0.0171875 0.04537037037037037
0 0.0046875 0.5009259259259259 0.009375 0.07222222222222222
0 0.85546875 0.16111111111111112 0.025520833333333333 0.03518518518518519
