0 0.353125 0.8972222222222223 0.07291666666666667 0.06851851851851852
0 0.5432291666666667 0.8986111111111111 0.08541666666666667 0.0712962962962963
0 0.06796875 0.8060185185185185 0.04635416666666667 0.06388888888888888
0 0.44427083333333334 0.9060185185185186 0.09270833333333334 0.0712962962962963
0 0.7854166666666667 0.8611111111111112 0.06770833333333333 0.06666666666666667
0 0.9302083333333333 0.2375 0.021875 0.03425925925925926
0 0.19791666666666666 0.7875 0.052083333333333336 0.11944444444444445
0 0.85546875 0.8421296296296297 0.05260416666666667 0.06018518518518518
0 0.7166666666666667 0.8796296296296297 0.07291666666666667 0.06851851851851852
0 0.12005208333333334 0.8398148148148148 0.05677083333333333 0.07037037037037037
0 0.12708333333333333 0.49398148148148147 0.027083333333333334 0.08796296296296297
0 0.23619791666666667 0.5671296296296297 0.03177083333333333 0.11388888888888889
0 0.16848958333333333 0.2550925925925926 0.0359375 0.041666666666666664
0 0.9088541666666666 0.8208333333333333 0.041666666666666664 0.06018518518518518
0 0.6296875 0.8949074074074074 0.07291666666666667 0.06759259259259259
0 0.96015625 0.24444444444444444 0.022395833333333334 0.03888888888888889
0 0.9450520833333333 0.19537037037037036 0.021354166666666667 0.03148148148148148
0 0.60703125 0.1175925925925926 0.034895833333333334 0.044444444444444446
0 0.68984375 0.3050925925925926 0.059895833333333336 0.058333333333333334
0 0.8890625 0.1726851851851852 0.028125 0.03425925925925926
0 0.08958333333333333 0.26851851851851855 0.030208333333333334 0.040740740740740744
0 0.8119791666666667 0.2037037037037037 0.025 0.044444444444444446
0 0.5083333333333333 0.11018518518518519 0.03854166666666667 0.037037037037037035
0 0.054947916666666666 0.2763888888888889 0.0296875 0.04537037037037037
0 0.6489583333333333 0.4217592592592593 0.06666666666666667 0.07314814814814814
0 0.024479166666666666 0.2865740740740741 0.022916666666666665 0.04351851851851852
0 0.8981770833333333 0.2273148148148148 0.0296875 0.032407407407407406
0 0.9169270833333333 0.1837962962962963 0.021354166666666667 0.030555555555555555
0 0.09427083333333333 0.5069444444444444 0.025 0.06759259259259259
0 0.46171875 0.41898148148148145 0.06510416666666667 0.05277777777777778
0 0.7513020833333334 0.1361111111111111 0.04010416666666667 0.037037037037037035
0 0.32265625 0.12777777777777777 0.019270833333333334 0.044444444444444446
0 0.14296875 0.2064814814814815 0.022395833333333334 0.053703703703703705
0 0.34739583333333335 0.12314814814814815 0.01875 0.046296296296296294
0 0.2721354166666667 0.11388888888888889 0.033854166666666664 0.03518518518518519
0 0.36770833333333336 0.12731481481481483 0.020833333333333332 0.058333333333333334
0 0.24140625 0.19027777777777777 0.019270833333333334 0.05462962962962963
0 0.3072916666666667 0.175 0.019791666666666666 0.053703703703703705
0 0.9684895833333333 0.20416666666666666 0.021354166666666667 0.03425925925925926
0 0.5596354166666667 0.11203703703703703 0.04114583333333333 0.037037037037037035
0 0.85546875 0.16064814814814815 0.0296875 0.03425925925925926
0 0.16744791666666667 0.5018518518518519 0.0234375 0.09074074074074075
0 0.06171875 0.5027777777777778 0.0234375 0.07777777777777778
0 0.4080729166666667 0.1111111111111111 0.0359375 0.037037037037037035
0 0.09244791666666667 0.22546296296296298 0.0171875 0.03796296296296296
0 0.12526041666666668 0.26666666666666666 0.0296875 0.03518518518518519
0 0.14348958333333334 0.4203703703703704 0.0484375 0.044444444444444446
0 0.8208333333333333 0.5365740740740741 0.020833333333333332 0.04537037037037037
0 0.43020833333333336 0.2601851851851852 0.059375 0.044444444444444446
0 0.00625 0.29259259259259257 0.0125 0.04259259259259259
0 0.06796875 0.38935185185185184 0.0390625 0.06018518518518518
0 0.4596354166666667 0.11018518518518519 0.0453125 0.03888888888888889
0 0.6559895833333333 0.11805555555555555 0.0359375 0.03796296296296296
0 0.10989583333333333 0.2111111111111111 0.020833333333333332 0.05925925925925926
0 0.21901041666666668 0.19722222222222222 0.0203125 0.05
0 0.042708333333333334 0.5092592592592593 0.017708333333333333 0.07777777777777778
0 0.8708333333333333 0.4273148148148148 0.028125 0.04537037037037037
0 0.70703125 0.12777777777777777 0.024479166666666666 0.03888888888888889
0 0.00703125 0.5055555555555555 0.0140625 0.07407407407407407
0 0.12395833333333334 0.20879629629629629 0.01875 0.05277777777777778
0 0.18697916666666667 0.19768518518518519 0.019791666666666666 0.05277777777777778
0 0.4588541666666667 0.30648148148148147 0.052083333333333336 0.046296296296296294
