0 0.33671875 0.8888888888888888 0.07447916666666667 0.07777777777777778
0 0.7177083333333333 0.8791666666666667 0.07604166666666666 0.06759259259259259
0 0.63125 0.8925925925925926 0.07395833333333333 0.07037037037037037
0 0.52890625 0.9078703703703703 0.09010416666666667 0.07685185185185185
0 0.06770833333333333 0.8097222222222222 0.06145833333333333 0.09166666666666666
0 0.7973958333333333 0.8643518518518518 0.078125 0.07314814814814814
0 0.9286458333333333 0.23981481481481481 0.021875 0.03333333333333333
0 0.19921875 0.7865740740740741 0.043229166666666666 0.1175925925925926
0 0.23776041666666667 0.4898148148148148 0.0296875 0.08518518518518518
0 0.13177083333333334 0.8398148148148148 0.05416666666666667 0.07037037037037037
0 0.8755208333333333 0.8393518518518519 0.06979166666666667 0.0712962962962963
0 0.8635416666666667 0.2162037037037037 0.023958333333333335 0.03611111111111111
0 0.42239583333333336 0.9046296296296297 0.09375 0.07407407407407407
0 0.0296875 0.2828703703703704 0.023958333333333335 0.04537037037037037
0 0.24322916666666666 0.18888888888888888 0.020833333333333332 0.05740740740740741
0 0.12239583333333333 0.4976851851851852 0.023958333333333335 0.08611111111111111
0 0.7921875 0.14537037037037037 0.03125 0.03888888888888889
0 0.74765625 0.13287037037037036 0.0328125 0.04722222222222222
0 0.08645833333333333 0.2689814814814815 0.022916666666666665 0.03981481481481482
0 0.32057291666666665 0.1337962962962963 0.019270833333333334 0.04537037037037037
0 0.09010416666666667 0.5018518518518519 0.021875 0.07962962962962963
0 0.15807291666666667 0.20462962962962963 0.018229166666666668 0.046296296296296294
0 0.8528645833333334 0.16157407407407406 0.027604166666666666 0.03425925925925926
0 0.18020833333333333 0.19953703703703704 0.021875 0.05277777777777778
0 0.9588541666666667 0.24814814814814815 0.022916666666666665 0.03333333333333333
0 0.0078125 0.2898148148148148 0.015625 0.046296296296296294
0 0.92890625 0.8162037037037037 0.04114583333333333 0.06388888888888888
0 0.709375 0.1287037037037037 0.034375 0.044444444444444446
0 0.34401041666666665 0.12129629629629629 0.018229166666666668 0.044444444444444446
0 0.040364583333333336 0.5055555555555555 0.019270833333333334 0.09814814814814815
0 0.89765625 0.22870370370370371 0.0296875 0.03518518518518519
0 0.06536458333333334 0.5027777777777778 0.019270833333333334 0.07222222222222222
0 0.4109375 0.1125 0.028125 0.03611111111111111
0 0.5104166666666666 0.10972222222222222 0.0375 0.041666666666666664
0 0.6572916666666667 0.12129629629629629 0.040625 0.04259259259259259
0 0.346875 0.4064814814814815 0.057291666666666664 0.04814814814814815
0 0.9138020833333333 0.1865740740740741 0.022395833333333334 0.030555555555555555
0 0.6114583333333333 0.11666666666666667 0.03854166666666667 0.04259259259259259
0 0.16666666666666666 0.5023148148148148 0.021875 0.08981481481481482
0 0.8255208333333334 0.1550925925925926 0.025 0.03425925925925926
0 0.5497395833333333 0.10601851851851851 0.030729166666666665 0.049074074074074076
0 0.46432291666666664 0.1087962962962963 0.044270833333333336 0.041666666666666664
0 0.1375 0.20972222222222223 0.016666666666666666 0.04537037037037037
0 0.9854166666666667 0.24953703703703703 0.023958333333333335 0.03981481481481482
0 0.12135416666666667 0.26666666666666666 0.026041666666666668 0.037037037037037035
0 0.8776041666666666 0.17453703703703705 0.01875 0.028703703703703703
0 0.005208333333333333 0.500462962962963 0.010416666666666666 0.07685185185185185
0 0.8091145833333333 0.2050925925925926 0.028645833333333332 0.03611111111111111
0 0.09192708333333334 0.21851851851851853 0.015104166666666667 0.05
0 0.01953125 0.5013888888888889 0.0171875 0.08055555555555556
0 0.06927083333333334 0.22824074074074074 0.023958333333333335 0.04722222222222222
0 0.5682291666666667 0.11203703703703703 0.01875 0.03888888888888889
