0 0.583984375 0.8583333333333333 0.10859375 0.10833333333333334
0 0.33203125 0.6027777777777777 0.1 0.14722222222222223
0 0.483203125 0.5826388888888889 0.05234375 0.15694444444444444
0 0.54453125 0.5729166666666666 0.04375 0.1625
0 0.3546875 0.8597222222222223 0.13125 0.11944444444444445
0 0.300390625 0.7534722222222222 0.13984375 0.09027777777777778
0 0.435546875 0.07361111111111111 0.03984375 0.05555555555555555
0 0.383203125 0.0798611111111111 0.03671875 0.0625
0 0.312890625 0.10555555555555556 0.03359375 0.05277777777777778
0 0.345703125 0.09166666666666666 0.03828125 0.05277777777777778
0 0.273046875 0.11388888888888889 0.03828125 0.05277777777777778
0 0.233984375 0.12361111111111112 0.03828125 0.058333333333333334
0 0.894921875 0.7770833333333333 0.06328125 0.09583333333333334
0 0.463671875 0.06736111111111111 0.03203125 0.05694444444444444
0 0.069140625 0.9611111111111111 0.03515625 0.075
