0 0.6807291666666667 0.8842592592592593 0.08020833333333334 0.07222222222222222
0 0.07083333333333333 0.8074074074074075 0.04791666666666667 0.06296296296296296
0 0.8567708333333334 0.8407407407407408 0.05 0.06111111111111111
0 0.7859375 0.8587962962962963 0.06979166666666667 0.06574074074074074
0 0.3859375 0.9069444444444444 0.08541666666666667 0.075
0 0.48203125 0.9018518518518519 0.09427083333333333 0.07777777777777778
0 0.5796875 0.9 0.09479166666666666 0.07037037037037037
0 0.30520833333333336 0.8564814814814815 0.06354166666666666 0.1
0 0.14036458333333332 0.8486111111111111 0.07239583333333334 0.07685185185185185
0 0.20286458333333332 0.7819444444444444 0.033854166666666664 0.09722222222222222
0 0.23984375 0.5476851851851852 0.030729166666666665 0.10833333333333334
0 0.95625 0.24027777777777778 0.020833333333333332 0.030555555555555555
0 0.02890625 0.2865740740740741 0.0234375 0.041666666666666664
0 0.9799479166666667 0.2490740740740741 0.022395833333333334 0.03518518518518519
0 0.9203125 0.8166666666666667 0.05 0.06296296296296296
0 0.93125 0.23425925925925925 0.021875 0.03518518518518519
0 0.12291666666666666 0.5041666666666667 0.027083333333333334 0.0787037037037037
0 0.17473958333333334 0.2537037037037037 0.0421875 0.044444444444444446
0 0.34661458333333334 0.12129629629629629 0.021354166666666667 0.05
0 0.85546875 0.15787037037037038 0.028645833333333332 0.032407407407407406
0 0.46145833333333336 0.1125 0.03958333333333333 0.03981481481481482
0 0.32135416666666666 0.13425925925925927 0.016666666666666666 0.044444444444444446
0 0.8247395833333333 0.15231481481481482 0.0265625 0.03425925925925926
0 0.9166666666666666 0.17824074074074073 0.022916666666666665 0.030555555555555555
0 0.7026041666666667 0.12361111111111112 0.03854166666666667 0.041666666666666664
0 0.5088541666666667 0.10324074074074074 0.036458333333333336 0.04351851851851852
0 0.09453125 0.5060185185185185 0.024479166666666666 0.06944444444444445
0 0.9440104166666666 0.19074074074074074 0.0234375 0.03333333333333333
0 0.16770833333333332 0.5027777777777778 0.022916666666666665 0.08703703703703704
0 0.6096354166666667 0.11296296296296296 0.0359375 0.04259259259259259
0 0.88828125 0.1699074074074074 0.0234375 0.030555555555555555
0 0.11927083333333334 0.2074074074074074 0.017708333333333333 0.05185185185185185
0 0.2721354166666667 0.1125 0.0328125 0.032407407407407406
0 0.05520833333333333 0.2773148148148148 0.026041666666666668 0.041666666666666664
0 0.9033854166666667 0.22546296296296298 0.0203125 0.032407407407407406
0 0.36822916666666666 0.12314814814814815 0.019791666666666666 0.05740740740740741
0 0.0640625 0.5018518518518519 0.020833333333333332 0.07777777777777778
0 0.007552083333333333 0.29259259259259257 0.015104166666666667 0.04259259259259259
0 0.25885416666666666 0.19027777777777777 0.022916666666666665 0.05462962962962963
0 0.04244791666666667 0.5055555555555555 0.0171875 0.08333333333333333
0 0.7518229166666667 0.13240740740740742 0.030729166666666665 0.03333333333333333
0 0.86875 0.21481481481481482 0.023958333333333335 0.03333333333333333
0 0.10442708333333334 0.21064814814814814 0.015104166666666667 0.05092592592592592
0 0.5635416666666667 0.11157407407407408 0.04479166666666667 0.03796296296296296
0 0.7859375 0.13842592592592592 0.028125 0.03425925925925926
0 0.4158854166666667 0.10972222222222222 0.03177083333333333 0.03981481481481482
0 0.8223958333333333 0.2 0.021875 0.03333333333333333
0 0.8216145833333334 0.5351851851851852 0.022395833333333334 0.046296296296296294
0 0.09453125 0.27175925925925926 0.021354166666666667 0.03611111111111111
0 0.007552083333333333 0.5032407407407408 0.015104166666666667 0.08055555555555556
0 0.7489583333333333 0.12824074074074074 0.034375 0.03611111111111111
0 0.02734375 0.5055555555555555 0.0171875 0.07407407407407407
0 0.14713541666666666 0.20787037037037037 0.0234375 0.05277777777777778
0 0.12890625 0.26666666666666666 0.027604166666666666 0.03333333333333333
0 0.96640625 0.19907407407407407 0.018229166666666668 0.03333333333333333
0 0.8747395833333333 0.21805555555555556 0.018229166666666668 0.032407407407407406
