0 0.6328125 0.888425925925926 0.07083333333333333 0.06944444444444445
0 0.34479166666666666 0.8949074074074074 0.090625 0.0787037037037037
0 0.5453125 0.8981481481481481 0.08958333333333333 0.07962962962962963
0 0.05520833333333333 0.7949074074074074 0.04895833333333333 0.06574074074074074
0 0.13723958333333333 0.8930555555555556 0.09010416666666667 0.09537037037037037
0 0.7138020833333333 0.8773148148148148 0.0734375 0.06944444444444445
0 0.24348958333333334 0.1865740740740741 0.022395833333333334 0.058333333333333334
0 0.2640625 0.12222222222222222 0.041666666666666664 0.05740740740740741
0 0.41380208333333335 0.11157407407407408 0.03697916666666667 0.04537037037037037
0 0.20104166666666667 0.7828703703703703 0.040625 0.125
0 0.9825520833333333 0.24953703703703703 0.0234375 0.032407407407407406
0 0.7317708333333334 0.4078703703703704 0.065625 0.075
0 0.503125 0.6810185185185185 0.103125 0.08981481481481482
0 0.20260416666666667 0.1912037037037037 0.01875 0.05092592592592592
0 0.30963541666666666 0.17546296296296296 0.0234375 0.05462962962962963
0 0.32265625 0.12638888888888888 0.0203125 0.04722222222222222
0 0.02890625 0.2800925925925926 0.024479166666666666 0.041666666666666664
0 0.46328125 0.10833333333333334 0.04010416666666667 0.04814814814814815
0 0.08932291666666667 0.2662037037037037 0.0265625 0.041666666666666664
0 0.96015625 0.2439814814814815 0.0234375 0.032407407407407406
0 0.509375 0.1087962962962963 0.0375 0.04722222222222222
0 0.055989583333333336 0.2763888888888889 0.021354166666666667 0.03981481481481482
0 0.5565104166666667 0.10833333333333334 0.04010416666666667 0.05185185185185185
0 0.12135416666666667 0.2652777777777778 0.03229166666666667 0.03796296296296296
0 0.15885416666666666 0.20046296296296295 0.022916666666666665 0.05092592592592592
0 0.16796875 0.5032407407407408 0.0234375 0.0824074074074074
0 0.9315104166666667 0.2351851851851852 0.024479166666666666 0.03333333333333333
0 0.12447916666666667 0.49583333333333335 0.023958333333333335 0.08425925925925926
0 0.6625 0.12175925925925926 0.03854166666666667 0.04351851851851852
0 0.109375 0.2175925925925926 0.016666666666666666 0.044444444444444446
0 0.34479166666666666 0.11851851851851852 0.017708333333333333 0.05
0 0.09192708333333334 0.4976851851851852 0.019270833333333334 0.08425925925925926
0 0.9203125 0.8175925925925925 0.046875 0.06481481481481481
0 0.8885416666666667 0.1726851851851852 0.022916666666666665 0.03425925925925926
0 0.028645833333333332 0.2125 0.026041666666666668 0.032407407407407406
0 0.9026041666666667 0.22592592592592592 0.022916666666666665 0.02962962962962963
0 0.06197916666666667 0.49953703703703706 0.015625 0.07314814814814814
0 0.87578125 0.21851851851851853 0.018229166666666668 0.02962962962962963
0 0.9421875 0.19212962962962962 0.019791666666666666 0.03611111111111111
0 0.3697916666666667 0.11203703703703703 0.021875 0.05555555555555555
0 0.04010416666666667 0.49722222222222223 0.015625 0.07407407407407407
0 0.00703125 0.287962962962963 0.0140625 0.040740740740740744
0 0.8604166666666667 0.2125 0.016666666666666666 0.03425925925925926
0 0.17734375 0.2 0.019270833333333334 0.046296296296296294
0 0.13828125 0.20555555555555555 0.018229166666666668 0.046296296296296294
0 0.6138020833333333 0.11481481481481481 0.03802083333333333 0.044444444444444446
0 0.00546875 0.4976851851851852 0.0109375 0.0712962962962963
0 0.09583333333333334 0.17824074074074073 0.029166666666666667 0.03425925925925926
0 0.859375 0.16620370370370371 0.020833333333333332 0.03425925925925926
0 0.02109375 0.4981481481481482 0.0140625 0.07037037037037037
0 0.9895833333333334 0.17824074074074073 0.016666666666666666 0.04537037037037037
0 0.7533854166666667 0.13472222222222222 0.03697916666666667 0.03981481481481482
0 0.8205729166666667 0.15416666666666667 0.0265625 0.03611111111111111
0 0.82734375 0.1550925925925926 0.021354166666666667 0.03425925925925926
0 0.9700520833333334 0.14907407407407408 0.0171875 0.03888888888888889
