0 0.355078125 0.8784722222222222 0.04296875 0.06527777777777778
0 0.334765625 0.8270833333333333 0.04453125 0.059722222222222225
0 0.439453125 0.6840277777777778 0.03671875 0.05138888888888889
0 0.287109375 0.8722222222222222 0.04453125 0.06111111111111111
0 0.373046875 0.7826388888888889 0.04140625 0.05138888888888889
0 0.46796875 0.94375 0.046875 0.07361111111111111
0 0.27890625 0.6881944444444444 0.0421875 0.059722222222222225
0 0.408203125 0.8847222222222222 0.04140625 0.06111111111111111
0 0.475 0.8125 0.0546875 0.07222222222222222
0 0.42734375 0.9 0.046875 0.07222222222222222
0 0.462890625 0.73125 0.03671875 0.05416666666666667
0 0.440625 0.45555555555555555 0.028125 0.03888888888888889
0 0.425390625 0.5986111111111111 0.04296875 0.058333333333333334
0 0.4453125 0.9236111111111112 0.0453125 0.075
0 0.431640625 0.5465277777777777 0.06328125 0.04583333333333333
0 0.47421875 0.63125 0.0296875 0.04583333333333333
0 0.333984375 0.6979166666666666 0.03359375 0.043055555555555555
0 0.27890625 0.5854166666666667 0.0296875 0.04583333333333333
0 0.362890625 0.6388888888888888 0.04140625 0.05277777777777778
0 0.385546875 0.8805555555555555 0.04921875 0.07222222222222222
0 0.2828125 0.6361111111111111 0.0375 0.04722222222222222
0 0.33984375 0.5395833333333333 0.0625 0.043055555555555555
0 0.40234375 0.7333333333333333 0.05 0.05555555555555555
