0 0.40390625 0.8981481481481481 0.08489583333333334 0.06851851851851852
0 0.6346354166666667 0.888425925925926 0.06927083333333334 0.06759259259259259
0 0.31692708333333336 0.875 0.07239583333333334 0.08518518518518518
0 0.12682291666666667 0.8379629629629629 0.05572916666666667 0.06111111111111111
0 0.06692708333333333 0.8037037037037037 0.04739583333333333 0.05740740740740741
0 0.19973958333333333 0.7837962962962963 0.04635416666666667 0.12129629629629629
0 0.7161458333333334 0.8773148148148148 0.07083333333333333 0.06759259259259259
0 0.23671875 0.5592592592592592 0.03177083333333333 0.11296296296296296
0 0.8489583333333334 0.8421296296296297 0.059375 0.06944444444444445
0 0.6479166666666667 0.3675925925925926 0.05520833333333333 0.06111111111111111
0 0.9078125 0.8217592592592593 0.042708333333333334 0.06018518518518518
0 0.16822916666666668 0.2537037037037037 0.034375 0.040740740740740744
0 0.24427083333333333 0.1884259259259259 0.020833333333333332 0.05648148148148148
0 0.16744791666666667 0.49074074074074076 0.028645833333333332 0.09074074074074075
0 0.9 0.4287037037037037 0.040625 0.05
0 0.34453125 0.11898148148148148 0.0171875 0.04351851851851852
0 0.40989583333333335 0.11157407407407408 0.036458333333333336 0.03796296296296296
0 0.8630208333333333 0.21805555555555556 0.03125 0.030555555555555555
0 0.7536458333333333 0.37222222222222223 0.04479166666666667 0.05740740740740741
0 0.91796875 0.2916666666666667 0.025520833333333333 0.05
0 0.30364583333333334 0.19166666666666668 0.021875 0.053703703703703705
0 0.12317708333333334 0.2657407407407407 0.028645833333333332 0.03333333333333333
0 0.8125 0.2 0.03854166666666667 0.040740740740740744
0 0.1984375 0.19907407407407407 0.021875 0.05555555555555555
0 0.7153645833333333 0.30925925925925923 0.04739583333333333 0.046296296296296294
0 0.9002604166666667 0.22453703703703703 0.0265625 0.030555555555555555
0 0.709375 0.1259259259259259 0.034375 0.03888888888888889
0 0.8880208333333334 0.1726851851851852 0.026041666666666668 0.032407407407407406
0 0.02734375 0.2861111111111111 0.024479166666666666 0.03518518518518519
0 0.5536458333333333 0.10277777777777777 0.03229166666666667 0.04259259259259259
0 0.8390625 0.2796296296296296 0.05 0.06111111111111111
0 0.36796875 0.11990740740740741 0.018229166666666668 0.03981481481481482
0 0.21796875 0.19953703703703704 0.0203125 0.04722222222222222
0 0.265625 0.1837962962962963 0.021875 0.049074074074074076
0 0.278125 0.11481481481481481 0.036458333333333336 0.03333333333333333
0 0.6606770833333333 0.12037037037037036 0.033854166666666664 0.040740740740740744
0 0.8950520833333333 0.3287037037037037 0.0359375 0.03888888888888889
0 0.44817708333333334 0.11064814814814815 0.028645833333333332 0.03425925925925926
0 0.09166666666666666 0.2212962962962963 0.017708333333333333 0.04259259259259259
0 0.8203125 0.5361111111111111 0.025 0.05185185185185185
0 0.8236979166666667 0.15231481481481482 0.024479166666666666 0.032407407407407406
0 0.32447916666666665 0.14074074074074075 0.025 0.05740740740740741
0 0.9830729166666666 0.25046296296296294 0.022395833333333334 0.03425925925925926
0 0.09114583333333333 0.49907407407407406 0.01875 0.07592592592592592
0 0.08489583333333334 0.2689814814814815 0.03125 0.03981481481481482
0 0.5072916666666667 0.11018518518518519 0.034375 0.03518518518518519
0 0.1796875 0.1986111111111111 0.020833333333333332 0.05277777777777778
0 0.93125 0.23657407407407408 0.023958333333333335 0.032407407407407406
0 0.46953125 0.11157407407407408 0.0203125 0.03425925925925926
0 0.05651041666666667 0.27546296296296297 0.024479166666666666 0.03611111111111111
0 0.5703125 0.10740740740740741 0.015625 0.040740740740740744
0 0.022916666666666665 0.5 0.015625 0.07407407407407407
0 0.06666666666666667 0.2300925925925926 0.021875 0.04537037037037037
0 0.91875 0.1837962962962963 0.022916666666666665 0.030555555555555555
0 0.75546875 0.13240740740740742 0.0296875 0.037037037037037035
0 0.10989583333333333 0.21157407407407408 0.019791666666666666 0.05648148148148148
0 0.15859375 0.20416666666666666 0.0234375 0.05277777777777778
0 0.14322916666666666 0.2050925925925926 0.01875 0.049074074074074076
0 0.9591145833333333 0.2375 0.021354166666666667 0.03796296296296296
0 0.005989583333333334 0.5009259259259259 0.011979166666666667 0.07592592592592592
0 0.00625 0.2898148148148148 0.0125 0.037037037037037035
0 0.8622395833333333 0.1597222222222222 0.022395833333333334 0.032407407407407406
0 0.06067708333333333 0.500462962962963 0.0171875 0.0712962962962963
0 0.04192708333333333 0.5023148148148148 0.0140625 0.06759259259259259
0 0.128125 0.2064814814814815 0.014583333333333334 0.05
0 0.7877604166666666 0.1375 0.024479166666666666 0.03611111111111111
