0 0.35885416666666664 0.8949074074074074 0.078125 0.07314814814814814
0 0.5830729166666667 0.9009259259259259 0.08697916666666666 0.07037037037037037
0 0.45807291666666666 0.9055555555555556 0.08489583333333334 0.07037037037037037
0 0.19895833333333332 0.7875 0.052083333333333336 0.12129629629629629
0 0.7830729166666667 0.861574074074074 0.0640625 0.06574074074074074
0 0.6809895833333334 0.8828703703703704 0.0765625 0.06759259259259259
0 0.06953125 0.8032407407407407 0.0484375 0.062037037037037036
0 0.8546875 0.8416666666666667 0.052083333333333336 0.06296296296296296
0 0.23932291666666666 0.5435185185185185 0.0296875 0.10925925925925926
0 0.346875 0.11851851851851852 0.019791666666666666 0.05185185185185185
0 0.027604166666666666 0.28194444444444444 0.022916666666666665 0.03981481481481482
0 0.12395833333333334 0.49907407407407406 0.027083333333333334 0.08888888888888889
0 0.159375 0.2023148148148148 0.019791666666666666 0.05277777777777778
0 0.93125 0.23703703703703705 0.022916666666666665 0.02962962962962963
0 0.309375 0.17731481481481481 0.020833333333333332 0.04722222222222222
0 0.16744791666666667 0.5046296296296297 0.028645833333333332 0.08518518518518518
0 0.24036458333333333 0.19305555555555556 0.019270833333333334 0.049074074074074076
0 0.26015625 0.19305555555555556 0.019270833333333334 0.05277777777777778
0 0.05234375 0.27870370370370373 0.0234375 0.037037037037037035
0 0.21822916666666667 0.11990740740740741 0.03229166666666667 0.03981481481481482
0 0.6109375 0.11388888888888889 0.03958333333333333 0.03888888888888889
0 0.21953125 0.19907407407407407 0.021354166666666667 0.04814814814814815
0 0.8505208333333333 0.6375 0.040625 0.09166666666666666
0 0.9140625 0.8222222222222222 0.05 0.06296296296296296
0 0.50859375 0.11203703703703703 0.04739583333333333 0.03888888888888889
0 0.8994791666666667 0.22592592592592592 0.028125 0.03148148148148148
0 0.4192708333333333 0.1125 0.019791666666666666 0.032407407407407406
0 0.4578125 0.11157407407407408 0.0375 0.03611111111111111
0 0.9565104166666667 0.24351851851851852 0.018229166666666668 0.03148148148148148
0 0.19791666666666666 0.19953703703703704 0.021875 0.049074074074074076
0 0.2721354166666667 0.11388888888888889 0.03697916666666667 0.03148148148148148
0 0.17838541666666666 0.19907407407407407 0.0203125 0.053703703703703705
0 0.36796875 0.11805555555555555 0.018229166666666668 0.041666666666666664
0 0.9182291666666667 0.18194444444444444 0.01875 0.032407407407407406
0 0.0921875 0.5087962962962963 0.020833333333333332 0.06759259259259259
0 0.32369791666666664 0.13194444444444445 0.0203125 0.04351851851851852
0 0.8604166666666667 0.2152777777777778 0.030208333333333334 0.03425925925925926
0 0.69453125 0.25601851851851853 0.1078125 0.07685185185185185
0 0.9421875 0.19212962962962962 0.019791666666666666 0.032407407407407406
0 0.85625 0.16111111111111112 0.026041666666666668 0.03148148148148148
0 0.08411458333333334 0.26990740740740743 0.030729166666666665 0.041666666666666664
0 0.8213541666666667 0.5375 0.025 0.05092592592592592
0 0.9794270833333333 0.2513888888888889 0.016145833333333335 0.032407407407407406
0 0.8924479166666667 0.17453703703703705 0.022395833333333334 0.030555555555555555
0 0.12786458333333334 0.2074074074074074 0.0171875 0.05
0 0.7861979166666667 0.14305555555555555 0.028645833333333332 0.03796296296296296
0 0.5611979166666666 0.11064814814814815 0.04010416666666667 0.03981481481481482
0 0.0421875 0.5041666666666667 0.014583333333333334 0.0712962962962963
0 0.7088541666666667 0.12916666666666668 0.029166666666666667 0.032407407407407406
0 0.8278645833333333 0.15555555555555556 0.0234375 0.02962962962962963
0 0.0067708333333333336 0.2912037037037037 0.013541666666666667 0.03981481481481482
0 0.8192708333333333 0.2050925925925926 0.03229166666666667 0.03425925925925926
0 0.10911458333333333 0.21435185185185185 0.0171875 0.05092592592592592
0 0.9674479166666666 0.20046296296296295 0.0203125 0.03425925925925926
0 0.06276041666666667 0.5013888888888889 0.016145833333333335 0.075
0 0.39765625 0.11296296296296296 0.021354166666666667 0.03333333333333333
0 0.14270833333333333 0.20694444444444443 0.016666666666666666 0.05092592592592592
0 0.00703125 0.5023148148148148 0.0140625 0.07314814814814814
0 0.88359375 0.17314814814814813 0.0171875 0.02962962962962963
0 0.8234375 0.1550925925925926 0.019791666666666666 0.030555555555555555
0 0.6513020833333333 0.11944444444444445 0.0234375 0.03888888888888889
