0 0.6333333333333333 0.8902777777777777 0.071875 0.0712962962962963
0 0.71640625 0.8791666666666667 0.07447916666666667 0.06944444444444445
0 0.31744791666666666 0.874537037037037 0.07135416666666666 0.08611111111111111
0 0.06848958333333334 0.8083333333333333 0.049479166666666664 0.06481481481481481
0 0.19947916666666668 0.7819444444444444 0.046875 0.11944444444444445
0 0.49635416666666665 0.9050925925925926 0.10625 0.06944444444444445
0 0.12291666666666666 0.8384259259259259 0.05625 0.06944444444444445
0 0.7981770833333334 0.8587962962962963 0.07239583333333334 0.06759259259259259
0 0.2359375 0.562037037037037 0.030208333333333334 0.10925925925925926
0 0.9302083333333333 0.2375 0.022916666666666665 0.03611111111111111
0 0.9598958333333333 0.2449074074074074 0.022916666666666665 0.03611111111111111
0 0.7515625 0.1337962962962963 0.034375 0.03981481481481482
0 0.6268229166666667 0.462037037037037 0.07760416666666667 0.08148148148148149
0 0.16770833333333332 0.25324074074074077 0.034375 0.04351851851851852
0 0.8622395833333333 0.21666666666666667 0.027604166666666666 0.03518518518518519
0 0.7098958333333333 0.1287037037037037 0.035416666666666666 0.037037037037037035
0 0.6075520833333333 0.11898148148148148 0.03802083333333333 0.04351851851851852
0 0.8880208333333334 0.17453703703703705 0.030208333333333334 0.032407407407407406
0 0.5588541666666667 0.10648148148148148 0.04479166666666667 0.05
0 0.16588541666666667 0.49212962962962964 0.028645833333333332 0.09351851851851851
0 0.14635416666666667 0.3814814814814815 0.053125 0.05555555555555555
0 0.24348958333333334 0.18796296296296297 0.0203125 0.05740740740740741
0 0.12395833333333334 0.5041666666666667 0.023958333333333335 0.07685185185185185
0 0.9828125 0.2550925925925926 0.022916666666666665 0.03425925925925926
0 0.4557291666666667 0.1111111111111111 0.04791666666666667 0.03518518518518519
0 0.5697916666666667 0.37037037037037035 0.06666666666666667 0.05925925925925926
0 0.27005208333333336 0.11203703703703703 0.0390625 0.037037037037037035
0 0.5104166666666666 0.1087962962962963 0.042708333333333334 0.03981481481481482
0 0.2643229166666667 0.18333333333333332 0.0203125 0.05185185185185185
0 0.8984375 0.22824074074074074 0.029166666666666667 0.032407407407407406
0 0.0546875 0.2759259259259259 0.026041666666666668 0.044444444444444446
0 0.9192708333333334 0.1837962962962963 0.026041666666666668 0.032407407407407406
0 0.0921875 0.500462962962963 0.025 0.08055555555555556
0 0.34348958333333335 0.12083333333333333 0.0203125 0.04537037037037037
0 0.14010416666666667 0.20601851851851852 0.017708333333333333 0.05092592592592592
0 0.0859375 0.26851851851851855 0.028125 0.044444444444444446
0 0.15833333333333333 0.2 0.019791666666666666 0.05
0 0.36796875 0.12083333333333333 0.0203125 0.05092592592592592
0 0.7888020833333333 0.1425925925925926 0.0328125 0.03888888888888889
0 0.66328125 0.11990740740740741 0.03802083333333333 0.04351851851851852
0 0.10807291666666667 0.21296296296296297 0.0203125 0.05555555555555555
0 0.8080729166666667 0.20277777777777778 0.028645833333333332 0.04259259259259259
0 0.025520833333333333 0.28703703703703703 0.025 0.040740740740740744
0 0.17994791666666668 0.19537037037037036 0.022395833333333334 0.04814814814814815
0 0.21666666666666667 0.19768518518518519 0.019791666666666666 0.049074074074074076
0 0.006510416666666667 0.29305555555555557 0.013020833333333334 0.041666666666666664
0 0.0625 0.5018518518518519 0.022916666666666665 0.07592592592592592
0 0.06901041666666667 0.22824074074074074 0.0234375 0.04351851851851852
0 0.12369791666666667 0.20787037037037037 0.018229166666666668 0.05462962962962963
0 0.8713541666666667 0.3837962962962963 0.028125 0.05092592592592592
0 0.005989583333333334 0.5013888888888889 0.011979166666666667 0.07685185185185185
