0 0.440234375 0.6847222222222222 0.03671875 0.05
0 0.467578125 0.94375 0.04765625 0.07083333333333333
0 0.286328125 0.8715277777777778 0.04609375 0.0625
0 0.408984375 0.8861111111111111 0.04296875 0.06388888888888888
0 0.445703125 0.925 0.04453125 0.06944444444444445
0 0.42265625 0.8993055555555556 0.05625 0.07361111111111111
0 0.475 0.6319444444444444 0.0296875 0.044444444444444446
0 0.490234375 0.9666666666666667 0.04453125 0.06666666666666667
0 0.344140625 0.9333333333333333 0.04453125 0.075
0 0.46328125 0.73125 0.0375 0.05694444444444444
0 0.333984375 0.8222222222222222 0.04140625 0.06111111111111111
0 0.493359375 0.6798611111111111 0.03046875 0.04861111111111111
0 0.27734375 0.6756944444444445 0.034375 0.04861111111111111
