0 0.33619791666666665 0.8902777777777777 0.0734375 0.075
0 0.7177083333333333 0.8810185185185185 0.075 0.06944444444444445
0 0.06770833333333333 0.8083333333333333 0.059375 0.08888888888888889
0 0.5276041666666667 0.9027777777777778 0.08854166666666667 0.06481481481481481
0 0.6317708333333333 0.8935185185185185 0.07291666666666667 0.07037037037037037
0 0.7981770833333334 0.8652777777777778 0.0765625 0.075
0 0.9294270833333333 0.23981481481481481 0.022395833333333334 0.03333333333333333
0 0.23697916666666666 0.49027777777777776 0.029166666666666667 0.08611111111111111
0 0.8763020833333334 0.8388888888888889 0.06822916666666666 0.07407407407407407
0 0.23098958333333333 0.5907407407407408 0.027604166666666666 0.1037037037037037
0 0.24270833333333333 0.18888888888888888 0.020833333333333332 0.05740740740740741
0 0.19921875 0.7865740740740741 0.043229166666666666 0.11574074074074074
0 0.12213541666666666 0.49675925925925923 0.0234375 0.08611111111111111
0 0.02890625 0.2828703703703704 0.024479166666666666 0.04537037037037037
0 0.1296875 0.8384259259259259 0.05416666666666667 0.06944444444444445
0 0.054427083333333334 0.27361111111111114 0.022395833333333334 0.041666666666666664
0 0.31979166666666664 0.13425925925925927 0.019791666666666666 0.046296296296296294
0 0.090625 0.5013888888888889 0.021875 0.08055555555555556
0 0.42265625 0.9032407407407408 0.0921875 0.0712962962962963
0 0.8638020833333333 0.2162037037037037 0.022395833333333334 0.03611111111111111
0 0.440625 0.9018518518518519 0.05416666666666667 0.06666666666666667
0 0.15885416666666666 0.20416666666666666 0.01875 0.04722222222222222
0 0.0078125 0.2898148148148148 0.015625 0.046296296296296294
0 0.0859375 0.26851851851851855 0.026041666666666668 0.040740740740740744
0 0.5546875 0.10694444444444444 0.041666666666666664 0.05277777777777778
0 0.1796875 0.19953703703703704 0.020833333333333332 0.05277777777777778
0 0.5671875 0.9740740740740741 0.0875 0.05185185185185185
0 0.51015625 0.10925925925925926 0.03697916666666667 0.040740740740740744
0 0.71015625 0.12962962962962962 0.034895833333333334 0.04259259259259259
0 0.34296875 0.12268518518518519 0.018229166666666668 0.04537037037037037
0 0.93203125 0.8138888888888889 0.0390625 0.06111111111111111
0 0.06536458333333334 0.5023148148148148 0.018229166666666668 0.07685185185185185
0 0.04010416666666667 0.5046296296296297 0.020833333333333332 0.0962962962962963
0 0.9372395833333333 0.19722222222222222 0.018229166666666668 0.03148148148148148
0 0.41015625 0.11203703703703703 0.025520833333333333 0.03518518518518519
0 0.16614583333333333 0.5027777777777778 0.021875 0.08703703703703704
0 0.61171875 0.11712962962962963 0.0359375 0.04351851851851852
0 0.9611979166666667 0.20092592592592592 0.022395833333333334 0.03333333333333333
0 0.12239583333333333 0.26666666666666666 0.026041666666666668 0.03518518518518519
0 0.7934895833333333 0.1486111111111111 0.028645833333333332 0.03611111111111111
0 0.7484375 0.13287037037037036 0.034375 0.04722222222222222
0 0.8208333333333333 0.15324074074074073 0.026041666666666668 0.03425925925925926
0 0.8458333333333333 0.16203703703703703 0.019791666666666666 0.03148148148148148
0 0.9143229166666667 0.18425925925925926 0.0203125 0.02962962962962963
0 0.6598958333333333 0.12083333333333333 0.035416666666666666 0.041666666666666664
0 0.06875 0.22685185185185186 0.023958333333333335 0.05185185185185185
0 0.8783854166666667 0.17407407407407408 0.0171875 0.02962962962962963
0 0.8942708333333333 0.22777777777777777 0.027083333333333334 0.03333333333333333
0 0.8997395833333334 0.22916666666666666 0.025520833333333333 0.03425925925925926
0 0.1375 0.20925925925925926 0.017708333333333333 0.046296296296296294
0 0.8924479166666667 0.17685185185185184 0.016145833333333335 0.02962962962962963
0 0.6411458333333333 0.11990740740740741 0.020833333333333332 0.041666666666666664
0 0.95390625 0.24814814814814815 0.0140625 0.03148148148148148
0 0.271875 0.12129629629629629 0.03854166666666667 0.03148148148148148
0 0.46770833333333334 0.10694444444444444 0.040625 0.04351851851851852
0 0.12239583333333333 0.21388888888888888 0.016666666666666666 0.046296296296296294
