0 0.334765625 0.5944444444444444 0.08359375 0.14166666666666666
0 0.297265625 0.7541666666666667 0.14453125 0.08888888888888889
0 0.42734375 0.58125 0.04375 0.1375
0 0.545703125 0.5645833333333333 0.05078125 0.1625
0 0.5625 0.8652777777777778 0.109375 0.10555555555555556
0 0.483984375 0.5770833333333333 0.06328125 0.14305555555555555
0 0.335546875 0.8590277777777777 0.10859375 0.09305555555555556
0 0.315625 0.10138888888888889 0.0359375 0.05555555555555555
0 0.352734375 0.08888888888888889 0.03671875 0.058333333333333334
0 0.28125 0.10555555555555556 0.0375 0.06666666666666667
0 0.444921875 0.07291666666666667 0.04296875 0.05138888888888889
0 0.475 0.06666666666666667 0.028125 0.05555555555555555
0 0.389453125 0.08472222222222223 0.03984375 0.05
0 0.887890625 0.7763888888888889 0.05234375 0.09166666666666666
0 0.497265625 0.06666666666666667 0.02421875 0.05555555555555555
0 0.233984375 0.12638888888888888 0.03828125 0.05277777777777778
