0 0.5690104166666666 0.9009259259259259 0.08489583333333334 0.06851851851851852
0 0.93125 0.23842592592592593 0.022916666666666665 0.03425925925925926
0 0.6802083333333333 0.8870370370370371 0.08125 0.07222222222222222
0 0.3770833333333333 0.899537037037037 0.08229166666666667 0.07314814814814814
0 0.7859375 0.8638888888888889 0.06979166666666667 0.06851851851851852
0 0.9572916666666667 0.24583333333333332 0.022916666666666665 0.032407407407407406
0 0.06875 0.8074074074074075 0.04583333333333333 0.06481481481481481
0 0.4739583333333333 0.9027777777777778 0.07291666666666667 0.06666666666666667
0 0.8713541666666667 0.21851851851851853 0.021875 0.03333333333333333
0 0.19869791666666667 0.788425925925926 0.0515625 0.11574074074074074
0 0.45989583333333334 0.1111111111111111 0.04479166666666667 0.040740740740740744
0 0.12135416666666667 0.8416666666666667 0.058333333333333334 0.07222222222222222
0 0.984375 0.25416666666666665 0.021875 0.032407407407407406
0 0.8559895833333333 0.8421296296296297 0.05364583333333333 0.062037037037037036
0 0.30520833333333336 0.8555555555555555 0.06979166666666667 0.10185185185185185
0 0.23958333333333334 0.5467592592592593 0.028125 0.10833333333333334
0 0.9109375 0.8212962962962963 0.042708333333333334 0.06111111111111111
0 0.97109375 0.20555555555555555 0.0203125 0.03518518518518519
0 0.4114583333333333 0.11203703703703703 0.034375 0.03888888888888889
0 0.14583333333333334 0.20416666666666666 0.023958333333333335 0.05462962962962963
0 0.29791666666666666 0.23194444444444445 0.04791666666666667 0.04537037037037037
0 0.05572916666666667 0.27685185185185185 0.028125 0.044444444444444446
0 0.74765625 0.13194444444444445 0.03697916666666667 0.04351851851851852
0 0.34739583333333335 0.12314814814814815 0.021875 0.05185185185185185
0 0.5143229166666666 0.11018518518518519 0.0453125 0.04259259259259259
0 0.9440104166666666 0.19537037037037036 0.0203125 0.03148148148148148
0 0.9184895833333333 0.18472222222222223 0.0234375 0.032407407407407406
0 0.890625 0.175 0.026041666666666668 0.03148148148148148
0 0.8565104166666667 0.16342592592592592 0.0265625 0.03425925925925926
0 0.32135416666666666 0.13796296296296295 0.017708333333333333 0.040740740740740744
0 0.3684895833333333 0.12175925925925926 0.018229166666666668 0.05277777777777778
0 0.0953125 0.5064814814814815 0.026041666666666668 0.07222222222222222
0 0.825 0.1550925925925926 0.021875 0.032407407407407406
0 0.18255208333333334 0.25462962962962965 0.0421875 0.040740740740740744
0 0.16666666666666666 0.5037037037037037 0.023958333333333335 0.08703703703703704
0 0.7908854166666667 0.14583333333333334 0.033854166666666664 0.03796296296296296
0 0.6104166666666667 0.11574074074074074 0.035416666666666666 0.040740740740740744
0 0.06354166666666666 0.5018518518518519 0.021875 0.07777777777777778
0 0.09401041666666667 0.26944444444444443 0.025520833333333333 0.040740740740740744
0 0.18125 0.19953703703703704 0.027083333333333334 0.05462962962962963
0 0.12552083333333333 0.21157407407407408 0.017708333333333333 0.04537037037037037
0 0.026302083333333334 0.2861111111111111 0.024479166666666666 0.03888888888888889
0 0.02734375 0.5060185185185185 0.0171875 0.0712962962962963
0 0.12213541666666666 0.26805555555555555 0.0296875 0.03425925925925926
0 0.043229166666666666 0.5097222222222222 0.016666666666666666 0.08055555555555556
0 0.8953125 0.22592592592592592 0.020833333333333332 0.02962962962962963
0 0.007291666666666667 0.5023148148148148 0.014583333333333334 0.08055555555555556
0 0.5619791666666667 0.11296296296296296 0.040625 0.037037037037037035
0 0.0067708333333333336 0.29305555555555557 0.013541666666666667 0.041666666666666664
0 0.8091145833333333 0.20462962962962963 0.0234375 0.03888888888888889
0 0.9013020833333333 0.22870370370370371 0.022395833333333334 0.03148148148148148
0 0.08515625 0.27037037037037037 0.028645833333333332 0.040740740740740744
0 0.8216145833333334 0.5361111111111111 0.022395833333333334 0.04814814814814815
0 0.21354166666666666 0.20046296296296295 0.030208333333333334 0.04722222222222222
0 0.6989583333333333 0.12777777777777777 0.042708333333333334 0.03888888888888889
