0 0.45807291666666666 0.9055555555555556 0.08489583333333334 0.07037037037037037
0 0.5833333333333334 0.9 0.08645833333333333 0.06851851851851852
0 0.35885416666666664 0.8953703703703704 0.078125 0.07407407407407407
0 0.7828125 0.861574074074074 0.06458333333333334 0.06574074074074074
0 0.19895833333333332 0.787962962962963 0.052083333333333336 0.12037037037037036
0 0.6809895833333334 0.8828703703703704 0.0765625 0.06759259259259259
0 0.06979166666666667 0.8032407407407407 0.04895833333333333 0.06018518518518518
0 0.34791666666666665 0.11898148148148148 0.01875 0.05092592592592592
0 0.8544270833333333 0.8416666666666667 0.0515625 0.06296296296296296
0 0.23958333333333334 0.5435185185185185 0.029166666666666667 0.1111111111111111
0 0.027083333333333334 0.2810185185185185 0.021875 0.03981481481481482
0 0.95625 0.24305555555555555 0.020833333333333332 0.032407407407407406
0 0.12421875 0.49907407407407406 0.0265625 0.08888888888888889
0 0.21901041666666668 0.11712962962962963 0.03177083333333333 0.04351851851851852
0 0.309375 0.17824074074074073 0.020833333333333332 0.04537037037037037
0 0.24010416666666667 0.1925925925925926 0.01875 0.04814814814814815
0 0.33541666666666664 0.30972222222222223 0.04895833333333333 0.04537037037037037
0 0.9309895833333334 0.23796296296296296 0.0234375 0.02962962962962963
0 0.85 0.6375 0.040625 0.09166666666666666
0 0.052083333333333336 0.2773148148148148 0.023958333333333335 0.03796296296296296
0 0.16744791666666667 0.5041666666666667 0.028645833333333332 0.08425925925925926
0 0.15963541666666667 0.20277777777777778 0.019270833333333334 0.05185185185185185
0 0.509375 0.11018518518518519 0.046875 0.040740740740740744
0 0.9 0.22685185185185186 0.027083333333333334 0.02962962962962963
0 0.26015625 0.19166666666666668 0.019270833333333334 0.05185185185185185
0 0.27265625 0.11388888888888889 0.03697916666666667 0.03148148148148148
0 0.6106770833333334 0.11388888888888889 0.0390625 0.037037037037037035
0 0.7859375 0.14351851851851852 0.028125 0.03888888888888889
0 0.45729166666666665 0.1111111111111111 0.0375 0.03518518518518519
0 0.9174479166666667 0.18009259259259258 0.018229166666666668 0.03425925925925926
0 0.9138020833333333 0.8226851851851852 0.050520833333333334 0.06388888888888888
0 0.084375 0.2689814814814815 0.03125 0.041666666666666664
0 0.36770833333333336 0.11851851851851852 0.017708333333333333 0.040740740740740744
0 0.8236979166666667 0.3148148148148148 0.043229166666666666 0.046296296296296294
0 0.8216145833333334 0.5388888888888889 0.025520833333333333 0.04814814814814815
0 0.41953125 0.11203703703703703 0.0203125 0.03148148148148148
0 0.21848958333333332 0.19907407407407407 0.019270833333333334 0.046296296296296294
0 0.9794270833333333 0.25092592592592594 0.0171875 0.03333333333333333
0 0.32369791666666664 0.13194444444444445 0.0203125 0.04537037037037037
0 0.85625 0.16111111111111112 0.025 0.03148148148148148
0 0.8606770833333334 0.2162037037037037 0.030729166666666665 0.03425925925925926
0 0.12786458333333334 0.20694444444444443 0.0171875 0.05092592592592592
0 0.17864583333333334 0.1986111111111111 0.01875 0.05277777777777778
0 0.19791666666666666 0.1986111111111111 0.021875 0.049074074074074076
0 0.09192708333333334 0.5087962962962963 0.0203125 0.06759259259259259
0 0.5604166666666667 0.11018518518518519 0.03854166666666667 0.03888888888888889
0 0.04244791666666667 0.5041666666666667 0.015104166666666667 0.0712962962962963
0 0.8919270833333334 0.1736111111111111 0.024479166666666666 0.030555555555555555
0 0.39817708333333335 0.1125 0.022395833333333334 0.032407407407407406
0 0.8236979166666667 0.15555555555555556 0.021354166666666667 0.03148148148148148
0 0.9674479166666666 0.2 0.021354166666666667 0.03518518518518519
0 0.0067708333333333336 0.29074074074074074 0.013541666666666667 0.040740740740740744
0 0.5559895833333334 0.11342592592592593 0.028645833333333332 0.03611111111111111
0 0.8854166666666666 0.17314814814814813 0.01875 0.02962962962962963
0 0.00703125 0.5018518518518519 0.0140625 0.07222222222222222
0 0.109375 0.21342592592592594 0.017708333333333333 0.05092592592592592
0 0.14348958333333334 0.20694444444444443 0.016145833333333335 0.05092592592592592
0 0.8177083333333334 0.2050925925925926 0.03125 0.03425925925925926
0 0.06171875 0.49953703703703706 0.018229166666666668 0.075
0 0.7109375 0.1310185185185185 0.028125 0.032407407407407406
0 0.9421875 0.19074074074074074 0.01875 0.03333333333333333
0 0.6502604166666667 0.11990740740740741 0.022395833333333334 0.03796296296296296
0 0.8229166666666666 0.20601851851851852 0.028125 0.03611111111111111
