0 0.3265625 0.5902777777777778 0.0953125 0.14166666666666666
0 0.427734375 0.5798611111111112 0.04296875 0.14027777777777778
0 0.545703125 0.5694444444444444 0.04609375 0.15555555555555556
0 0.484765625 0.5826388888888889 0.04765625 0.15694444444444444
0 0.349609375 0.8555555555555555 0.13046875 0.12222222222222222
0 0.587109375 0.8611111111111112 0.10859375 0.10833333333333334
0 0.426171875 0.075 0.04296875 0.06388888888888888
0 0.3140625 0.7548611111111111 0.1109375 0.0875
0 0.278125 0.11388888888888889 0.0390625 0.05555555555555555
0 0.315234375 0.10277777777777777 0.03671875 0.058333333333333334
0 0.461328125 0.058333333333333334 0.05078125 0.075
0 0.89453125 0.7805555555555556 0.05625 0.09166666666666666
0 0.3484375 0.08958333333333333 0.0421875 0.0625
0 0.3890625 0.08263888888888889 0.0390625 0.05416666666666667
0 0.499609375 0.06111111111111111 0.03359375 0.06111111111111111
0 0.234375 0.12222222222222222 0.0390625 0.06111111111111111
