0 0.336328125 0.5944444444444444 0.08203125 0.14444444444444443
0 0.41796875 0.875 0.121875 0.09166666666666666
0 0.312890625 0.7527777777777778 0.10859375 0.09166666666666666
0 0.545703125 0.5652777777777778 0.05078125 0.1638888888888889
0 0.562109375 0.8590277777777777 0.11015625 0.09861111111111111
0 0.42734375 0.5798611111111112 0.040625 0.14305555555555555
0 0.23515625 0.12152777777777778 0.0375 0.05694444444444444
0 0.275390625 0.10972222222222222 0.03984375 0.05555555555555555
0 0.458203125 0.06944444444444445 0.04140625 0.06111111111111111
0 0.314453125 0.10347222222222222 0.03515625 0.05138888888888889
0 0.8921875 0.7729166666666667 0.0578125 0.09583333333333334
0 0.38828125 0.08125 0.0359375 0.05416666666666667
0 0.423828125 0.07569444444444444 0.03515625 0.05694444444444444
0 0.35 0.08541666666666667 0.0421875 0.06527777777777778
