0 0.326171875 0.5902777777777778 0.09609375 0.14166666666666666
0 0.427734375 0.5798611111111112 0.04296875 0.14027777777777778
0 0.545703125 0.5694444444444444 0.04609375 0.15833333333333333
0 0.3515625 0.8548611111111111 0.1265625 0.12083333333333333
0 0.484375 0.5819444444444445 0.0484375 0.15833333333333333
0 0.278515625 0.11458333333333333 0.03984375 0.05694444444444444
0 0.31328125 0.7548611111111111 0.1109375 0.0875
0 0.426171875 0.075 0.04296875 0.06388888888888888
0 0.460546875 0.06111111111111111 0.04765625 0.07222222222222222
0 0.315234375 0.10208333333333333 0.03671875 0.059722222222222225
0 0.89609375 0.7770833333333333 0.05625 0.09583333333333334
0 0.3484375 0.09166666666666666 0.04375 0.058333333333333334
0 0.505859375 0.06041666666666667 0.04765625 0.06527777777777778
0 0.388671875 0.08263888888888889 0.03984375 0.05416666666666667
0 0.233984375 0.12430555555555556 0.03984375 0.059722222222222225
