0 0.7833333333333333 0.861574074074074 0.06458333333333334 0.06574074074074074
0 0.6815104166666667 0.8828703703703704 0.0765625 0.06944444444444445
0 0.5768229166666666 0.899537037037037 0.08489583333333334 0.06759259259259259
0 0.06927083333333334 0.8055555555555556 0.04895833333333333 0.05925925925925926
0 0.8549479166666667 0.8421296296296297 0.0515625 0.062037037037037036
0 0.05234375 0.2791666666666667 0.0234375 0.03796296296296296
0 0.34739583333333335 0.11990740740740741 0.01875 0.05092592592592592
0 0.95625 0.24212962962962964 0.021875 0.03425925925925926
0 0.1234375 0.5013888888888889 0.026041666666666668 0.09166666666666666
0 0.18098958333333334 0.2037037037037037 0.025520833333333333 0.04814814814814815
0 0.93125 0.23564814814814813 0.023958333333333335 0.030555555555555555
0 0.159375 0.5013888888888889 0.025 0.0824074074074074
0 0.309375 0.17916666666666667 0.020833333333333332 0.04722222222222222
0 0.45651041666666664 0.1111111111111111 0.03802083333333333 0.04259259259259259
0 0.91875 0.8208333333333333 0.05 0.06018518518518518
0 0.027083333333333334 0.28564814814814815 0.021875 0.041666666666666664
0 0.4197916666666667 0.11296296296296296 0.019791666666666666 0.03148148148148148
0 0.09244791666666667 0.5101851851851852 0.0203125 0.07037037037037037
0 0.8994791666666667 0.22592592592592592 0.029166666666666667 0.03148148148148148
0 0.21666666666666667 0.20277777777777778 0.020833333333333332 0.044444444444444446
0 0.5088541666666667 0.1087962962962963 0.034375 0.03981481481481482
0 0.12473958333333333 0.26990740740740743 0.0328125 0.032407407407407406
0 0.23880208333333333 0.19074074074074074 0.021354166666666667 0.05925925925925926
0 0.26015625 0.19305555555555556 0.019270833333333334 0.05277777777777778
0 0.08359375 0.2726851851851852 0.028645833333333332 0.03981481481481482
0 0.32265625 0.1337962962962963 0.019270833333333334 0.041666666666666664
0 0.04192708333333333 0.5050925925925925 0.016145833333333335 0.075
0 0.36744791666666665 0.12222222222222222 0.0171875 0.044444444444444446
0 0.26979166666666665 0.12685185185185185 0.03854166666666667 0.053703703703703705
0 0.8565104166666667 0.15925925925925927 0.025520833333333333 0.03333333333333333
0 0.8216145833333334 0.537962962962963 0.025520833333333333 0.04814814814814815
0 0.8640625 0.21712962962962962 0.022916666666666665 0.032407407407407406
0 0.8197916666666667 0.20462962962962963 0.03333333333333333 0.037037037037037035
0 0.9669270833333333 0.2023148148148148 0.022395833333333334 0.03611111111111111
0 0.8205729166666667 0.1537037037037037 0.0265625 0.02962962962962963
0 0.61171875 0.11435185185185186 0.03697916666666667 0.03796296296296296
0 0.6567708333333333 0.12361111111111112 0.0375 0.03611111111111111
0 0.5614583333333333 0.1125 0.03333333333333333 0.03796296296296296
0 0.709375 0.1300925925925926 0.022916666666666665 0.032407407407407406
0 0.15885416666666666 0.20879629629629629 0.019791666666666666 0.049074074074074076
0 0.39817708333333335 0.11527777777777778 0.024479166666666666 0.03611111111111111
0 0.19895833333333332 0.1300925925925926 0.016666666666666666 0.03796296296296296
0 0.06302083333333333 0.5037037037037037 0.015625 0.07592592592592592
0 0.8856770833333333 0.1726851851851852 0.022395833333333334 0.030555555555555555
0 0.14427083333333332 0.21064814814814814 0.016666666666666666 0.049074074074074076
0 0.109375 0.21712962962962962 0.017708333333333333 0.04722222222222222
0 0.7864583333333334 0.14351851851851852 0.029166666666666667 0.037037037037037035
0 0.9151041666666667 0.18425925925925926 0.019791666666666666 0.027777777777777776
0 0.12734375 0.21203703703703702 0.0171875 0.04814814814814815
0 0.006510416666666667 0.5041666666666667 0.013020833333333334 0.075
0 0.006510416666666667 0.29259259259259257 0.013020833333333334 0.040740740740740744
0 0.69296875 0.125 0.016145833333333335 0.03333333333333333
0 0.8911458333333333 0.17314814814814813 0.023958333333333335 0.02962962962962963
0 0.09192708333333334 0.2222222222222222 0.016145833333333335 0.046296296296296294
