0 0.3359375 0.5951388888888889 0.0828125 0.14027777777777778
0 0.486328125 0.5791666666666667 0.04609375 0.15555555555555556
0 0.428125 0.5791666666666667 0.0421875 0.1388888888888889
0 0.546484375 0.5694444444444444 0.04921875 0.1527777777777778
0 0.313671875 0.7541666666666667 0.11171875 0.08888888888888889
0 0.352734375 0.85625 0.12578125 0.11805555555555555
0 0.5625 0.8645833333333334 0.109375 0.10694444444444444
0 0.31640625 0.10277777777777777 0.0390625 0.05555555555555555
0 0.352734375 0.08958333333333333 0.04453125 0.05694444444444444
0 0.3890625 0.08333333333333333 0.0375 0.05555555555555555
0 0.889453125 0.7763888888888889 0.05390625 0.09166666666666666
0 0.51328125 0.0625 0.0453125 0.06388888888888888
