0 0.335546875 0.5944444444444444 0.08359375 0.14166666666666666
0 0.428125 0.5798611111111112 0.0421875 0.1375
0 0.31328125 0.7534722222222222 0.1109375 0.0875
0 0.48671875 0.5784722222222223 0.0453125 0.15694444444444444
0 0.33671875 0.8548611111111111 0.15625 0.12083333333333333
0 0.562890625 0.8645833333333334 0.10859375 0.10416666666666667
0 0.5453125 0.5701388888888889 0.05 0.15416666666666667
0 0.8890625 0.7756944444444445 0.0546875 0.09305555555555556
0 0.31640625 0.10277777777777777 0.0390625 0.05555555555555555
0 0.5125 0.0625 0.046875 0.06111111111111111
0 0.38984375 0.08333333333333333 0.040625 0.05
