0 0.546875 0.5659722222222222 0.0453125 0.16805555555555557
0 0.351171875 0.8513888888888889 0.12734375 0.11666666666666667
0 0.323828125 0.5958333333333333 0.09453125 0.14722222222222223
0 0.5890625 0.8548611111111111 0.10625 0.09583333333333334
0 0.4828125 0.5833333333333334 0.0421875 0.1527777777777778
0 0.3125 0.7486111111111111 0.109375 0.08888888888888889
0 0.428515625 0.5791666666666667 0.04140625 0.14444444444444443
0 0.235546875 0.12222222222222222 0.03828125 0.058333333333333334
0 0.348046875 0.08611111111111111 0.04140625 0.06388888888888888
0 0.3875 0.08194444444444444 0.0359375 0.05555555555555555
0 0.314453125 0.10208333333333333 0.03515625 0.05138888888888889
0 0.278125 0.10972222222222222 0.0375 0.05555555555555555
0 0.898046875 0.7729166666666667 0.05703125 0.09305555555555556
0 0.42578125 0.07222222222222222 0.0421875 0.058333333333333334
0 0.894921875 0.24027777777777778 0.04609375 0.06666666666666667
