0 0.35859375 0.8958333333333334 0.07760416666666667 0.0712962962962963
0 0.45755208333333336 0.9055555555555556 0.0859375 0.07037037037037037
0 0.12552083333333333 0.8361111111111111 0.05625 0.06481481481481481
0 0.58359375 0.9004629629629629 0.08802083333333334 0.06759259259259259
0 0.19895833333333332 0.7902777777777777 0.052083333333333336 0.11944444444444445
0 0.06927083333333334 0.8069444444444445 0.04791666666666667 0.06018518518518518
0 0.68046875 0.8851851851851852 0.07760416666666667 0.06666666666666667
0 0.7830729166666667 0.8625 0.0640625 0.06574074074074074
0 0.9309895833333334 0.23657407407407408 0.0234375 0.032407407407407406
0 0.8552083333333333 0.8416666666666667 0.051041666666666666 0.06296296296296296
0 0.028385416666666666 0.2861111111111111 0.022395833333333334 0.03888888888888889
0 0.053125 0.2777777777777778 0.021875 0.03888888888888889
0 0.1234375 0.5 0.026041666666666668 0.09074074074074075
0 0.9143229166666667 0.8217592592592593 0.0515625 0.06574074074074074
0 0.34739583333333335 0.11944444444444445 0.01875 0.05
0 0.23671875 0.5666666666666667 0.03177083333333333 0.09814814814814815
0 0.30911458333333336 0.17962962962962964 0.0203125 0.046296296296296294
0 0.45625 0.11064814814814815 0.036458333333333336 0.03611111111111111
0 0.23958333333333334 0.19398148148148148 0.019791666666666666 0.04722222222222222
0 0.21848958333333332 0.12175925925925926 0.0328125 0.03981481481481482
0 0.09322916666666667 0.5092592592592593 0.019791666666666666 0.07037037037037037
0 0.8994791666666667 0.22685185185185186 0.027083333333333334 0.03148148148148148
0 0.16614583333333333 0.5064814814814815 0.029166666666666667 0.08333333333333333
0 0.14036458333333332 0.20879629629629629 0.021354166666666667 0.05092592592592592
0 0.8497395833333333 0.638425925925926 0.04010416666666667 0.09166666666666666
0 0.2713541666666667 0.1162037037037037 0.034375 0.030555555555555555
0 0.2598958333333333 0.19398148148148148 0.019791666666666666 0.05092592592592592
0 0.3234375 0.1337962962962963 0.020833333333333332 0.04351851851851852
0 0.18151041666666667 0.20046296296296295 0.024479166666666666 0.05648148148148148
0 0.7869791666666667 0.1439814814814815 0.028125 0.03981481481481482
0 0.21666666666666667 0.20185185185185187 0.020833333333333332 0.044444444444444446
0 0.4200520833333333 0.11342592592592593 0.021354166666666667 0.032407407407407406
0 0.8635416666666667 0.2162037037037037 0.023958333333333335 0.03425925925925926
0 0.6109375 0.11435185185185186 0.03854166666666667 0.03981481481481482
0 0.8216145833333334 0.537962962962963 0.025520833333333333 0.04814814814814815
0 0.15989583333333332 0.20462962962962963 0.020833333333333332 0.053703703703703705
0 0.940625 0.19212962962962962 0.021875 0.03425925925925926
0 0.7450520833333333 0.1337962962962963 0.030729166666666665 0.03611111111111111
0 0.82578125 0.1550925925925926 0.024479166666666666 0.032407407407407406
0 0.56015625 0.11342592592592593 0.0390625 0.03796296296296296
0 0.36822916666666666 0.12129629629629629 0.017708333333333333 0.044444444444444446
0 0.6580729166666667 0.12175925925925926 0.03802083333333333 0.03796296296296296
0 0.97890625 0.25092592592592594 0.021354166666666667 0.03333333333333333
0 0.10989583333333333 0.21574074074074073 0.019791666666666666 0.046296296296296294
0 0.5096354166666667 0.11296296296296296 0.04739583333333333 0.03888888888888889
0 0.9666666666666667 0.20092592592592592 0.020833333333333332 0.03518518518518519
0 0.70859375 0.13055555555555556 0.024479166666666666 0.03148148148148148
0 0.8549479166666667 0.16064814814814815 0.025520833333333333 0.030555555555555555
0 0.8916666666666667 0.17407407407407408 0.022916666666666665 0.02962962962962963
0 0.08489583333333334 0.27175925925925926 0.030208333333333334 0.03796296296296296
0 0.041666666666666664 0.5060185185185185 0.015625 0.0712962962962963
0 0.06145833333333333 0.5041666666666667 0.016666666666666666 0.07685185185185185
0 0.8184895833333333 0.2064814814814815 0.0328125 0.03518518518518519
0 0.4010416666666667 0.11481481481481481 0.029166666666666667 0.037037037037037035
0 0.006510416666666667 0.5018518518518519 0.013020833333333334 0.07222222222222222
0 0.0921875 0.2212962962962963 0.014583333333333334 0.04814814814814815
0 0.07942708333333333 0.22314814814814815 0.013020833333333334 0.046296296296296294
0 0.86015625 0.21342592592592594 0.03177083333333333 0.03796296296296296
