0 0.336328125 0.59375 0.08203125 0.14583333333333334
0 0.483984375 0.5784722222222223 0.05546875 0.15138888888888888
0 0.31328125 0.7520833333333333 0.109375 0.09305555555555556
0 0.4171875 0.8763888888888889 0.121875 0.08888888888888889
0 0.546875 0.5743055555555555 0.05 0.15138888888888888
0 0.45859375 0.06944444444444445 0.040625 0.06111111111111111
0 0.42734375 0.58125 0.040625 0.14305555555555555
0 0.2359375 0.12152777777777778 0.0375 0.05694444444444444
0 0.562890625 0.8590277777777777 0.10859375 0.09583333333333334
0 0.275390625 0.11041666666666666 0.03984375 0.05694444444444444
0 0.350390625 0.08402777777777778 0.04296875 0.07083333333333333
0 0.89453125 0.7736111111111111 0.0609375 0.09722222222222222
0 0.31484375 0.10416666666666667 0.0359375 0.05
0 0.423046875 0.07569444444444444 0.03671875 0.0625
0 0.388671875 0.08194444444444444 0.03671875 0.05277777777777778
0 0.702734375 0.42430555555555555 0.19140625 0.24583333333333332
