0 0.395703125 0.07777777777777778 0.04140625 0.05555555555555555
0 0.326171875 0.5916666666666667 0.09765625 0.14722222222222223
0 0.35234375 0.8513888888888889 0.1328125 0.10277777777777777
0 0.23515625 0.12083333333333333 0.0359375 0.05555555555555555
0 0.584375 0.8534722222222222 0.1109375 0.10138888888888889
0 0.4828125 0.5722222222222222 0.046875 0.16666666666666666
0 0.427734375 0.5770833333333333 0.04140625 0.14583333333333334
0 0.5453125 0.5673611111111111 0.046875 0.1625
0 0.278125 0.10625 0.0390625 0.05416666666666667
0 0.3140625 0.1 0.0359375 0.05277777777777778
0 0.467578125 0.06527777777777778 0.04609375 0.05555555555555555
0 0.4328125 0.06805555555555555 0.0390625 0.06111111111111111
0 0.901953125 0.7715277777777778 0.06953125 0.10972222222222222
0 0.312890625 0.75 0.11171875 0.08055555555555556
0 0.346875 0.08958333333333333 0.040625 0.05138888888888889
0 0.695703125 0.8326388888888889 0.10078125 0.10138888888888889
