0 0.417578125 0.875 0.12265625 0.09166666666666666
0 0.3359375 0.59375 0.0828125 0.14583333333333334
0 0.54609375 0.5680555555555555 0.053125 0.1638888888888889
0 0.312890625 0.7520833333333333 0.11015625 0.09305555555555556
0 0.562109375 0.8604166666666667 0.11015625 0.09861111111111111
0 0.42734375 0.5805555555555556 0.040625 0.14166666666666666
0 0.458203125 0.06875 0.04140625 0.06527777777777778
0 0.275 0.10972222222222222 0.0390625 0.05555555555555555
0 0.350390625 0.08402777777777778 0.04296875 0.06805555555555555
0 0.234375 0.12222222222222222 0.0390625 0.05555555555555555
0 0.314453125 0.10208333333333333 0.03671875 0.05694444444444444
0 0.4234375 0.07430555555555556 0.0359375 0.0625
0 0.387890625 0.08194444444444444 0.03671875 0.05555555555555555
0 0.892578125 0.7736111111111111 0.05703125 0.09444444444444444
