0 0.417578125 0.875 0.12265625 0.08888888888888889
0 0.336328125 0.5944444444444444 0.08203125 0.14444444444444443
0 0.312890625 0.7520833333333333 0.11015625 0.09305555555555556
0 0.484375 0.5777777777777777 0.05625 0.1527777777777778
0 0.546484375 0.5680555555555555 0.05078125 0.16111111111111112
0 0.562109375 0.8590277777777777 0.11015625 0.09861111111111111
0 0.427734375 0.5805555555555556 0.04140625 0.14166666666666666
0 0.235546875 0.12083333333333333 0.03671875 0.058333333333333334
0 0.89453125 0.7729166666666667 0.0625 0.09583333333333334
0 0.275 0.10972222222222222 0.0390625 0.058333333333333334
0 0.38828125 0.0798611111111111 0.0359375 0.05694444444444444
0 0.35 0.08194444444444444 0.0421875 0.06944444444444445
0 0.423828125 0.07361111111111111 0.03828125 0.06111111111111111
0 0.489453125 0.06458333333333334 0.04609375 0.059722222222222225
0 0.31484375 0.10347222222222222 0.0375 0.05416666666666667
