0 0.68046875 0.888425925925926 0.08072916666666667 0.0712962962962963
0 0.35963541666666665 0.8976851851851851 0.08072916666666667 0.07314814814814814
0 0.7856770833333333 0.8634259259259259 0.06927083333333334 0.06759259259259259
0 0.06822916666666666 0.8064814814814815 0.04583333333333333 0.06481481481481481
0 0.93125 0.2388888888888889 0.022916666666666665 0.03333333333333333
0 0.57578125 0.9018518518518519 0.08385416666666666 0.07222222222222222
0 0.19869791666666667 0.7870370370370371 0.0515625 0.11851851851851852
0 0.12239583333333333 0.8416666666666667 0.06041666666666667 0.07222222222222222
0 0.05364583333333333 0.27870370370370373 0.025 0.040740740740740744
0 0.9567708333333333 0.24675925925925926 0.022916666666666665 0.03425925925925926
0 0.8559895833333333 0.8425925925925926 0.05364583333333333 0.06296296296296296
0 0.2908854166666667 0.8435185185185186 0.0484375 0.09444444444444444
0 0.45234375 0.9092592592592592 0.10885416666666667 0.07222222222222222
0 0.23880208333333333 0.5458333333333333 0.028645833333333332 0.10833333333333334
0 0.9104166666666667 0.8226851851851852 0.04375 0.062037037037037036
0 0.12213541666666666 0.4981481481481482 0.024479166666666666 0.09074074074074075
0 0.028125 0.2851851851851852 0.021875 0.044444444444444446
0 0.23984375 0.18796296296296297 0.022395833333333334 0.05555555555555555
0 0.7872395833333333 0.14351851851851852 0.030729166666666665 0.040740740740740744
0 0.34739583333333335 0.12175925925925926 0.021875 0.05462962962962963
0 0.309375 0.17685185185185184 0.019791666666666666 0.046296296296296294
0 0.97890625 0.25324074074074077 0.018229166666666668 0.03425925925925926
0 0.21744791666666666 0.12129629629629629 0.0328125 0.03888888888888889
0 0.8580729166666666 0.16435185185185186 0.021354166666666667 0.032407407407407406
0 0.6114583333333333 0.11527777777777778 0.036458333333333336 0.041666666666666664
0 0.8984375 0.22870370370370371 0.029166666666666667 0.03333333333333333
0 0.91875 0.18333333333333332 0.021875 0.037037037037037035
0 0.96953125 0.20555555555555555 0.0234375 0.03333333333333333
0 0.09427083333333333 0.5078703703703704 0.023958333333333335 0.06759259259259259
0 0.16796875 0.5041666666666667 0.025520833333333333 0.08425925925925926
0 0.1640625 0.26666666666666666 0.03125 0.03518518518518519
0 0.8197916666666667 0.20787037037037037 0.03229166666666667 0.03981481481481482
0 0.7111979166666667 0.3699074074074074 0.05572916666666667 0.05648148148148148
0 0.709375 0.13055555555555556 0.03125 0.03333333333333333
0 0.26145833333333335 0.18981481481481483 0.019791666666666666 0.05555555555555555
0 0.4171875 0.11342592592592593 0.022916666666666665 0.03425925925925926
0 0.36796875 0.11944444444444445 0.019270833333333334 0.04814814814814815
0 0.515625 0.1111111111111111 0.04479166666666667 0.03888888888888889
0 0.8614583333333333 0.2175925925925926 0.027083333333333334 0.037037037037037035
0 0.178125 0.2013888888888889 0.021875 0.05277777777777778
0 0.89140625 0.17546296296296296 0.0265625 0.030555555555555555
0 0.66015625 0.12361111111111112 0.034895833333333334 0.03611111111111111
0 0.7450520833333333 0.1310185185185185 0.0359375 0.04537037037037037
0 0.14453125 0.2101851851851852 0.025520833333333333 0.05185185185185185
0 0.32369791666666664 0.12777777777777777 0.0171875 0.046296296296296294
0 0.007552083333333333 0.5023148148148148 0.015104166666666667 0.0787037037037037
0 0.06458333333333334 0.5027777777777778 0.017708333333333333 0.07777777777777778
0 0.884375 0.175 0.021875 0.02962962962962963
0 0.007291666666666667 0.29305555555555557 0.014583333333333334 0.041666666666666664
0 0.027604166666666666 0.5064814814814815 0.017708333333333333 0.06851851851851852
0 0.8216145833333334 0.5375 0.022395833333333334 0.04537037037037037
0 0.2721354166666667 0.11527777777777778 0.0328125 0.030555555555555555
0 0.04453125 0.5097222222222222 0.016145833333333335 0.08611111111111111
0 0.8247395833333333 0.15416666666666667 0.018229166666666668 0.032407407407407406
0 0.6322916666666667 0.6699074074074074 0.10104166666666667 0.10648148148148148
0 0.5638020833333334 0.11388888888888889 0.043229166666666666 0.040740740740740744
0 0.19505208333333332 0.2023148148148148 0.019270833333333334 0.05092592592592592
0 0.8515625 0.21342592592592594 0.023958333333333335 0.03981481481481482
0 0.8408854166666667 0.15925925925925927 0.0140625 0.02962962962962963
