0 0.93046875 0.23842592592592593 0.0234375 0.03425925925925926
0 0.7856770833333333 0.8629629629629629 0.06927083333333334 0.06851851851851852
0 0.6807291666666667 0.887962962962963 0.08125 0.07222222222222222
0 0.47708333333333336 0.9055555555555556 0.09166666666666666 0.06851851851851852
0 0.06822916666666666 0.8074074074074075 0.04583333333333333 0.06666666666666667
0 0.5752604166666667 0.9013888888888889 0.08489583333333334 0.0712962962962963
0 0.19895833333333332 0.788425925925926 0.053125 0.1175925925925926
0 0.121875 0.8416666666666667 0.058333333333333334 0.07222222222222222
0 0.9580729166666667 0.24722222222222223 0.0234375 0.03333333333333333
0 0.9109375 0.8226851851851852 0.04375 0.062037037037037036
0 0.459375 0.11203703703703703 0.04479166666666667 0.04259259259259259
0 0.85625 0.8425925925925926 0.05416666666666667 0.06111111111111111
0 0.23958333333333334 0.5462962962962963 0.029166666666666667 0.10740740740740741
0 0.05234375 0.27870370370370373 0.024479166666666666 0.04259259259259259
0 0.9432291666666667 0.1962962962962963 0.021875 0.02962962962962963
0 0.18229166666666666 0.25462962962962965 0.042708333333333334 0.040740740740740744
0 0.1625 0.20046296296296295 0.025 0.05648148148148148
0 0.26458333333333334 0.31157407407407406 0.057291666666666664 0.04722222222222222
0 0.7877604166666666 0.14444444444444443 0.03177083333333333 0.03888888888888889
0 0.89921875 0.2273148148148148 0.0296875 0.032407407407407406
0 0.027864583333333335 0.2847222222222222 0.021354166666666667 0.04537037037037037
0 0.56875 0.2708333333333333 0.059375 0.04722222222222222
0 0.5153645833333333 0.11157407407407408 0.044270833333333336 0.041666666666666664
0 0.7466145833333333 0.13194444444444445 0.034895833333333334 0.04351851851851852
0 0.0859375 0.2712962962962963 0.028125 0.040740740740740744
0 0.3463541666666667 0.12453703703703704 0.020833333333333332 0.05092592592592592
0 0.8895833333333333 0.17546296296296296 0.027083333333333334 0.030555555555555555
0 0.85703125 0.1648148148148148 0.024479166666666666 0.03148148148148148
0 0.98125 0.25324074074074077 0.020833333333333332 0.03611111111111111
0 0.21875 0.2013888888888889 0.022916666666666665 0.049074074074074076
0 0.753125 0.2814814814814815 0.04791666666666667 0.04259259259259259
0 0.8270833333333333 0.15555555555555556 0.021875 0.03333333333333333
0 0.415625 0.11296296296296296 0.027083333333333334 0.03518518518518519
0 0.7013020833333333 0.12777777777777777 0.04010416666666667 0.040740740740740744
0 0.36744791666666665 0.12361111111111112 0.019270833333333334 0.05462962962962963
0 0.3765625 0.8976851851851851 0.07916666666666666 0.08425925925925926
0 0.859375 0.21712962962962962 0.030208333333333334 0.03796296296296296
0 0.215625 0.41759259259259257 0.053125 0.05
0 0.30885416666666665 0.17546296296296296 0.019791666666666666 0.049074074074074076
0 0.8140625 0.20601851851851852 0.025 0.041666666666666664
0 0.09557291666666666 0.5074074074074074 0.0265625 0.07037037037037037
0 0.9708333333333333 0.2050925925925926 0.020833333333333332 0.032407407407407406
0 0.0078125 0.5050925925925925 0.015625 0.0712962962962963
0 0.12838541666666667 0.2125 0.0265625 0.04722222222222222
0 0.6111979166666667 0.1162037037037037 0.03697916666666667 0.04351851851851852
0 0.26979166666666665 0.11435185185185186 0.03854166666666667 0.032407407407407406
0 0.007291666666666667 0.29305555555555557 0.014583333333333334 0.041666666666666664
0 0.1671875 0.5041666666666667 0.027083333333333334 0.08425925925925926
0 0.32317708333333334 0.12824074074074074 0.0171875 0.04537037037037037
0 0.5630208333333333 0.11388888888888889 0.041666666666666664 0.03888888888888889
0 0.06484375 0.5027777777777778 0.0203125 0.07777777777777778
0 0.027864583333333335 0.5060185185185185 0.0171875 0.06944444444444445
0 0.0671875 0.2337962962962963 0.022916666666666665 0.04351851851851852
0 0.821875 0.5375 0.023958333333333335 0.04722222222222222
