0 0.5442708333333334 0.8986111111111111 0.08541666666666667 0.06574074074074074
0 0.35625 0.8976851851851851 0.08229166666666667 0.06759259259259259
0 0.12109375 0.8384259259259259 0.0578125 0.06759259259259259
0 0.44895833333333335 0.9027777777777778 0.08333333333333333 0.06666666666666667
0 0.06796875 0.8055555555555556 0.044270833333333336 0.06296296296296296
0 0.19817708333333334 0.788425925925926 0.0515625 0.11944444444444445
0 0.8541666666666666 0.8412037037037037 0.052083333333333336 0.062037037037037036
0 0.7822916666666667 0.8601851851851852 0.0625 0.06481481481481481
0 0.23489583333333333 0.5675925925925925 0.030208333333333334 0.1111111111111111
0 0.71640625 0.8763888888888889 0.0703125 0.06388888888888888
0 0.17005208333333333 0.25277777777777777 0.0359375 0.04259259259259259
0 0.121875 0.4981481481481482 0.025 0.08888888888888889
0 0.054427083333333334 0.2763888888888889 0.0296875 0.04351851851851852
0 0.15963541666666667 0.2037037037037037 0.022395833333333334 0.05185185185185185
0 0.9078125 0.8212962962962963 0.040625 0.05925925925925926
0 0.16822916666666668 0.5027777777777778 0.023958333333333335 0.08333333333333333
0 0.30885416666666665 0.1763888888888889 0.019791666666666666 0.049074074074074076
0 0.4596354166666667 0.1111111111111111 0.03802083333333333 0.037037037037037035
0 0.09270833333333334 0.5074074074074074 0.020833333333333332 0.06851851851851852
0 0.10989583333333333 0.2111111111111111 0.019791666666666666 0.05925925925925926
0 0.2375 0.19675925925925927 0.020833333333333332 0.05092592592592592
0 0.28802083333333334 0.8611111111111112 0.040625 0.11851851851851852
0 0.26197916666666665 0.1875 0.023958333333333335 0.049074074074074076
0 0.34817708333333336 0.11898148148148148 0.0171875 0.04722222222222222
0 0.3223958333333333 0.13055555555555556 0.020833333333333332 0.046296296296296294
0 0.13020833333333334 0.20833333333333334 0.019791666666666666 0.04814814814814815
0 0.21640625 0.19768518518518519 0.0203125 0.04722222222222222
0 0.27317708333333335 0.11296296296296296 0.033854166666666664 0.03518518518518519
0 0.5083333333333333 0.10694444444444444 0.041666666666666664 0.03796296296296296
0 0.6057291666666667 0.11527777777777778 0.035416666666666666 0.03796296296296296
0 0.08802083333333334 0.2689814814814815 0.027083333333333334 0.03981481481481482
0 0.88828125 0.17222222222222222 0.024479166666666666 0.02962962962962963
0 0.18255208333333334 0.19768518518518519 0.024479166666666666 0.05462962962962963
0 0.80234375 0.42407407407407405 0.04739583333333333 0.05555555555555555
0 0.12447916666666667 0.2652777777777778 0.029166666666666667 0.03425925925925926
0 0.36744791666666665 0.12222222222222222 0.019270833333333334 0.046296296296296294
0 0.7533854166666667 0.13472222222222222 0.0296875 0.03425925925925926
0 0.8994791666666667 0.22546296296296298 0.028125 0.030555555555555555
0 0.8208333333333333 0.5365740740740741 0.022916666666666665 0.04722222222222222
0 0.0421875 0.5060185185185185 0.015625 0.0712962962962963
0 0.70859375 0.12407407407407407 0.0203125 0.03888888888888889
0 0.0625 0.5023148148148148 0.01875 0.075
0 0.9559895833333333 0.2412037037037037 0.015104166666666667 0.032407407407407406
0 0.859375 0.16203703703703703 0.020833333333333332 0.03333333333333333
0 0.8630208333333333 0.21805555555555556 0.022916666666666665 0.028703703703703703
0 0.00625 0.5027777777777778 0.0125 0.07592592592592592
0 0.9294270833333333 0.2337962962962963 0.021354166666666667 0.032407407407407406
0 0.6546875 0.11527777777777778 0.03333333333333333 0.03796296296296296
0 0.9828125 0.25 0.021875 0.03333333333333333
0 0.9151041666666667 0.17962962962962964 0.016666666666666666 0.02962962962962963
0 0.8098958333333334 0.20185185185185187 0.026041666666666668 0.03333333333333333
0 0.6890625 0.12268518518518519 0.01875 0.03796296296296296
0 0.7484375 0.1337962962962963 0.03229166666666667 0.03425925925925926
0 0.39869791666666665 0.11203703703703703 0.019270833333333334 0.03333333333333333
0 0.8296875 0.15324074074074073 0.027083333333333334 0.032407407407407406
0 0.8208333333333333 0.15 0.015625 0.03333333333333333
0 0.4044270833333333 0.11157407407407408 0.028645833333333332 0.032407407407407406
0 0.78515625 0.1425925925925926 0.019270833333333334 0.03518518518518519
0 0.07682291666666667 0.22777777777777777 0.015104166666666667 0.03888888888888889
