0 0.71484375 0.8763888888888889 0.06927083333333334 0.06574074074074074
0 0.634375 0.8875 0.06979166666666667 0.06759259259259259
0 0.5424479166666667 0.8981481481481481 0.08385416666666666 0.06666666666666667
0 0.19739583333333333 0.787962962962963 0.052083333333333336 0.11851851851851852
0 0.06796875 0.8027777777777778 0.04739583333333333 0.05925925925925926
0 0.23463541666666668 0.5675925925925925 0.030729166666666665 0.1111111111111111
0 0.8486979166666667 0.8407407407407408 0.05677083333333333 0.06666666666666667
0 0.7815104166666667 0.8597222222222223 0.06302083333333333 0.06388888888888888
0 0.16822916666666668 0.25324074074074077 0.035416666666666666 0.041666666666666664
0 0.196875 0.19953703703703704 0.01875 0.05277777777777778
0 0.25364583333333335 0.1837962962962963 0.021875 0.062037037037037036
0 0.9080729166666667 0.8217592592592593 0.0421875 0.058333333333333334
0 0.34453125 0.11851851851851852 0.016145833333333335 0.044444444444444446
0 0.5588541666666667 0.10925925925925926 0.03854166666666667 0.04259259259259259
0 0.12734375 0.4935185185185185 0.025520833333333333 0.08518518518518518
0 0.9299479166666667 0.2361111111111111 0.0234375 0.02962962962962963
0 0.8875 0.1726851851851852 0.026041666666666668 0.032407407407407406
0 0.0859375 0.2671296296296296 0.029166666666666667 0.03981481481481482
0 0.9453125 0.1912037037037037 0.019791666666666666 0.032407407407407406
0 0.12161458333333333 0.26481481481481484 0.030729166666666665 0.03333333333333333
0 0.21822916666666667 0.19953703703703704 0.022916666666666665 0.04537037037037037
0 0.3046875 0.1912037037037037 0.022916666666666665 0.05462962962962963
0 0.8614583333333333 0.21388888888888888 0.030208333333333334 0.03518518518518519
0 0.36744791666666665 0.1175925925925926 0.016145833333333335 0.04259259259259259
0 0.0265625 0.2865740740740741 0.022916666666666665 0.03425925925925926
0 0.7533854166666667 0.13287037037037036 0.0296875 0.03796296296296296
0 0.9591145833333333 0.24305555555555555 0.021354166666666667 0.030555555555555555
0 0.7083333333333334 0.12407407407407407 0.036458333333333336 0.040740740740740744
0 0.8997395833333334 0.22592592592592592 0.027604166666666666 0.03148148148148148
0 0.40963541666666664 0.11203703703703703 0.03802083333333333 0.03888888888888889
0 0.17708333333333334 0.1962962962962963 0.020833333333333332 0.05185185185185185
0 0.11015625 0.2111111111111111 0.021354166666666667 0.06111111111111111
0 0.51171875 0.10740740740740741 0.04114583333333333 0.03888888888888889
0 0.45234375 0.11064814814814815 0.04010416666666667 0.03611111111111111
0 0.6083333333333333 0.11388888888888889 0.0375 0.040740740740740744
0 0.9828125 0.2523148148148148 0.021875 0.032407407407407406
0 0.32421875 0.14027777777777778 0.025520833333333333 0.058333333333333334
0 0.8208333333333333 0.5351851851851852 0.023958333333333335 0.05
0 0.0546875 0.274537037037037 0.026041666666666668 0.03611111111111111
0 0.07942708333333333 0.2263888888888889 0.024479166666666666 0.04722222222222222
0 0.8684895833333334 0.4273148148148148 0.0390625 0.05277777777777778
0 0.14505208333333333 0.2037037037037037 0.021354166666666667 0.05185185185185185
0 0.6606770833333333 0.15231481481481482 0.0265625 0.04537037037037037
0 0.005729166666666666 0.2898148148148148 0.011458333333333333 0.037037037037037035
0 0.005989583333333334 0.5009259259259259 0.011979166666666667 0.07407407407407407
0 0.022135416666666668 0.4981481481481482 0.016145833333333335 0.07592592592592592
0 0.8544270833333333 0.1597222222222222 0.0296875 0.03425925925925926
0 0.05911458333333333 0.49953703703703706 0.016145833333333335 0.06944444444444445
0 0.8119791666666667 0.2013888888888889 0.036458333333333336 0.03796296296296296
0 0.0625 0.49907407407407406 0.014583333333333334 0.07037037037037037
0 0.13020833333333334 0.2064814814814815 0.013541666666666667 0.05
0 0.041666666666666664 0.5018518518518519 0.013541666666666667 0.06666666666666667
0 0.7934895833333333 0.14305555555555555 0.024479166666666666 0.03611111111111111
