0 0.139504140625 0.1730742359375 0.1477525375 0.19624528593749999 0.1883152484375 0.1994624578125 0.22147076718749997 0.1170190265625 0.21257718906249998 0.1064472625 0.1804703234375 0.1039251765625 0.1647912625 0.1122427234375 0.139504140625 0.1730742359375
0 0.28191715156249997 0.186420940625 0.2870551140625 0.20277584375000002 0.3386772234375 0.21111955781249997 0.3569484203125 0.1798191671875 0.380311584375 0.141205365625 0.385829865625 0.11635433437500001 0.3416152609375 0.1076823203125 0.3218004234375 0.1199944921875 0.28191715156249997 0.186420940625
0 0.22838234218750003 0.270703696875 0.2293845265625 0.2910532234375 0.2720439140625 0.2963171625 0.29240020625 0.2826436859375 0.320567321875 0.2392701296875 0.32014116718749996 0.2138133046875 0.2825046 0.208727946875 0.2635192328125 0.2171251625 0.22838234218750003 0.270703696875
0 0.1188482546875 0.204881509375 0.0997360109375 0.25567700625 0.1004847546875 0.2748341890625 0.1408861703125 0.2812011828125 0.158984496875 0.2686307609375 0.1739839609375 0.23366404218749998 0.1819445015625 0.2163942890625 0.174709865625 0.19799261875000002 0.138628515625 0.1963153328125 0.1188482546875 0.204881509375
0 0.12423918437499999 0.3514121109375 0.0708659859375 0.34655614218749997 0.060589903125 0.3568407859375 0.053712115625 0.41438238125 0.0822592375 0.41579179374999997 0.105829690625 0.3976964796875 0.116428359375 0.381112190625 0.12423918437499999 0.3514121109375
0 0.058147170312499996 0.4782428625 0.0776971484375 0.43732404375 0.07239789218750001 0.42411896406249994 0.05398855625 0.42740887968749997 0.058147170312499996 0.4782428625
0 0.29150493125 0.45041251562499995 0.2684875125 0.45156637499999996 0.2503891875 0.464136796875 0.24735931875 0.4772429671875 0.27780724375 0.4875949609375 0.3136351515625 0.48807990312499994 0.345016271875 0.4832789609375 0.3617898203125 0.45665865625 0.3378853578125 0.453639309375 0.3167457453125 0.4519015984375 0.29150493125 0.45041251562499995
0 0.31802437031249997 0.48527762343749997 0.2928756984375 0.4881307078125 0.2593403359375 0.48279671874999996 0.2417950453125 0.47842568906249994 0.22703760156250002 0.487170446875 0.22331258593749997 0.5048235125 0.25521597812499996 0.514205646875 0.27660903281250004 0.517135703125 0.3148562046875 0.51336776875 0.33434845156250004 0.5073552390625 0.3445669609375 0.4889824328125 0.33589225 0.4833490109375 0.31802437031249997 0.48527762343749997
0 0.302932759375 0.515902175 0.26761173125000004 0.5178019234375 0.240562259375 0.5117124234375 0.22612740312500001 0.5141575375 0.2212543015625 0.5264092828125 0.2247448984375 0.5350139453125 0.2482346265625 0.539990771875 0.2652384625 0.5457231078125 0.314706328125 0.5439318921875 0.3302932421875 0.5312721781249999 0.33574237500000004 0.513913134375 0.3259847515625 0.511002321875 0.302932759375 0.515902175
0 0.27105617656250003 0.5457327296875001 0.24953640312499997 0.5422065 0.23002115937499998 0.5363848734375 0.21571302499999997 0.5394261609375001 0.19911234687499998 0.5473164953125 0.20348998593749998 0.5600943671875 0.2269797140625 0.565071190625 0.2488796484375 0.5703859359375001 0.2819772796875 0.5658432453125 0.3051905703125 0.557793571875 0.31842736875 0.5418947453125 0.29804807968749997 0.5437340671875 0.27105617656250003 0.5457327296875001
0 0.289062196875 0.5718145906250001 0.273233421875 0.5677018109375 0.249294384375 0.5684284578125001 0.2301593015625 0.5643953484375 0.2106094796875 0.5623197156249999 0.190575775 0.569693546875 0.1818549140625 0.58338626875 0.191796828125 0.5949814124999999 0.20946884062499999 0.5999486171874999 0.23232496406249997 0.6019445796875 0.25404060624999997 0.5985749921875 0.27349827968749996 0.596308459375 0.288002284375 0.5863713546875 0.289062196875 0.5718145906250001
0 0.09226206718749999 0.5918369875 0.08109894375 0.5979484265624999 0.06378393906249999 0.6259300390625 0.071306590625 0.641778059375 0.0907296890625 0.6432575203125 0.10863214375000001 0.6375829125 0.1209243328125 0.609422721875 0.12227226093750002 0.59231230625 0.09226206718749999 0.5918369875
0 0.1891011265625 0.586207790625 0.1797582390625 0.5813395 0.1561647890625 0.5876006578124999 0.1452205328125 0.5986504375 0.1509690984375 0.6061520453125 0.1681918015625 0.6168227203125001 0.18541450312500002 0.6274933953125 0.20312108750000002 0.6287146046875 0.2209314 0.6186978296875 0.22090839999999998 0.6068636765625001 0.20645054843750002 0.5974746359374999 0.1891011265625 0.586207790625
0 0.0788752359375 0.681294390625 0.09229632812500001 0.6740798953125 0.11267561875000001 0.672240575 0.1193919515625 0.660843253125 0.11297520937500001 0.654106775 0.0565145703125 0.6542688125 0.05506291875 0.682617209375 0.0788752359375 0.681294390625
0 0.149855271875 0.6829936328125 0.1760522765625 0.681163934375 0.21023282187499998 0.673898634375 0.21561280468750002 0.664031578125 0.2064312109375 0.656013465625 0.1408119765625 0.6599915453125 0.13314705468750002 0.6747434203125 0.149855271875 0.6829936328125
0 0.22562386562499998 0.6681347359375 0.23216732968749998 0.6754673859375 0.269423734375 0.6787642265625 0.280586859375 0.6726527875 0.29661150625 0.6698697515625 0.30596597187499996 0.65915789375 0.29439969062500004 0.6516466624999999 0.2351396265625 0.65427305625 0.22562386562499998 0.6681347359375
0 0.5333521671875 0.67749796875 0.5677861515625 0.6714250140625 0.5814952578125 0.6616568703125 0.57431819375 0.651343359375 0.5242167249999999 0.6501537140625 0.50774276875 0.658640221875 0.5055077984375 0.671577428125 0.5333521671875 0.67749796875
0 0.57330443125 0.6465739828125 0.584455978125 0.656042690625 0.6038790781250001 0.6575221515624999 0.626136175 0.652791259375 0.6426101328125 0.64430475 0.637437596875 0.6316958421875001 0.6123235015625 0.6308029328125 0.58809645 0.634083228125 0.57330443125 0.6465739828125
0 0.5942020218749999 0.6745336515625 0.61769175 0.6795104765625 0.6374374390625 0.6746902921875 0.6593489499999999 0.664424890625 0.654303134375 0.6524121546874999 0.6389812375 0.6506840640625 0.6229565890625001 0.6534671015625 0.6046739734375 0.6573531906250001 0.5897322375 0.6574136187499999 0.587531840625 0.66660483125 0.5942020218749999 0.6745336515625
0 0.738250978125 0.66821629375 0.7419874140625 0.67797753125 0.767228228125 0.6794666125 0.79943881875 0.6707507171875 0.80917344375 0.661827378125 0.79999185 0.6538092671875 0.7598093015625 0.6523806109375 0.7455933124999999 0.659764065625 0.738250978125 0.66821629375
0 0.8129174828125001 0.6716243859375 0.826326996875 0.6799900421875 0.8691822515625001 0.678358165625 0.880829259375 0.662797259375 0.8741590765625 0.6548684359375 0.8510149359374999 0.6554261234375 0.82615428125 0.655725559375 0.8136548046875 0.6633672640625 0.8129174828125001 0.6716243859375