0 0.3071835203125 0.9325214046875001 0.2576115765625 0.8587729796874999 0.2186041453125 0.8703533109375 0.215353528125 0.8947329546875 0.25273564843749996 0.948977665625 0.2698014 0.9538535937500001 0.3006822828125 0.944711228125 0.3071835203125 0.9325214046875001
0 0.4680891765625 0.8989993921874999 0.4575246625 0.87583873125 0.42664377968749995 0.842926209375 0.402264134375 0.8161086031250001 0.353504846875 0.8350028265624999 0.3518795375 0.852068578125 0.4047021 0.9087512515625 0.42664377968749995 0.9166746359375001 0.4680891765625 0.8989993921874999
0 0.38357307343749997 0.8173275828125 0.3786971453125 0.7923384484375 0.342127678125 0.7557689812499999 0.3193733453125 0.7466266140625 0.27874060156249997 0.7606449093750001 0.281991221875 0.7807581156250001 0.327499890625 0.8258604593750001 0.3478162609375 0.830126896875 0.38357307343749997 0.8173275828125
0 0.2446091 0.8630394171875 0.2478597203125 0.8435357015625 0.23648255312500002 0.8282984234375 0.2145408734375 0.7972143765624999 0.19422450156249998 0.7886815015625 0.156029725 0.8033092875 0.1592803453125 0.8222035125 0.18853591875 0.867915346875 0.2096649421875 0.8721817843749999 0.2446091 0.8630394171875
0 0.08126548125000001 0.6765351374999999 0.0999565421875 0.7313893375 0.112146365625 0.7393127203125001 0.16334361875 0.7234659531250001 0.1495284859375 0.6960388531249999 0.1357133546875 0.6820205578125 0.10889574531249999 0.66922124375 0.08126548125000001 0.6765351374999999
0 0.0999565421875 0.6491080359375 0.072326278125 0.6131480609375 0.07882751875 0.6637358234375 0.097518578125 0.66312633125 0.0999565421875 0.6491080359375
0 0.3307505109375 0.5851480375 0.35106688125 0.579053128125 0.3738212171875 0.57112974375 0.3518795375 0.5485785734374999 0.3201859984375 0.5504070453125001 0.285241840625 0.55833043125 0.2576115765625 0.5747866890625 0.2633001625 0.5869765124999999 0.2836165328125 0.5955093875 0.30637086562500004 0.5918524406250001 0.3307505109375 0.5851480375
0 0.2998696265625 0.5546734828125001 0.325061928125 0.55223551875 0.34294033281249997 0.5504070453125001 0.3502542265625 0.543093153125 0.3364390953125 0.5272463843749999 0.316122725 0.525417909375 0.2779279484375 0.529684346875 0.2576115765625 0.536998240625 0.2283560046875 0.552808440625 0.2356698984375 0.5693012703125 0.25192299375 0.5747866890625 0.26817609062500003 0.5668633062499999 0.2998696265625 0.5546734828125001
0 0.2689887453125 0.5309033296875 0.303932903125 0.525417909375 0.327499890625 0.525417909375 0.3364390953125 0.52054198125 0.327499890625 0.5046952124999999 0.3096214859375 0.4955528453125 0.260862196875 0.5040857203125 0.2454217546875 0.5132280875 0.22348007343749998 0.5229799468749999 0.221854765625 0.5321223125000001 0.22916865937500003 0.543093153125 0.24379644687500002 0.5424836609375 0.2689887453125 0.5309033296875
0 0.24623440937500002 0.5107901234375001 0.2665507796875 0.5028667375 0.29336838906249996 0.49920979218749995 0.313684759375 0.496771828125 0.2974316640625 0.4839725140625 0.27305201874999996 0.48092505937499996 0.23973317187499998 0.48336302187499997 0.21941680156249999 0.4931148796875 0.1974751203125 0.5028667375 0.1958498109375 0.5162755437500001 0.21372821718749999 0.52054198125 0.2283560046875 0.52054198125 0.24623440937500002 0.5107901234375001
0 0.2405458265625 0.485191496875 0.2641128171875 0.48092505937499996 0.27874060156249997 0.47361116562500005 0.274677328125 0.45959287031249996 0.25842423124999997 0.4528884671875 0.238920515625 0.454716940625 0.2169788359375 0.4559359234375 0.1950371578125 0.462640325 0.1787840609375 0.47117320156250003 0.17147016718750002 0.48458200468749996 0.1828473328125 0.49616233750000005 0.203976359375 0.49920979218749995 0.222667421875 0.4931148796875 0.2405458265625 0.485191496875
0 0.088579375 0.44679355625 0.0698883140625 0.44496508281249997 0.051197254687500006 0.450450503125 0.0471339796875 0.467516253125 0.0698883140625 0.4912864078125 0.08207813593749999 0.49494335468750006 0.1113337109375 0.4882389515625 0.1064577828125 0.471782690625 0.088579375 0.44679355625
0 0.1779714046875 0.4803155671875 0.1925991921875 0.46568778125000004 0.2047890140625 0.4534979578125 0.2023510515625 0.44191762656250005 0.1828473328125 0.43582271562499997 0.1657815828125 0.44069864374999995 0.151153796875 0.454716940625 0.13652600937499998 0.4687352359375 0.1324627359375 0.4772681109375 0.1454652125 0.48580098749999995 0.16984485625 0.48701996875000003 0.1779714046875 0.4803155671875
0 0.0942679578125 0.42180442031250004 0.08532875625 0.4120525625 0.0650123859375 0.414490528125 0.0503846 0.41022408906249996 0.026817609375000002 0.41388103593750003 0.0341315015625 0.4413081359375 0.0893920296875 0.42972780625 0.0942679578125 0.42180442031250004
0 0.1877232640625 0.398680328125 0.18040937031249998 0.39014745156249997 0.1454652125 0.39014745156249997 0.119460259375 0.3938044 0.104832471875 0.405348159375 0.11539698437499998 0.41818404375 0.18040937031249998 0.40843218593749997 0.1877232640625 0.398680328125
0 0.27711529375 0.38466203125 0.265738125 0.37612915625 0.24948502968750003 0.37673864687499997 0.23729520625 0.3730817015625 0.2015383953125 0.384052540625 0.196662465625 0.3925854171875 0.20885228906250003 0.4041657484375 0.2673634359375 0.3944138890625 0.27711529375 0.38466203125
0 0.541228109375 0.336512234375 0.5461040374999999 0.32493190312500003 0.530663596875 0.3182275 0.49571943906250004 0.3194464828125 0.46971448593750004 0.3310268140625 0.4745904140625 0.3432166359375 0.49246881875000004 0.3480925640625 0.541228109375 0.336512234375
0 0.60705315 0.3426071453125 0.6094911140625 0.329198340625 0.5916127078125 0.32432241093749997 0.5688583734375 0.32432241093749997 0.5501673125 0.32980783125 0.541228109375 0.34138816250000004 0.5582938609375 0.3505305296875 0.5826735046875 0.34870205625 0.60705315 0.3426071453125
0 0.5509799671875 0.31883699062500004 0.555043240625 0.32736986562500003 0.5696710281249999 0.32432241093749997 0.5883620875 0.32432241093749997 0.6046151859375 0.3237129203125 0.619242971875 0.31883699062500004 0.6216809359375 0.306037678125 0.5981139468750001 0.30055225937499996 0.5777975765625001 0.2999427671875 0.5558558953125 0.309694625 0.5509799671875 0.31883699062500004
0 0.7614575640625 0.28718002187499997 0.7687714578125 0.277428165625 0.7573942921875 0.2707237640625 0.72407544375 0.268895290625 0.6996957984375001 0.2755996921875 0.6980704890625 0.285924471875 0.7070096921875 0.2926654421875 0.722450134375 0.2969318796875 0.7614575640625 0.28718002187499997
0 0.8110295093750001 0.2749902015625 0.8337838453125 0.2707237640625 0.8386597734375 0.2615813953125 0.8240319859374999 0.24878208281249997 0.7817739359375 0.256095975 0.77039676875 0.267066815625 0.77283473125 0.2749902015625 0.7866498640625 0.2798661296875 0.8110295093750001 0.2749902015625