0 0.598329253125 0.48535537812499996 0.6353149453125 0.4935989765625 0.6564901578125 0.49477392187499997 0.6573047640625 0.478244684375 0.6441776078125 0.466710228125 0.629701103125 0.4695602703125 0.592713484375 0.46435457343750003 0.5897599062500001 0.47230485624999996 0.598329253125 0.48535537812499996
0 0.344687215625 0.167019515625 0.34039389531249997 0.1741648 0.352445803125 0.19052347812499998 0.37670203281250003 0.19415749843750002 0.40873606406249996 0.1909164859375 0.41370310000000005 0.1780979 0.39414557031249997 0.1620918765625 0.3765880453125 0.16248284531249998 0.3580903953125 0.16595579375 0.344687215625 0.167019515625
0 0.36517718593750004 0.1920951578125 0.3604804046875 0.20142926249999998 0.36985475 0.2131400453125 0.38271741718749996 0.21904528281250002 0.40697556874999996 0.2196414046875 0.42841911406250005 0.22036976875 0.4299016671875 0.207280928125 0.41423015625000004 0.1923942375 0.3965413484375 0.188451646875 0.3813930484375 0.193937090625 0.36517718593750004 0.1920951578125
0 0.382979984375 0.2277124015625 0.392889071875 0.24156792343750003 0.41057596093750004 0.2485484125 0.43979346093749994 0.24847754218749998 0.4572177796875 0.24679091562500002 0.4580285453125 0.236337478125 0.44289369843750004 0.220557625 0.428015653125 0.2225585890625 0.382979984375 0.2277124015625
0 0.40762237968750004 0.2564986953125 0.41846966874999997 0.270310134375 0.44486871875 0.27644731093749997 0.46845892187500004 0.2736030328125 0.4799895375 0.266551675 0.464453153125 0.2499227453125 0.44823728906250004 0.248080809375 0.4267918234375 0.250390346875 0.40762237968750004 0.2564986953125
0 0.4810129015625 0.343750740625 0.49707831875 0.35036476250000004 0.5212147421875 0.352711171875 0.5417239265625 0.34740781875 0.5215003703125001 0.32492349531250003 0.48089122656249994 0.32422768281250003 0.4702988171875 0.3312349578125 0.4810129015625 0.343750740625
0 0.49754986562500003 0.3676667984375 0.5096056109375 0.377949675 0.531585821875 0.37778487968749996 0.5563825625 0.3744499390625 0.5495583390625 0.35697769375 0.534444521875 0.3503276390625 0.49596479687499995 0.35212693281249996 0.4912699375 0.35842314062499997 0.49754986562500003 0.3676667984375
0 0.5271630843749999 0.3988320546875 0.5563786640624999 0.40179908593749997 0.57876233125 0.39944546875000003 0.578905146875 0.3855516296875 0.558407490625 0.3726275859375 0.5319892828125 0.37559606093750003 0.511895034375 0.3817565421875 0.5271630843749999 0.3988320546875
0 0.5304971171874999 0.40387439531249997 0.5454968390625 0.42139648906250005 0.553992334375 0.42406985312499995 0.5837464984375 0.42310582500000005 0.60181581875 0.4187676953125 0.589067246875 0.401990421875 0.5741930484375 0.3979155859375 0.536664925 0.399678846875 0.5304971171874999 0.40387439531249997
0 0.549434525 0.42558592031250003 0.557465284375 0.4425675046875 0.56979320625 0.4463280046875 0.5938102062499999 0.4467792234375 0.62609686875 0.44672906093750003 0.6156664328125 0.43073685156249997 0.5974180078125 0.42159552187499993 0.5864279031249999 0.42167792187500003 0.55519886875 0.42357919062500005 0.549434525 0.42558592031250003
0 0.5856231828125 0.464956775 0.631083340625 0.4667439390625 0.636554478125 0.462129790625 0.6303943609375 0.45417374375 0.6155240046875 0.4440231078125 0.5706234609374999 0.44743468125 0.574102178125 0.4568186359375 0.5856231828125 0.464956775
0 0.40921474375000005 0.1121887 0.4248804546875 0.13624984843750002 0.44498233593750003 0.1392111140625 0.47353188749999997 0.1356998484375 0.487608778125 0.1289628265625 0.4759622546875 0.1073774296875 0.46497599218749996 0.1013840296875 0.40921474375000005 0.1121887
0 0.5661578546875 0.303192334375 0.609313275 0.3042024828125 0.5955258546875 0.27707603125 0.5704110359375 0.274749553125 0.548216084375 0.27539312968749996 0.5512894187499999 0.2900038015625 0.5661578546875 0.303192334375
0 0.58249539375 0.3245573234375 0.5953580609375 0.3304625609375 0.6345574015625 0.3351737671875 0.615810634375 0.30871430312500003 0.57240143125 0.30633604375 0.5678684953124999 0.3109061109375 0.58249539375 0.3245573234375
0 0.6054615734375 0.354767690625 0.626634865625 0.358980534375 0.656988840625 0.36323939375 0.6404116859375 0.3392991875 0.5989076046874999 0.333810965625 0.5938092875 0.3422959921875 0.6054615734375 0.354767690625
0 0.63180775 0.380930853125 0.6498846984375 0.38571447187499996 0.6741294546875001 0.38630254218750004 0.6583285828125 0.3640443921875 0.6251186515625 0.3617163671875 0.61921725625 0.3685032359375 0.63180775 0.380930853125
0 0.6435760015625 0.40076595781249996 0.6635255124999999 0.411537215625 0.69059635625 0.4150389875 0.676673809375 0.38965477656249997 0.637703378125 0.38325768125000004 0.6346165953125 0.38991230625 0.6435760015625 0.40076595781249996
0 0.6652552640625 0.4314186875 0.6802110015625 0.43371908281250005 0.7134726 0.439117209375 0.6961987781250001 0.4147584 0.6556068765624999 0.4079948375 0.6519700281249999 0.41553457343750005 0.6652552640625 0.4314186875
0 0.722694575 0.45863797812499996 0.71895329375 0.44058690624999997 0.6717805718750001 0.434123865625 0.6720431390625 0.4427909859375 0.6889192640624999 0.4602249140625 0.722694575 0.45863797812499996
0 0.2492646578125 0.14068220781250002 0.2534113171875 0.153506559375 0.28249369375 0.1551779296875 0.3036880671875 0.147247228125 0.291234625 0.13003947031250002 0.27582568125 0.12381989687499999 0.2492646578125 0.14068220781250002
0 0.5154452968750001 0.5534689734375 0.487584778125 0.548277090625 0.5259954828125 0.5920221390625 0.5449099921875 0.58636841875 0.5154452968750001 0.5534689734375
0 0.53903539375 0.5931713875 0.534608865625 0.5990210125 0.548774871875 0.620904646875 0.5708978390625 0.6281193578125001 0.57733781875 0.6174014296875 0.557380675 0.5975084265625 0.53903539375 0.5931713875
0 0.42438582968749994 0.0283093515625 0.4545242359375 0.055535496875 0.48654679375 0.049248534375 0.44634885156250004 0.01293895625 0.42438582968749994 0.0283093515625
0 0.4263475078125 0.06291764062500001 0.45127937500000004 0.0578404625 0.419135196875 0.0233310203125 0.3948693578125 0.0348865 0.4263475078125 0.06291764062500001
0 0.11544792343750002 0.4893914421875 0.137148271875 0.507900621875 0.1560455375 0.50831465 0.135930315625 0.48407198906250004 0.1167857984375 0.4719609921875 0.1079385109375 0.4745465484375 0.11544792343750002 0.4893914421875