0 0.595497925 0.5928929468749999 0.60643883125 0.6027918609375 0.623631684375 0.5996658890625 0.6314466171875 0.5850780125 0.6126907765625 0.575179096875 0.5767420828125001 0.5631961999999999 0.562675203125 0.569969140625 0.561112215625 0.57830506875 0.595497925 0.5928929468749999
0 0.22038112187499997 0.7257468125 0.23522949531249998 0.7351247328125 0.26023728125 0.7314777640625 0.26258176093749996 0.7179318796875 0.23679248125000002 0.69865504375 0.214129175 0.689277125 0.1953733328125 0.6970920578124999 0.1953733328125 0.7054279859375 0.2063142421875 0.7132429203124999 0.22038112187499997 0.7257468125
0 0.2406999484375 0.701260021875 0.2508593625 0.713763915625 0.268052215625 0.719494865625 0.289152534375 0.71480590625 0.2946229890625 0.7028230093750001 0.27586714843750004 0.692403096875 0.254766828125 0.6804202 0.2406999484375 0.6788572140625 0.2266330671875 0.6840671687500001 0.225851575 0.6944870796875 0.2406999484375 0.701260021875
0 0.32822720312500003 0.7043859953125 0.3329161609375 0.695008075 0.31884928125 0.6845881656249999 0.29384149531250003 0.66947929375 0.27508565625000003 0.6663533187499999 0.2594557890625 0.6731262625000001 0.29540448124999996 0.7007390265625 0.3071268828125 0.710116946875 0.32822720312500003 0.7043859953125
0 0.34073109687500003 0.6960500656249999 0.362612909375 0.6897981203125 0.35636096093749997 0.677815221875 0.33760512187499997 0.6632273453125 0.311815840625 0.6548914171875 0.29540448124999996 0.6611433640625 0.3086898703125 0.6762522343749999 0.325882721875 0.689277125 0.34073109687500003 0.6960500656249999
0 0.45717360156250003 0.6522864390625001 0.4423252296875 0.6371775671875 0.42042778593749996 0.62675765625 0.40325056249999996 0.624152678125 0.3876206953125 0.6293626359375 0.39309114843750004 0.6408245359375 0.42825834843750005 0.6611433640625 0.45717360156250003 0.6522864390625001
0 0.452437753125 0.64603449375 0.46881785468750004 0.648118475 0.48366622656249997 0.6366565734375 0.46412889375 0.62102670625 0.44537305156249996 0.6095648031249999 0.4297431875 0.61216978125 0.419599403125 0.616858740625 0.4203808953125 0.624673675 0.452437753125 0.64603449375
0 0.50868964375 0.6387405562499999 0.5157230828125 0.62675765625 0.4977487375 0.613211771875 0.4711779640625 0.6007078781249999 0.44929615156249997 0.6074808218750001 0.4633474015625 0.6231106875 0.48446334843749994 0.63926155 0.50868964375 0.6387405562499999
0 0.5258668671875 0.6298836296875 0.5454354609375 0.6220686984375 0.5321813328125 0.6090438078125 0.507173546875 0.5928929468749999 0.49851460156250005 0.5908089640624999 0.4766327859375 0.5981029015625 0.47975876093750003 0.60487584375 0.5110184953125 0.6257156671875 0.5258668671875 0.6298836296875
0 0.5337443203125 0.6116487859374999 0.5431222390625 0.6173797375000001 0.563472325 0.6189427234375 0.58064955 0.6106067953125 0.5530003156250001 0.5939349375 0.5321813328125 0.5819520375 0.519677440625 0.578826065625 0.5040475734375 0.589245978125 0.5079550390625001 0.5939349375 0.5337443203125 0.6116487859374999
0 0.588167515625 0.6064388296875001 0.597545434375 0.6027918609375 0.5952322156250001 0.59601891875 0.5553447968749999 0.57413710625 0.5412779171875 0.575179096875 0.53346298125 0.58143104375 0.57019316875 0.6074808218750001 0.588167515625 0.6064388296875001
0 0.28968395 0.7986340921874999 0.26702064375 0.78092024375 0.2482648046875 0.773105309375 0.2224442625 0.7856613015625 0.2646761640625 0.823641878125 0.2771800578125 0.8241628750000001 0.29828037812499997 0.8116589812499999 0.28968395 0.7986340921874999
0 0.4928565890625 0.7241317281249999 0.45534490937500005 0.7027709093750001 0.435807575 0.706417878125 0.4256481609375 0.717358784375 0.44434148125000006 0.7293416828125 0.46706730781249994 0.7402825890625 0.4928565890625 0.7241317281249999
0 0.49441957499999994 0.6944349812499999 0.4803526953125 0.6928719937500001 0.46078410156249994 0.6970399578124999 0.46231582812500005 0.7032919046874999 0.500749671875 0.72361073125 0.53044641875 0.7105858421875 0.49441957499999994 0.6944349812499999
0 0.535916871875 0.6860990515625 0.5155980437500001 0.6788051125 0.49918668437499997 0.6834940734375 0.49918668437499997 0.6933929890625 0.53758926875 0.710064846875 0.56412878125 0.69808195 0.535916871875 0.6860990515625
0 0.5696148640625001 0.6751581437499999 0.5516561484375 0.6699481890625 0.53446329375 0.6741161531250001 0.5360262812500001 0.6829730781250001 0.56569176875 0.69808195 0.5906995546875 0.6871410421874999 0.5696148640625001 0.6751581437499999
0 0.5946070203125 0.660049271875 0.57195934375 0.6590072828125 0.5586895890625 0.66369624375 0.55790809375 0.67099018125 0.5946070203125 0.68557805625 0.6196148078125 0.67099018125 0.5946070203125 0.660049271875
0 0.62033378125 0.6496293625 0.606329421875 0.6438984109375 0.586760828125 0.650671353125 0.5859949640625 0.6590072828125 0.6242725078125 0.6741161531250001 0.6516247765625 0.6621332546875001 0.62033378125 0.6496293625
0 0.64144973125 0.6313945171875 0.6180049328125 0.6376464640624999 0.613315971875 0.644940403125 0.6570795984375 0.66369624375 0.6695834921875 0.6501503578125 0.64144973125 0.6313945171875
0 0.1101749296875 0.6700002875 0.10001551875 0.6788572140625 0.114098028125 0.7069909734375 0.13050938750000002 0.7095959515625 0.150046721875 0.701260021875 0.1359642109375 0.6835461734375 0.1101749296875 0.6700002875
0 0.5142226171875001 0.45222414375 0.5407777609375 0.4621230609375 0.5829784015625 0.44909817187499995 0.5696773828125 0.4345102953125 0.5142226171875001 0.45222414375
0 0.5806651796875 0.432947309375 0.581446675 0.440241246875 0.599405390625 0.4459721984375 0.62675765625 0.4391992546875 0.62675765625 0.4266953625 0.604078721875 0.42148540624999997 0.5806651796875 0.432947309375
0 0.2321035203125 0.8575586890625001 0.19224736250000002 0.8653736234375 0.2031570078125 0.8898604156250001 0.256314184375 0.8794405031249999 0.2321035203125 0.8575586890625001
0 0.2305092765625 0.8539117203125001 0.211753434375 0.83671886875 0.1703342890625 0.8445338 0.1851826609375 0.866936609375 0.2305092765625 0.8539117203125001
0 0.193044484375 0.3063453890625 0.1649107234375 0.3110343484375 0.1508282140625 0.319891271875 0.1570801609375 0.32666421562500003 0.1797278390625 0.3261432203125 0.20945584374999998 0.315723309375 0.193044484375 0.3063453890625