0 0.7657817812500001 0.2458478203125 0.7865195046875 0.2469214828125 0.826451471875 0.22720179218749997 0.8529084734374999 0.1783465453125 0.8350256046875 0.15609225625 0.794148403125 0.17782705000000001 0.7657817812500001 0.2458478203125
0 0.7574876203125 0.344033734375 0.74713790625 0.3283615875 0.7156939046875 0.3450806609375 0.6911369453125 0.382338040625 0.6873368578125 0.40553377187499995 0.714054684375 0.3988902171875 0.743627365625 0.3710660375 0.7574876203125 0.344033734375
0 0.7133894234375 0.42798169843749995 0.7083832765625 0.4109808390625 0.6791480109375 0.420475453125 0.6674869234374999 0.44785095 0.6498553046875 0.475376009375 0.6731008890625 0.4811662734375 0.7036188046875 0.45132698906249996 0.7133894234375 0.42798169843749995
0 0.8019757515625001 0.6969948171875 0.8220865109375 0.69688933125 0.841888571875 0.6924104421874999 0.8460165046875 0.6584527984374999 0.832194546875 0.655214471875 0.8104924406249999 0.6712912249999999 0.8019757515625001 0.6969948171875
0 0.6252026046875 0.5883099703125 0.6141780546875 0.6092969609375001 0.627064353125 0.606982734375 0.639361978125 0.573218728125 0.6359184578125 0.562949575 0.6132902640625 0.5659061171875 0.6252026046875 0.5883099703125
0 0.6006911921875 0.3411906078125 0.6406135859375001 0.3290385765625 0.6862169640625 0.2972282625 0.6689802078125 0.26101780625000004 0.59255979375 0.3107263421875 0.5724107390625 0.341102459375 0.6006911921875 0.3411906078125
0 0.6337709953124999 0.3271225671875 0.6113302421875 0.330712540625 0.593519178125 0.3401828515625 0.5863115718749999 0.3356732203125 0.5702344578125 0.344447034375 0.5579819453125 0.3660675640625 0.5701916421875 0.3782886546875 0.5861581734375 0.382875725 0.6257629296875 0.3629447984375 0.6371197515625 0.34585877656249997 0.65052834375 0.336023790625 0.663297009375 0.3136778984375 0.6610511859375 0.31171559531250004 0.6337709953124999 0.3271225671875
0 0.5999092 0.398560996875 0.6217028890625 0.38810038125 0.6444957171875 0.3653846453125 0.6432993296875 0.348434971875 0.6314449062499999 0.3515816515625 0.6257169124999999 0.3622928890625 0.5845636984375 0.3843999 0.5708472703125 0.3783909703125 0.560641903125 0.37389706093749997 0.5475482781250001 0.3939356921875 0.551473471875 0.4013179078125 0.56148764375 0.40884444531249997 0.5851087390624999 0.397863096875 0.5999092 0.398560996875
0 0.62247658125 0.40595118750000003 0.624456303125 0.3961056453125 0.6208646296875 0.384262371875 0.6013153375 0.397813340625 0.5858118078125 0.39748926875 0.565706053125 0.4066014765625 0.5545101109374999 0.40759436562499995 0.5398851484375 0.4162724328125 0.5302162625 0.4320100453125 0.53287479375 0.4409675953125 0.54195439375 0.4467364609375 0.5604670984375 0.43802037812499994 0.5766751218749999 0.436842565625 0.6069545 0.42029181718749997 0.62247658125 0.40595118750000003
0 0.49289345781250005 0.4579287984375 0.48465497031250004 0.45374183749999997 0.46337600781250005 0.46460514531249997 0.45132468125 0.4752966703125 0.442042465625 0.4815848640625 0.44662756718749996 0.485685234375 0.43957975937500005 0.5029601640625 0.43409325781249997 0.5079065203125 0.4362830765625 0.517113290625 0.44489111093749995 0.5253874828125 0.46306315937500003 0.5267727265625 0.4841997953125 0.5173378515625 0.49481466718749995 0.494333475 0.49967541249999997 0.47011842968749995 0.49289345781250005 0.4579287984375
0 0.42760538124999997 0.5194727109375 0.4310983515625 0.5056661359375 0.42965761718750006 0.49673745 0.4236663796875 0.4933847359375 0.4176394765625 0.4923055734375 0.394202440625 0.5058945625 0.383038240625 0.5188199046874999 0.3815761015625 0.5268120281249999 0.3882129734375 0.5381634359375 0.3844307078125 0.5473891921875 0.3862927109375 0.5565448046875 0.38299888125 0.568441821875 0.381681921875 0.5727494046875 0.3931136484375 0.570503853125 0.41486275 0.5582632750000001 0.421948009375 0.5484085796875 0.43148313125 0.5273310734375001 0.42760538124999997 0.5194727109375
0 0.3842295671875 0.5508780265625 0.388939478125 0.537777146875 0.3824003421875 0.5232173421875 0.3735479609375 0.5229641390624999 0.3513775890625 0.53497779375 0.3406849578125 0.54539780625 0.33898988750000003 0.5523864875 0.3405240765625 0.5614909390625 0.34317694374999996 0.567520534375 0.338809071875 0.576832203125 0.3384655609375 0.589189640625 0.3356893125 0.59923324375 0.3348856515625 0.6050715734375001 0.350580375 0.60236301875 0.36900104843750003 0.5923431109374999 0.380076071875 0.5758578421875 0.38468258125 0.5630374015624999 0.3842295671875 0.5508780265625
0 0.340167765625 0.576560690625 0.3427556734375 0.567293609375 0.343940296875 0.5565180765625 0.3379533421875 0.5497811984375 0.3264281578125 0.5518509859375 0.30772711406250003 0.5613435890625 0.2978784484375 0.5710893984375 0.29037049062500003 0.581845221875 0.284585065625 0.6009289796874999 0.2803941171875 0.6184885609374999 0.27967820468750004 0.6290148765625 0.28308724375 0.63712245625 0.29625434687499996 0.6330523515625 0.31007707500000004 0.6290845609375 0.32259140625 0.6226560328125 0.3332926 0.6054676953125 0.3375224265625 0.5942002953125 0.340167765625 0.576560690625
0 0.27821640625 0.6216686109375 0.27940103125000004 0.6108930765625 0.2810755203125 0.60166075 0.27870164218750004 0.5898463390625001 0.27069465625 0.5877908765625001 0.258230621875 0.591487153125 0.2451541234375 0.5979891328125 0.23251519375 0.610345846875 0.228798665625 0.6231439937500001 0.2297692609375 0.6334499546875 0.22436765468750003 0.6453404015624999 0.2246854765625 0.6532879375 0.226593496875 0.663095459375 0.23680314687499998 0.66420520625 0.24706879843750001 0.658070484375 0.2617383484375 0.65117238125 0.27008599218749996 0.6431265171875 0.277736275 0.6309422625 0.27821640625 0.6216686109375
0 0.31737380625 0.4335646296875 0.3228460390625 0.4398988140625 0.3174372953125 0.45742953125 0.309358603125 0.47502713124999996 0.3079884953125 0.4843230765625 0.3147259609375 0.4902099796875 0.3259636359375 0.493253165625 0.34790009375 0.48249568906249996 0.3570442640625 0.4742517609375 0.364362453125 0.46540051250000003 0.374537503125 0.45683391562500003 0.381017434375 0.44414465312500007 0.38637873749999996 0.4270900796875 0.387800571875 0.4139338296875 0.3834555328125 0.4051966328125 0.37305040625 0.410503678125 0.359275121875 0.413995321875 0.3452166109375 0.4192157765625 0.33215295624999996 0.4155652703125 0.32722434218749996 0.42382233593749996 0.32310081562500004 0.42511301562500003 0.31737380625 0.4335646296875
0 0.3804092515625 0.44356619375 0.374068790625 0.4570831328125 0.4011103453125 0.4451849359375 0.41039826718750005 0.43438452187500004 0.4177178875 0.42440521875000004 0.42611011718749997 0.4181393171875 0.434939315625 0.399691746875 0.430595709375 0.389826496875 0.42723268125 0.3823708296875 0.42663448906249996 0.373895990625 0.41679010625 0.3802576375 0.40329518750000004 0.384276584375 0.394478834375 0.3925716703125 0.3899700640625 0.40218371406250003 0.3841097328125 0.406427003125 0.3855044515625 0.4147037796875 0.38478283125 0.429742309375 0.3804092515625 0.44356619375
0 0.43319074999999996 0.374919146875 0.42778771718749997 0.387937646875 0.432884690625 0.39469681875 0.43563953125 0.4015740265625 0.4263947703125 0.41528245625000004 0.4307929578125 0.41903129375 0.44203634062499997 0.417562259375 0.458737128125 0.40823137656249997 0.46591299218750004 0.400808559375 0.47439868125 0.394718425 0.48475921875 0.3876314140625 0.4903909015625 0.379000521875 0.4978542703125 0.3664647328125 0.5008691562500001 0.352912359375 0.5020063390625 0.3426129703125 0.49780362812499995 0.33244734375 0.488811775 0.3313664625 0.47062688281250004 0.34013370468750004 0.457126259375 0.3486648671875 0.45172750468749995 0.3582992078125 0.44623672187499996 0.366629725 0.43319074999999996 0.374919146875
0 0.5006362281250001 0.3519089171875 0.4967327859375 0.3643555265625 0.49213055937499994 0.37379180624999997 0.49549929375 0.3767352578125 0.5083831703125 0.374393959375 0.5201915765625 0.37059536875 0.53219118125 0.363764146875 0.5429947546875 0.35080509531250004 0.5485372625 0.338614271875 0.551037421875 0.3246592078125 0.552508125 0.309898759375 0.5582404000000001 0.29580336093750004 0.5516049515625 0.2833238984375 0.539523309375 0.2809549203125 0.52194945625 0.2880445125 0.50783779375 0.298253325 0.4985812546875 0.31016434375 0.49271236093750004 0.3211759578125 0.4925600453125 0.3305007671875 0.49934495312499994 0.33591152812499997 0.5013032703125 0.3429867984375 0.5006362281250001 0.3519089171875
0 0.22580053906250003 0.6707790921875 0.2181875671875 0.653563259375 0.215798253125 0.6444329468750001 0.197788421875 0.6470751234375001 0.171692790625 0.6646484546875 0.149155175 0.6784809359375 0.129979571875 0.691681440625 0.1154644875 0.7026350328125 0.111026659375 0.7186311843750001 0.12201334531250001 0.725963721875 0.13699283125 0.7274752109375 0.15736675 0.7159488234375 0.172543703125 0.7131950234375 0.19647563750000002 0.6979277890625 0.2078232484375 0.6856537171875 0.21407555312499998 0.6777067609375 0.22580053906250003 0.6707790921875