0 0.329744584375 0.16510909375 0.2614603859375 0.1765781671875 0.323320253125 0.1815748921875 0.329744584375 0.16510909375
0 0.31224372031250003 0.2013714953125 0.320084825 0.1829530828125 0.2548400625 0.173922396875 0.24168723124999997 0.1889689 0.31224372031250003 0.2013714953125
0 0.31224372031250003 0.2013714953125 0.24252705312499998 0.193610821875 0.229765640625 0.1970627921875 0.22544843593750002 0.2108057453125 0.24868907031249998 0.21574623124999998 0.2733464734375 0.218734103125 0.30487661718750003 0.22149263281249998 0.31224372031250003 0.2013714953125
0 0.23192452187499998 0.21511015156250002 0.2244748359375 0.22193403125 0.2228830015625 0.23300822812500002 0.240085490625 0.23575919218750002 0.26659760781249997 0.23890932812500001 0.293944321875 0.23964060156250003 0.2997864765625 0.2227085578125 0.23192452187499998 0.21511015156250002
0 0.213831015625 0.2367847296875 0.21431547968750003 0.252609028125 0.259668446875 0.261145346875 0.27043090937500003 0.259179746875 0.2851965046875 0.2613021953125 0.2906111796875 0.2563768421875 0.2904925375 0.24349174375 0.27885419218749996 0.24122758125 0.25550538125 0.2375235703125 0.22342911875000002 0.2338866328125 0.213831015625 0.2367847296875
0 0.2066186140625 0.26937880625 0.221239971875 0.273149890625 0.24458878125 0.2768539015625 0.25487724218749996 0.27318557656250003 0.2743363296875 0.27862584687499997 0.27708729062500004 0.2614233578125 0.2641042921875 0.26028749375000004 0.2549388984375 0.258239684375 0.20896769375000002 0.24964927656250002 0.20591779375 0.256027459375 0.2066186140625 0.26937880625
0 0.20535130937499999 0.2767435734375 0.196809384375 0.2818106421875 0.19889091718750002 0.2936215296875 0.2147487515625 0.29750079218750003 0.23765962031250001 0.29908991875 0.26504239375 0.299409034375 0.26826735625000003 0.28390926875 0.20535130937499999 0.2767435734375
0 0.214759215625 0.31162236718749997 0.2363614890625 0.31392763437500004 0.2522553828125 0.3173947359375 0.261199190625 0.3148547109375 0.2647539203125 0.302706303125 0.24700531093749997 0.2990769359375 0.21238397656250002 0.2960479609375 0.2003850390625 0.297905384375 0.20050368125 0.3107904828125 0.214759215625 0.31162236718749997
0 0.19717576875 0.33458750937500004 0.22157552656249999 0.333399703125 0.22852038281249998 0.332346046875 0.24837612031249998 0.333252571875 0.2501482546875 0.32011758125 0.2025439234375 0.3159527421875 0.19717576875 0.33458750937500004
0 0.3283195921875 0.3522908109375 0.3422145359375 0.3572442828125 0.3560734203125 0.3626099109375 0.38894821562500004 0.36424014374999997 0.3865008578125 0.3494900546875 0.3342751546875 0.3411830765625 0.3283195921875 0.3522908109375
0 0.30710406875 0.3811678921875 0.30307533750000004 0.39161357343750003 0.3265683828125 0.3936689484375 0.334280946875 0.39808153125 0.3629001953125 0.3985088234375 0.367871696875 0.384407803125 0.34172540156250003 0.384196865625 0.32841263593750003 0.379709640625 0.30710406875 0.3811678921875
0 0.32957699375 0.38064213593749996 0.3452184734375 0.38699435000000004 0.36848993281250003 0.384461890625 0.3711740109375 0.3751445078125 0.34171493750000004 0.370075290625 0.30767578281249996 0.3675125640625 0.3036470546875 0.377958246875 0.32957699375 0.38064213593749996
0 0.33571285156249997 0.367473609375 0.34218893906250003 0.3717780140625 0.3711379515625 0.375556665625 0.37232790625 0.3619554265625 0.3375571046875 0.353514303125 0.3164288328125 0.35291175625000004 0.3153109984375 0.36568867968749996 0.33571285156249997 0.367473609375
0 0.23839182656250002 0.3548059890625 0.2438733890625 0.3419955296875 0.20801558281250002 0.33885837812499997 0.20773756875 0.3562772234375 0.23839182656250002 0.3548059890625
0 0.3573825734375 0.411731440625 0.35915470781250003 0.39859645 0.2979851953125 0.392829496875 0.29821201406250003 0.40447811875 0.3233073625 0.409580871875 0.3443635171875 0.41100773281249997 0.3573825734375 0.411731440625
0 0.29824807343750004 0.4040659609375 0.2934155796875 0.4094575625 0.293966928125 0.4173967546875 0.3033178515625 0.42444455625 0.3342297546875 0.4271489984375 0.3479391703125 0.427102475 0.3504737765625 0.4123729390625 0.29824807343750004 0.4040659609375
0 0.3989783671875 0.6021999625000001 0.4078265046875 0.598121875 0.41065206875 0.5889342453124999 0.3672671765625 0.5856776921875 0.36474927031250004 0.5959705046875 0.3797872109375 0.599712253125 0.3989783671875 0.6021999625000001