0 0.14601139531250001 0.5996260671875 0.1282051265625 0.5889423078125 0.0836894578125 0.5876068375 0.0373931625 0.61832265 0.0427350421875 0.6463675203125 0.0890313375 0.6463675203125 0.14601139531250001 0.5996260671875
0 0.23682336093749998 0.5355235031250001 0.27599714999999997 0.5141559828125 0.29024216406250003 0.4954594015625 0.2635327640625 0.4887820515625 0.224358975 0.4994658125 0.1994301984375 0.5168269234375 0.20121082656249997 0.5355235031250001 0.23682336093749998 0.5355235031250001
0 0.30448718124999996 0.4861111109375 0.327635328125 0.4674145296875 0.35612535625 0.4513888890625 0.3383190875 0.43536324843749996 0.297364671875 0.4473824796875 0.27777777812500004 0.46340812031249995 0.27421652343749997 0.48076923125000004 0.30448718124999996 0.4861111109375
0 0.3258547015625 0.184294871875 0.3080484328125 0.17494658125 0.2884615390625 0.16960470156250002 0.26887464375 0.1976495734375 0.27955840468750004 0.20699786250000002 0.30626780625 0.20299145312500003 0.3258547015625 0.184294871875
0 0.43091168125 0.3632478625 0.45049857656250003 0.3498931625 0.4380341875 0.34588675156250004 0.4113247875 0.3699252140625 0.40954415937500005 0.3806089734375 0.43091168125 0.3886217953125 0.43091168125 0.3632478625
0 0.3365384609375 0.59294871875 0.295584046875 0.584935896875 0.24038461562500002 0.5916132484375 0.23860398906250002 0.63167735 0.329415953125 0.6236645296875001 0.3614672359375 0.6063034187499999 0.3365384609375 0.59294871875
0 0.3222255828125 0.597205571875 0.3423978609375 0.597205571875 0.3466446546875 0.60457110625 0.3649589609375 0.6043720359375 0.3859275109375 0.591034446875 0.3808844421875 0.574511759375 0.36894033125000003 0.562965784375 0.3246144046875 0.561970440625 0.306565525 0.5717247984375 0.29010919375 0.574113621875 0.2683443703125 0.5878493484375 0.26940606875 0.590636309375 0.30072618281249996 0.589840034375 0.3222255828125 0.597205571875
0 0.3400090375 0.541665453125 0.3092197734375 0.5510216734375 0.30231873125000003 0.5665490171875 0.3142628421875 0.569335978125 0.32434898125 0.562567646875 0.3710637265625 0.562368578125 0.3803535921875 0.574113621875 0.38725463437499996 0.5828726375 0.40822318593749995 0.5713266609375001 0.40822318593749995 0.562965784375 0.40291469218750003 0.551618878125 0.376903071875 0.5502254 0.3641626859375 0.5426607953125 0.3400090375 0.541665453125
0 0.338947340625 0.545447753125 0.3625701359375 0.5426607953125 0.376106796875 0.5502254 0.39813704687499996 0.551618878125 0.4084886109375 0.5559983859375001 0.4254757921875 0.5552021109374999 0.4414012734375 0.545845890625 0.44325924531250005 0.5366887390625 0.43795075156249996 0.52733251875 0.41751305156249996 0.526337175 0.40264926562500003 0.519767915625 0.36814405625 0.5201660515625 0.3477063546875 0.5255409015625 0.3413361625 0.5333045750000001 0.338947340625 0.545447753125
0 0.5157201875 0.548445725 0.5313802453124999 0.5446634234375 0.5425280828125 0.5434690140625 0.5404046859375 0.5376960265624999 0.55473761875 0.525751915625 0.5619040859375 0.5239602984375 0.5642929078125001 0.5148031453125 0.5605769625 0.5034562390625 0.545182328125 0.49370188125 0.52209038125 0.4921093328125 0.5019181046875001 0.5074376109375 0.486258046875 0.5265362453125 0.486523471875 0.5404829859375 0.491831965625 0.5480475890625 0.5157201875 0.548445725
0 0.5961810296875 0.54446435625 0.6121065140625 0.5382932312500001 0.61714958125 0.5319230375 0.616618734375 0.5187845156249999 0.62428950625 0.5124143234375 0.6269437546875001 0.5034562390625 0.6354373453125 0.49449815625 0.6386224390625 0.4913130609375 0.6274746015625 0.4879288953125 0.60252468125 0.48852609999999996 0.59164226875 0.4939009515625 0.573327965625 0.5080348156250001 0.5730625390624999 0.51679383125 0.5634966343750001 0.5273444640625 0.5605769625 0.535904409375 0.5642929078125001 0.5416773953125 0.5691077109375 0.5454596984375 0.5961810296875 0.54446435625
0 0.6619798125 0.5347099984375 0.6667574578125001 0.529335146875 0.6696771296875 0.5205761343749999 0.6701655109375 0.514006871875 0.6783936765624999 0.5078357484375 0.68449844375 0.49708604687499996 0.6916649125000001 0.4895214421875 0.6951154328125 0.48474379843750004 0.679986225 0.479767084375 0.6590176734375001 0.4799661546875 0.64149964375 0.489322375 0.6314135046875 0.49847952656250005 0.6261050109374999 0.5094282953125 0.6157959171875 0.5187845156249999 0.6147342171875 0.5347099984375 0.622431534375 0.5390895046875 0.6476468796875 0.5388904375 0.6619798125 0.5347099984375
0 0.6985659531249999 0.536103478125 0.7118371890625 0.5321221078125 0.723515875 0.5261500515625 0.7375833843749999 0.5120161859375 0.7495274953125 0.49847952656250005 0.7551014140625 0.4895214421875 0.7558976890625 0.480762428125 0.7423610296875001 0.4781745375 0.7282935203124999 0.47518851093750003 0.7142260109375 0.47498944062500004 0.69670798125 0.4851419359375 0.6876835421874999 0.4931046765625 0.677066553125 0.5074376109375 0.6704309359375 0.514405009375 0.66432616875 0.5233630921875 0.6664495640625 0.5321221078125 0.6775974031249999 0.5357053406250001 0.6985659531249999 0.536103478125
0 0.7710186640625001 0.5331236234375 0.787979303125 0.528146909375 0.79726916875 0.518591621875 0.8012505390625 0.50903633125 0.8116021015625 0.501073590625 0.8150526234375001 0.4939071234375 0.8179722937499999 0.48435183437499996 0.809478703125 0.47857884687499996 0.7975345921875 0.47917605312499995 0.7813436859375 0.47837977968749995 0.77019585 0.481564875 0.7577208890625 0.4887313421875 0.75294324375 0.4966940828125 0.746838475 0.5056521671875001 0.7410256734375 0.513017703125 0.737575153125 0.5245636765625 0.743679921875 0.5301375953125 0.7564203078125 0.5327254859375 0.7710186640625001 0.5331236234375
0 0.6035173703125001 0.5942275046875001 0.5905115609375 0.5970144656249999 0.5788328734375 0.605176275 0.5660924859375001 0.617717590625 0.5586605953125 0.628666359375 0.558395171875 0.6384207171875 0.570073859375 0.6386197859375 0.5838759421875 0.6420039515625 0.598739725 0.6439946359375 0.6085604390625 0.65335085625 0.6167886046875 0.64837414375 0.6210354 0.64917041875 0.630059840625 0.6443967546875 0.628201865625 0.63623494375 0.6412076765625 0.623295490625 0.6566023109375 0.6115504484375001 0.6621762265625 0.6039858437500001 0.65899113125 0.5956249671875 0.6504975421875 0.587662225 0.6260784703125 0.5868619703125 0.61413435625 0.5898479984375 0.6035173703125001 0.5942275046875001
0 0.52680963125 0.606967890625 0.5103533015624999 0.619111071875 0.509557025 0.6298607703125 0.509026178125 0.6380225796875 0.5055756546875 0.645786253125 0.5172543421875 0.6447909093749999 0.531056428125 0.6475778703125 0.5427351140625001 0.644392771875 0.5512287031249999 0.6380225796875 0.558395171875 0.6370272375 0.5610494187499999 0.629064496875 0.568746734375 0.61612504375 0.579098296875 0.6059725484375 0.591042409375 0.5970144656249999 0.56158026875 0.594824709375 0.5483090328125 0.60000049375 0.53716119375 0.6053753421875 0.52680963125 0.606967890625
0 0.4731779171875 0.6049772046874999 0.46070295625 0.6063706859375 0.451678515625 0.6113473968750001 0.43920355625 0.6189120015625 0.430179115625 0.629462634375 0.42433977343749996 0.6380225796875 0.4232780734375 0.6489713484374999 0.430709965625 0.6541471296875 0.45088224375 0.6549434046875 0.46680772499999995 0.6537489937500001 0.47609759062499996 0.6477769375 0.48485660468749997 0.64299929375 0.5002671624999999 0.64180488125 0.5111495734375 0.6328467984375 0.5098224515625 0.6244859203125 0.5106187249999999 0.6171203859375 0.5252170828125 0.6093567140625 0.5230936859375 0.6039818625 0.5124766984375 0.60000049375 0.49335019375 0.6003986296875 0.48352948125 0.603583725 0.4731779171875 0.6049772046874999
0 0.372619115625 0.6308561125 0.3643909515625 0.6431983609375 0.3527122640625 0.6529527203125001 0.3527122640625 0.667086584375 0.36226755312500003 0.67485025625 0.38111270625000004 0.6768409421875 0.3983653125 0.6744521203125 0.4121302359375 0.668280996875 0.4224818015625 0.661313596875 0.42699402031249994 0.6531517874999999 0.42354349999999996 0.645189046875 0.42513604687499995 0.6380225796875 0.42991369218750003 0.630457975 0.43920355625 0.621300825 0.44769714531249993 0.6151297 0.446104596875 0.6109492609375 0.4336296359375 0.606967890625 0.4214201015625 0.6047781375 0.40761801562500005 0.605176275 0.3919951203125 0.6115464671875 0.38137813125000003 0.6197082765624999 0.372619115625 0.6308561125
0 0.8671758265625 0.5087549421875 0.8935693171875 0.5071223546875 0.9166976312499999 0.5044694015625 0.934656090625 0.5016123734375 0.9460841984374999 0.48957204374999996 0.9398259484375 0.47793986093749996 0.9273094484375 0.469572853125 0.903909034375 0.47018507343750005 0.88921575 0.4654913859375 0.8609175734375001 0.46773619218749996 0.8451359 0.4732461734375 0.8358845734375 0.477327640625 0.8222796812500001 0.47793986093749996 0.8209191921875 0.49671461250000004 0.818742409375 0.5058979156250001 0.8358845734375 0.512020115625 0.8671758265625 0.5087549421875