0 0.255852228125 0.8192094828125001 0.3239258625 0.831868534375 0.3177898765625 0.8152931234375 0.255852228125 0.8192094828125001
0 0.3145789953125 0.8138586765625 0.30706052968750003 0.7953062234375 0.23629833125 0.80647555 0.2491865625 0.8217493093750001 0.3145789953125 0.8138586765625
0 0.2684722265625 0.777267409375 0.24376643437499998 0.7798244953125 0.22044311562500002 0.7843586234375 0.22451981562499998 0.7981748296875 0.23721903906250003 0.801848990625 0.30706052968750003 0.7953062234375 0.3000457125 0.7750595765625 0.2684722265625 0.777267409375
0 0.2894318078125 0.756723578125 0.262076496875 0.7569774734375 0.2355134390625 0.7596644296874999 0.21826555781249998 0.7621147500000001 0.21966387968749998 0.773215040625 0.2269933375 0.7801678953125 0.2949775671875 0.7737550015625 0.2894318078125 0.756723578125
0 0.274371671875 0.7548734796875001 0.2860477609375 0.7528127796875 0.286391259375 0.7399317140624999 0.28106336875000004 0.7349126125 0.2662629796875 0.7367770421875 0.2555364625 0.7346239109375 0.2100414234375 0.7423674109375 0.2092808609375 0.75818084375 0.2188269234375 0.761246009375 0.250961775 0.7581694328124999 0.274371671875 0.7548734796875001
0 0.2507569234375 0.7374465890625 0.259956659375 0.73555905 0.2729575046875 0.7346499421875 0.27050718749999997 0.7174020640625 0.2509561171875 0.722501896875 0.2407332453125 0.7186545718749999 0.21732334843749998 0.7219505265625 0.202638403125 0.7254658578125001 0.2017046765625 0.7388029406250001 0.20464279687500003 0.7452333796875 0.2507569234375 0.7374465890625
0 0.2615773828125 0.6964598390625001 0.2341932125 0.6963010109375001 0.2112580984375 0.6974900453124999 0.1953349765625 0.701091959375 0.19304763281249998 0.7128647203125 0.2014998234375 0.71808009375 0.264531346875 0.7120135265624999 0.2615773828125 0.6964598390625001
0 0.2613464984375 0.6931580375 0.25800433125 0.6809494421875 0.2491062140625 0.6782537125 0.23315423124999998 0.6814429 0.211515015625 0.683370803125 0.19724713437500002 0.68395376875 0.196903634375 0.6968348343749999 0.20886832812499997 0.6989013843749999 0.2435372515625 0.696477096875 0.2613464984375 0.6931580375
0 0.21871035625 0.6617157453125 0.19433504375 0.6601022859375 0.199377159375 0.6788279015625001 0.2470469265625 0.6754945078125 0.24550429999999998 0.6623305890625 0.225635765625 0.662890446875 0.21871035625 0.6617157453125
0 0.3397471359375 0.6399802390625 0.325767859375 0.64469045625 0.33152865781249996 0.6559004374999999 0.3838913828125 0.6485061890625 0.38659579375 0.633801059375 0.353697553125 0.6348572984375 0.3397471359375 0.6399802390625
0 0.301213725 0.604933109375 0.30505954218750003 0.6154475109375 0.3263394140625 0.6172774249999999 0.3397284640625 0.6130232234374999 0.3658744578125 0.6132686359374999 0.3611498109375 0.599082996875 0.3325274640625 0.5990107484375 0.324739065625 0.6032880578125 0.301213725 0.604933109375
0 0.30539285 0.6291107375 0.3394715453125 0.627142465625 0.369014603125 0.6225881531249999 0.3664935453125 0.61322534375 0.3432698265625 0.610287128125 0.32751986718750004 0.61636539375 0.3015470375 0.6185963343750001 0.30539285 0.6291107375
0 0.3138897484375 0.6438620828125 0.33502531874999997 0.6436283671874999 0.369938140625 0.6357953625 0.3689857421875 0.622175428125 0.3399751921875 0.6254482734375 0.33342496875 0.629639 0.3129950703125 0.631067596875 0.3138897484375 0.6438620828125
0 0.241154840625 0.6535103796875 0.2358976859375 0.64060620625 0.2052737734375 0.6386002046875 0.20524774375 0.6560212484375 0.241154840625 0.6535103796875
0 0.3574064234375 0.5989300171874999 0.35586379687499997 0.5857660984375 0.3428340921875 0.58626248125 0.3217562421875 0.5873216453125 0.2965756609375 0.591985646875 0.29614558125 0.6036285359375 0.3574064234375 0.5989300171874999
0 0.34669009375000004 0.5702325953125 0.3329835765625 0.5699468171875 0.3020291828125 0.572111359375 0.2925566828125 0.5789948921875 0.291866859375 0.5869232531249999 0.296604521875 0.592398371875 0.34896724687499997 0.5850041218750001 0.34669009375000004 0.5702325953125
0 0.40955300625 0.4002844203125 0.4007773890625 0.3960525328125 0.3815457390625 0.39820493125 0.3664447859375 0.40168366093749996 0.36878267343750004 0.41201885000000005 0.41221779375 0.4095199625 0.40955300625 0.4002844203125