0 0.8834529734375 0.1654281890625 0.8513959281249999 0.16233666093750002 0.840801696875 0.1712034609375 0.85913735625 0.2581517875 0.8996424859375001 0.2620271328125 0.9117891796875 0.2406404234375 0.8974495078125001 0.1763420140625 0.8834529734375 0.1654281890625
0 0.7613222078125 0.2442688375 0.7692221124999999 0.2290546 0.7414795875 0.1567116609375 0.72410376875 0.14114572812499998 0.679055003125 0.1420082109375 0.6801741140625001 0.1674399375 0.696477121875 0.20952407968750003 0.7090354828125001 0.24352170625 0.7613222078125 0.2442688375
0 0.80278744375 0.34121947812500003 0.8073080609375 0.321353134375 0.7820087921875001 0.262487121875 0.76477001875 0.250920703125 0.726822171875 0.2493932828125 0.721981959375 0.27438935937500003 0.7421894140624999 0.32199514218749997 0.7598620734375 0.338995721875 0.80278744375 0.34121947812500003
0 0.8760115578125 0.3313625 0.8916520984374999 0.346884690625 0.93254534375 0.347630059375 0.9366093234375 0.32889393437500003 0.9266079828124999 0.27555132968749996 0.9086157281249999 0.26368048593750004 0.872791278125 0.25906682812500004 0.8624711359375 0.2759326546875 0.8673118765625001 0.294322375 0.8760115578125 0.3313625
0 0.9059467968750001 0.46769765625000004 0.92601694375 0.489611028125 0.9543751109375 0.4931801828125 0.95759380625 0.435318459375 0.9492597500000001 0.4234056375 0.89585418125 0.41891967656249995 0.8983889765624999 0.44952488125 0.9059467968750001 0.46769765625000004
0 0.9267706890625 0.511608353125 0.9389181796875 0.555300340625 0.95184084375 0.5059607765624999 0.9342824750000001 0.49952409375 0.9267706890625 0.511608353125
0 0.6436366015625 0.48131705468749997 0.6555327546874999 0.5104456328125 0.68560345 0.5206229125 0.7209712625 0.5263667890625 0.7527542203124999 0.521459290625 0.7520462421875 0.5080261015625 0.736405703125 0.49250391093749996 0.7139383375 0.48737065 0.6888224093749999 0.4844540890625 0.66770220625 0.48249454375 0.6436366015625 0.48131705468749997
0 0.7060386984375 0.5242777875 0.6817675249999999 0.517101025 0.6645059984375 0.5120989890625001 0.6549848421875 0.516140478125 0.6618577046875 0.5360085859375 0.6800097578125001 0.5453145640625 0.7170215734375 0.5556668078125 0.7385984171875 0.5564961296875001 0.7716463171875 0.5527964984375 0.771043315625 0.5347647796875 0.7580285812499999 0.5235902718750001 0.739990821875 0.5248481875000001 0.7060386984375 0.5242777875
0 0.7257664968750001 0.5578852703125 0.6913119625 0.5498809515625 0.6694610328125 0.541052603125 0.6593461921875 0.5422248 0.6616981734375 0.5602663531250001 0.6748499515625 0.5754403765625 0.7232552484375 0.585794384375 0.7409961671875 0.5831018203125 0.7649932515625 0.5822795515625 0.769925 0.5744117484375 0.767253425 0.5614999296875001 0.7534624578125 0.5565853749999999 0.7257664968750001 0.5578852703125
0 0.739329409375 0.5850578359374999 0.7175242468749999 0.584793625 0.6912894765625001 0.57813823125 0.6715391890625 0.5727880265625 0.6818140890625 0.5907438609375 0.70327690625 0.6027021875 0.7350828796875 0.6129232078125 0.757573 0.6114920890625 0.7815700828125001 0.610669821875 0.7881000703125001 0.5988462453125 0.7731217359375 0.5881931046875 0.7595590875 0.5827134390625 0.739329409375 0.5850578359374999
0 0.7545590765625 0.610274384375 0.7350143578125 0.6109234484375 0.7115651890625 0.6060508703124999 0.6952627109375 0.60735253125 0.6937787656250001 0.621872196875 0.7063368609375 0.634176928125 0.72510535 0.6397878171875 0.7459059609375001 0.64687709375 0.7687614421875 0.648880378125 0.7870275234374999 0.6470573500000001 0.7988318734375001 0.6373647578125 0.79262121875 0.6223656984375 0.7741723234375 0.611625075 0.7545590765625 0.610274384375
0 0.8955284421874999 0.669201775 0.8855961515624999 0.661244725 0.8559593421875 0.656501609375 0.8543156 0.6735861437499999 0.8615310765625 0.7034530343750001 0.8781761687499999 0.7121501593749999 0.8975610906249999 0.7140659609375 0.9077214359375001 0.699765003125 0.8955284421874999 0.669201775
0 0.7721634828124999 0.6469681046875 0.7562948875 0.6537039250000001 0.7542172593750001 0.665354296875 0.7700175984375 0.678311621875 0.787667240625 0.6801836828125001 0.8064812343750001 0.672665809375 0.825295228125 0.6651479375 0.8322591015624999 0.6587585234375 0.8233998874999999 0.6459761640624999 0.8012521140625 0.63571316875 0.7912057953125 0.6388851234375 0.7721634828124999 0.6469681046875
0 0.909959390625 0.728935559375 0.8543846531250001 0.718971696875 0.84689561875 0.7244915765625 0.8515307921874999 0.7368820265625 0.87128108125 0.7422322296874999 0.8832454921874999 0.75166766875 0.906466340625 0.7571053562500001 0.909959390625 0.728935559375
0 0.825948909375 0.7199332593750001 0.762017365625 0.70462095625 0.75158293125 0.7109228875 0.7551677828125001 0.7215742656249999 0.7875674421875 0.7346645781250001 0.81304873125 0.7410155421875 0.8309357484375001 0.7357920203125 0.825948909375 0.7199332593750001
0 0.7332940984375 0.719310296875 0.7410114531249999 0.7132253078125 0.7340473140625 0.6979218234375 0.6761436125 0.6850449281250001 0.6634487375 0.6904335828125 0.67080099375 0.7026070890625 0.6860989203125001 0.708130496875 0.6960312125 0.7160875453125 0.7332940984375 0.719310296875
0 0.4648272765625 0.6548856015625 0.45007726249999996 0.6436673515625 0.40053036718749996 0.6361388953125 0.3916714171875 0.6450494359375 0.40347603125 0.6570497421875 0.4363323296875 0.6690098328125 0.4647817703125 0.6680143625 0.4648272765625 0.6548856015625
0 0.38973056875 0.639006425 0.40235692187499994 0.6316180124999999 0.389958625 0.6167484156249999 0.3666692546875 0.6093109703125 0.341781646875 0.6058292984375 0.3344981796875 0.6173484484375 0.34924819375 0.6285667 0.37034564531249997 0.6370906234375 0.38973056875 0.639006425
0 0.3695921640625 0.6367861984375 0.352262115625 0.6297844031250001 0.3369641859375 0.6242609953125 0.321574984375 0.6233022140625 0.3145198359375 0.6342562515625 0.33431589375000004 0.64817059375 0.352924584375 0.6563463515625 0.37692166718750003 0.655524084375 0.38486733906250004 0.6488739859375 0.384296409375 0.6394403125 0.3695921640625 0.6367861984375
0 0.2307834453125 0.6332529796874999 0.2361581359375 0.6242888625 0.23039506250000003 0.614690059375 0.2176771703125 0.6049501953124999 0.1778570015625 0.5993795203125 0.16742256718749998 0.6056814515625 0.175459778125 0.616159625 0.20566751874999997 0.6303364171875 0.2307834453125 0.6332529796874999
0 0.1473757 0.6205895 0.162034175 0.614679475 0.16274188750000002 0.6064197625000001 0.151759275 0.5967236406249999 0.12732830625 0.592111746875 0.10463261875 0.5875435953125 0.0966869453125 0.594193696875 0.1054548859375 0.611540678125 0.1473757 0.6205895