0 0.6987952078124999 0.8187778078125 0.76581996875 0.8014010171875 0.7037600046875 0.8018147499999999 0.6987952078124999 0.8187778078125
0 0.7130690000000001 0.7811280953125 0.706863003125 0.8001598171875001 0.772646565625 0.8034696828125 0.7844379578125 0.7873340921875001 0.7130690000000001 0.7811280953125
0 0.795608753125 0.7782319640625001 0.798711753125 0.7641650375 0.7751289640625 0.76126890625 0.7503049796875 0.7604414390625001 0.7186543953125 0.7604414390625001 0.7130690000000001 0.7811280953125 0.7831967609375 0.782783028125 0.795608753125 0.7782319640625001
0 0.7993323515624999 0.7418234499999999 0.7819555593749999 0.74058225 0.7552697765625 0.739754784375 0.727963390625 0.7414097171875 0.7236191921875 0.75878650625 0.79188515625 0.7604414390625001 0.798711753125 0.75299424375 0.7993323515624999 0.7418234499999999
0 0.7664405703125 0.7401685171875 0.798711753125 0.740995984375 0.808020746875 0.7372723859375 0.8061589484375 0.721550528125 0.7602345734375 0.7169994640625 0.7496843796875 0.7198955953125 0.7347899875 0.7190681296875 0.729825190625 0.7244466593750001 0.731066390625 0.7372723859375 0.742857784375 0.7385135843749999 0.7664405703125 0.7401685171875
0 0.81174434375 0.7240329265625001 0.8142267421874999 0.7174131984375001 0.8123649421874999 0.7041737375 0.7974705515625 0.7016913390624999 0.773887765625 0.70003640625 0.7639581718749999 0.7045874703125 0.74409898125 0.7008638734375 0.742857784375 0.7182406625 0.755890375 0.7182406625 0.7651993703125 0.7194818625 0.81174434375 0.7240329265625001
0 0.8179503406249999 0.6793497515625 0.8018147499999999 0.676867353125 0.7788525625 0.6772810875 0.7515461765625 0.6793497515625 0.7496843796875 0.695071609375 0.81298554375 0.6967265421875 0.8210533390625001 0.6909342781250001 0.8179503406249999 0.6793497515625
0 0.8042971484375 0.6781085515624999 0.8160885421874999 0.6752124203125 0.814847340625 0.66238669375 0.80057355 0.6628004265625 0.7788525625 0.66238669375 0.762716971875 0.6603180296875 0.754028575 0.66362789375 0.7515461765625 0.6760398875 0.7695435671874999 0.6781085515624999 0.8042971484375 0.6781085515624999
0 0.8160885421874999 0.638390175 0.79188515625 0.641700040625 0.785058559375 0.643354971875 0.7651993703125 0.6441824375 0.7645787703125 0.6574218968750001 0.8123649421874999 0.6574218968750001 0.8160885421874999 0.638390175
0 0.683900815625 0.6321841781249999 0.6696270234374999 0.6284605796875 0.65535323125 0.62432325 0.6224614500000001 0.6255644484375 0.62618505 0.6400451078125 0.67893601875 0.6437687046875 0.683900815625 0.6321841781249999
0 0.6454236375 0.5891559359375 0.6417000390625 0.60363659375 0.6677652234375 0.6015679281249999 0.6814184171875 0.60487779375 0.7025188046874999 0.6015679281249999 0.7056218046875 0.59081086875 0.6820390187500001 0.59081086875 0.673971221875 0.5870872703125001 0.6454236375 0.5891559359375
0 0.641079440625 0.60363659375 0.639217640625 0.6131524546875 0.669006425 0.6156348546875 0.70313940625 0.615221121875 0.706242403125 0.6044640609374999 0.68017721875 0.604050328125 0.664041628125 0.5990855296875 0.641079440625 0.60363659375
0 0.639217640625 0.612738721875 0.639217640625 0.626391915625 0.6745918203125 0.63177044375 0.6956922078125001 0.630529246875 0.6956922078125001 0.61770351875 0.675212421875 0.61770351875 0.668385825 0.6139799218750001 0.639217640625 0.612738721875
0 0.7732671671875 0.62184085 0.76892296875 0.6350803109375 0.8049177468750001 0.6350803109375 0.8036765499999999 0.61770351875 0.7732671671875 0.62184085
0 0.6497678359375 0.57550274375 0.649147234375 0.588742203125 0.7105866015625 0.5891559359375 0.7093454015625 0.5775714093750001 0.683900815625 0.574675278125 0.6628004265625 0.5750890109375 0.6497678359375 0.57550274375
0 0.7124484015625 0.5643319499999999 0.7025188046874999 0.558125953125 0.6714888234374999 0.558125953125 0.6578356296875 0.559367153125 0.6565944328125 0.5742615437499999 0.7093454015625 0.5779851421875 0.7136895984375 0.572192878125 0.7124484015625 0.5643319499999999
0 0.5917299015624999 0.38938432343749996 0.5832708625 0.394218059375 0.5812568046875 0.40361699062499995 0.6247604328125 0.403079909375 0.6263716796875001 0.3926068140625 0.611064846875 0.39018994687499997 0.5917299015624999 0.38938432343749996