0 0.6746694609375 0.8915287187500001 0.631828875 0.811236653125 0.5950673953125001 0.8138107359375001 0.6422949359375 0.9108137187500001 0.663666221875 0.9122228031249999 0.6746694609375 0.8915287187500001
0 0.5735833968749999 0.85393818125 0.5618889546875 0.8731587218750001 0.58773820625 0.9632187671875 0.62337801875 0.9821687921875 0.6447353 0.9725101765625 0.6062256609375 0.8646582296875 0.5735833968749999 0.85393818125
0 0.493941628125 1 0.507392109375 0.9774608765625 0.395845984375 0.8960302406249999 0.37154016093750003 0.9361958265625001 0.4516933015625 1 0.493941628125 1
0 0.3887101328125 0.8936162578125 0.30199830781250003 0.8264962796875001 0.2772270171875 0.86199026875 0.36646391718750004 0.927134778125 0.3887101328125 0.8936162578125
0 0.263001609375 0.7930467078125 0.1935348546875 0.735096096875 0.157951053125 0.7604168703124999 0.23409010000000002 0.8252332796875 0.263001609375 0.7930467078125
0 0.0888408375 0.7186978374999999 0.1846800203125 0.735369646875 0.1944414375 0.70020638125 0.0959225921875 0.685964434375 0.0888408375 0.7186978374999999
0 0.27970316875 0.7204595031250001 0.33835040781250003 0.76270305 0.3668174515625 0.7424464296875 0.311851959375 0.70437255625 0.27970316875 0.7204595031250001
0 0.394463884375 0.766212 0.48921640625 0.8320771656250001 0.515370103125 0.799530265625 0.42590046875 0.7320499593750001 0.394463884375 0.766212
0 0.5572207421875001 0.7678048953125 0.4599501453125 0.70944905 0.433330978125 0.737324353125 0.5335921203125 0.7983763265625 0.5572207421875001 0.7678048953125
0 0.5804870234374999 0.72724738125 0.47839200625 0.669644421875 0.460046271875 0.6986007125 0.5616828203125 0.757065925 0.5804870234374999 0.72724738125
0 0.4924822671875 0.6441163875 0.4826357 0.6709556125 0.5759848125 0.717272140625 0.588123721875 0.6861216484375 0.4924822671875 0.6441163875
0 0.6096123578125 0.6824505734375 0.611883696875 0.66153775625 0.5973894359374999 0.64719486875 0.5307084984375 0.6117399859375 0.5091254828125 0.6245966515625 0.5273084921875 0.6486430609375 0.5712912421875 0.6742682703125 0.6096123578125 0.6824505734375
0 0.6182286218749999 0.7726383703125 0.67354401875 0.8711566109375 0.7103567953125001 0.8615619750000001 0.6508490124999999 0.7653020390624999 0.6182286218749999 0.7726383703125
0 0.639841715625 0.720737203125 0.6912451640625 0.822111603125 0.73281120625 0.811454375 0.6804862140625 0.718564853125 0.639841715625 0.720737203125
0 0.7431018765624999 0.7298540453125 0.7142365171875 0.68399149375 0.6876657984375 0.6833259 0.676960128125 0.695583340625 0.715079984375 0.7611751375 0.7336493171875 0.774638575 0.7567631765625 0.7694274296875 0.760288896875 0.7560448046875 0.7431018765624999 0.7298540453125
0 0.739629615625 0.6302063734375001 0.7168821000000001 0.630227384375 0.708314153125 0.6373390609375 0.73747415625 0.6950256140625 0.754186203125 0.71423266875 0.77674770625 0.714561496875 0.787367471875 0.7080920500000001 0.7838019859375 0.690041475 0.77444738125 0.6648740796875 0.7570828703125 0.6457688453125 0.739629615625 0.6302063734375001
0 0.832496121875 0.6236218921875001 0.8302469265625 0.6143485875 0.7573746375 0.56572934375 0.738364415625 0.5722249453125 0.7321344125 0.5850671640625 0.8072473765625 0.6362240265625 0.832496121875 0.6236218921875001
0 0.79879756875 0.5516968375 0.7760330093750001 0.5382464765625 0.7580472796875 0.543940578125 0.7556404765625 0.5574694 0.78204790625 0.5764466578125 0.8146107953125 0.5973506015625001 0.8300952968749999 0.6042376265625 0.8407179015624999 0.60001340625 0.8503990828125 0.5885574671875 0.8431133421875 0.577503671875 0.8220257375 0.5631499875 0.79879756875 0.5516968375
0 0.8043826812500001 0.5035649328125 0.7857331249999999 0.50037994375 0.770837909375 0.5171409171875 0.8048115171875001 0.5477698265625001 0.83056648125 0.566848909375 0.8432522703125 0.57224783125 0.8580757828125 0.572500990625 0.8697171984375001 0.5629848125 0.863550375 0.5520772125 0.8325643328125001 0.5248317953125 0.8043826812500001 0.5035649328125
0 0.540977346875 0.59886174375 0.5455701640624999 0.6183560453125 0.618330984375 0.652556225 0.62997808125 0.6475305046875001 0.6386376109375 0.6391212921875 0.6324679484375 0.6259684640625001 0.5936580109375 0.6044353671875 0.5555119000000001 0.5917813625 0.540977346875 0.59886174375
0 0.60625 0.58828125 0.1125 0.0859375
0 0.59143868125 0.5341437109375 0.6832510875 0.5756808171875 0.702175359375 0.5498263078125001 0.61227580625 0.50590875625 0.59143868125 0.5341437109375
0 0.6347328734375 0.4756037953125 0.61631004375 0.4992981203125 0.7034827609375001 0.5398243421875 0.720289915625 0.514300225 0.6347328734375 0.4756037953125
0 0.6740469109375 0.48944093750000006 0.6797670390625 0.467728965625 0.6033787609375 0.43556022499999997 0.5911268609375 0.4628245640625 0.6740469109375 0.48944093750000006
0 0.6006626609375 0.433744 0.523589446875 0.40586819687500003 0.510713203125 0.4300848890625 0.5796151265625 0.45507202187500007 0.5933268593750001 0.4536261796875 0.6006626609375 0.433744
0 0.47818744999999996 0.444958715625 0.5470955171874999 0.4748027265625 0.5634012296875001 0.45143879531250003 0.503472290625 0.4253983453125 0.47818744999999996 0.444958715625
0 0.5460616765624999 0.476699009375 0.48108759375 0.4479760078125 0.46155053125 0.4676803578125 0.5259241125 0.49996695312500006 0.538119228125 0.49528790625 0.5460616765624999 0.476699009375
0 0.4385681015625 0.48656185 0.4353613296875 0.5023297796875 0.505581746875 0.53335694375 0.5169659546875 0.5253345609375 0.5252147984375 0.5098207421875001 0.45468491093749996 0.473290059375 0.4385681015625 0.48656185
0 0.4243397203125 0.502855890625 0.4123580859375 0.516870309375 0.413989121875 0.5308422984375001 0.45092080625 0.5514499453124999 0.495506978125 0.5649642484374999 0.50364754375 0.543568525 0.5054613390625 0.5425914921875 0.4243397203125 0.502855890625
0 0.4086401171875 0.5396852015625 0.3906196703125 0.5626227578125 0.461750059375 0.59558984375 0.4806835484375 0.5770206515625 0.4513165078125 0.558008390625 0.4086401171875 0.5396852015625
0 0.45479980312499996 0.6014068124999999 0.391636440625 0.569278340625 0.3759097234375 0.572079603125 0.37158871875 0.58385755625 0.3778533 0.59398355 0.39964955 0.60654354375 0.43405866406250004 0.6258099171875 0.44937992656250003 0.6213369859375 0.45479980312499996 0.6014068124999999
0 0.43673343750000004 0.6352885203125 0.36226035156249997 0.59035150625 0.3365762015625 0.613097084375 0.41337066875 0.6597537609375 0.41326853750000003 0.658728734375 0.43673343750000004 0.6352885203125
0 0.41081877499999997 0.6640648453125 0.3340273796875 0.619836609375 0.316319471875 0.650706121875 0.3941168234375 0.6930424296875 0.41081877499999997 0.6640648453125
0 0.3871840015625 0.7090037203125 0.3129059625 0.6588314390625001 0.2895431921875 0.6832966796875 0.3675509515625 0.73253991875 0.3871840015625 0.7090037203125
0 0.19989125000000002 0.66647413125 0.1971459796875 0.6485121656249999 0.176467034375 0.6423705875 0.08331080625000001 0.6544794046875 0.0947472421875 0.6877404890625 0.1935552609375 0.679607503125 0.19989125000000002 0.66647413125
0 0.25998149375 0.62960225 0.25057233125 0.604699503125 0.1700105296875 0.6089440625 0.1593351015625 0.61928475625 0.16925185 0.646884196875 0.24587659374999998 0.6390901828125 0.25998149375 0.62960225
0 0.2783772 0.5605506265625 0.19752743749999999 0.5762907421875 0.202810640625 0.6077361781249999 0.29173570625 0.5987165828125 0.29161206875 0.5806924812500001 0.2783772 0.5605506265625
0 0.358974040625 0.5217460953125 0.3597818796875 0.5226609921875001 0.3486671984375 0.5046171859374999 0.33352869531249996 0.49414109375 0.28597381093749996 0.5251576046875 0.27934064375 0.542501215625 0.30800505 0.5640520453125 0.358974040625 0.5217460953125
0 0.370677815625 0.4998306765625 0.4141904390625 0.46181124687499997 0.385430046875 0.44409226874999996 0.3447433171875 0.4840996171875 0.370677815625 0.4998306765625
0 0.4555775625 0.4199578125 0.433577046875 0.4053477640625 0.412910390625 0.40891993906249996 0.39206711875 0.4322980171875 0.3909805375 0.45016399375000005 0.4119658796875 0.4593806546875 0.428596421875 0.453662434375 0.4555775625 0.4199578125
0 0.360894740625 0.35519893593749996 0.3826971359375 0.3726158109375 0.4176944609375 0.3786048265625 0.42776017031249997 0.364542415625 0.3764049046875 0.3406338640625 0.360894740625 0.35519893593749996
0 0.5470966453125 0.388604715625 0.549105484375 0.38239241874999996 0.555144296875 0.373469284375 0.553918715625 0.3611689640625 0.5298041546875 0.349317746875 0.49299303749999995 0.3443057609375 0.4745732796875 0.370428525 0.5470966453125 0.388604715625
0 0.9073017374999999 0.5120208234375 0.846162578125 0.48582225156250003 0.820992159375 0.5161214046875 0.8987802953124999 0.5511723921875 0.9222390515625 0.5228753015625001 0.9073017374999999 0.5120208234375
0 1 0.4403216796875 0.9524082109374999 0.43522681093750004 0.9482615765625001 0.461041675 1 0.4728044359375 1 0.4403216796875
0 0.8327205546875 0.4543906640625 0.9325468203125 0.45407950625 0.9338530281249999 0.45040577812500004 0.9308136515625 0.439082490625 0.9083086218749999 0.4242041875 0.89156673125 0.42161206093750003 0.8508277718749999 0.42033594062499996 0.8259330265625 0.42942578124999997 0.8327205546875 0.4543906640625
0 0.803662046875 0.41195109687500003 0.7231002453125 0.41619565625000005 0.7270710968749999 0.4464579421875 0.8204500203125 0.4509698125 0.8262753515625001 0.43271130625 0.803662046875 0.41195109687500003
0 0.5943811859375 0.40554701875 0.679102740625 0.4214726015625 0.683197975 0.3906455203125 0.603419434375 0.3763774609375 0.5943811859375 0.40554701875
0 0.40752899062500003 0.3410421640625 0.4707760515625 0.3596250265625 0.48073348437499996 0.339680709375 0.42444135000000005 0.3189715125 0.40752899062500003 0.3410421640625
0 1 0.3846004140625 0.997130134375 0.3699530921875 0.9570938078125 0.3661384015625 0.9693595875 0.41731345624999994 1 0.41712858593749996 1 0.3846004140625
0 0.9481258296874999 0.360463078125 0.9171676921874999 0.359048540625 0.925196165625 0.408455940625 0.9622084750000001 0.4130895375 0.9638149328125 0.4076340140625 0.9481258296874999 0.360463078125
0 0.9034583453125 0.404379115625 0.9003759578125001 0.3590576796875 0.8639702937499999 0.3557173609375 0.8673560046875 0.40168543906250004 0.9034583453125 0.404379115625
0 0.8560871140625 0.3999789109375 0.8471517437499999 0.351060028125 0.813268653125 0.349060984375 0.8192821406249999 0.399823803125 0.8560871140625 0.3999789109375
0 0.8033129921875 0.39847606875 0.8124226484375001 0.346047146875 0.77278870625 0.34147568437500003 0.7703367984375 0.3959885109375 0.8033129921875 0.39847606875
0 0.712574821875 0.38531317187499997 0.725723665625 0.3374587296875 0.6879065890625 0.3343386734375 0.67404896875 0.3798748078125 0.712574821875 0.38531317187499997
0 0.6528391609375 0.3629733140625 0.6912838953125 0.3217780703125 0.667116303125 0.3110040609375 0.6283191453125 0.3494504296875 0.6528391609375 0.3629733140625
0 0.65190145625 0.3049510265625 0.63506050625 0.3037623125 0.6023346609375 0.33975139374999996 0.63643123125 0.3510858078125 0.6612921828125 0.315283134375 0.65190145625 0.3049510265625
0 0.575042871875 0.31892654375 0.602181446875 0.3299588515625 0.636724159375 0.29542117343749996 0.6102882187499999 0.2818502953125 0.575042871875 0.31892654375
0 0.548839059375 0.306682290625 0.5747704859375 0.319984915625 0.609820784375 0.2881439328125 0.588829296875 0.2740703953125 0.548839059375 0.306682290625
0 0.5237794984375 0.2937874484375 0.5430562484375 0.307434609375 0.5816320046875 0.272614534375 0.556400140625 0.2543449 0.5237794984375 0.2937874484375
0 0.4851540109375 0.2766851015625 0.5175389203125 0.2900215734375 0.5454269593750001 0.2558284328125 0.522819796875 0.23992510312499998 0.4851540109375 0.2766851015625
0 0.45361899375 0.26176509531250003 0.492495 0.22516322031249997 0.46539062812500004 0.21047270624999997 0.43202086250000005 0.2463982765625 0.45361899375 0.26176509531250003
0 1 0.2975529640625 0.9626500375000001 0.3040875328125 0.9671100421875 0.3224758765625 1 0.321303409375 1 0.2975529640625
0 0.8759676531249999 0.322317196875 0.9527068171874999 0.32526196875 0.9483397281249999 0.30061333437500004 0.8744203140625 0.2947996 0.8759676531249999 0.322317196875
0 0.785378075 0.3003356296875 0.77889386875 0.2760173875 0.7318004874999999 0.2733040046875 0.71103784375 0.280708034375 0.70471414375 0.30355516250000003 0.78639939375 0.31058589531249997 0.785378075 0.3003356296875
0 0.70772853125 0.282144075 0.69117554375 0.26945980468749997 0.658994896875 0.2581733859375 0.638328240625 0.2617455640625 0.6424849218750001 0.279487265625 0.696347396875 0.292594896875 0.70772853125 0.282144075
0 0.6183654078124999 0.2404526921875 0.6328788328125 0.235064865625 0.6293318703125 0.221044884375 0.6146018921875 0.2146689 0.5822323453125 0.2134746234375 0.5744757265625 0.21954293906250003 0.579944759375 0.23846779375 0.6183654078124999 0.2404526921875
0 0.361064634375 0.335894003125 0.3086074234375 0.31770923125 0.29390816875 0.3356176390625 0.3464675109375 0.3548274359375 0.361064634375 0.335894003125
0 0.4026999359375 0.3021520296875 0.3634653046875 0.29439535625 0.34494034375 0.31706465625 0.40748169531249995 0.33575765 0.4221809515625 0.3178492421875 0.4026999359375 0.3021520296875
0 0.32993685781250004 0.30249929375 0.342029840625 0.29679521875 0.34494250625 0.287665965625 0.3330322796875 0.2784210203125 0.30831721875 0.2701333984375 0.2920829140625 0.27023796718750004 0.280710996875 0.2879741078125 0.32993685781250004 0.30249929375
0 0.6366301640625001 0.20007999999999998 0.628695159375 0.1943644234375 0.6151678859375 0.1916612234375 0.605068425 0.195269996875 0.5863220203124999 0.19562792499999998 0.5797706421875 0.20232041562499997 0.579339178125 0.21877396718750003 0.5858517234375 0.22154562968749997 0.5914020359375 0.2203500703125 0.597860271875 0.21802465 0.6068571171875 0.21727940625 0.61614044375 0.21599536718749998 0.63122375625 0.2217115765625 0.6402617859374999 0.21568965312500002 0.6401589999999999 0.21010605 0.6366301640625001 0.20007999999999998
0 0.5992785453125 0.2329593375 0.5954069843750001 0.24024068125000003 0.6013996140625 0.25779607968749996 0.635037959375 0.26091019531250004 0.63926406875 0.2602506765625 0.6466783171875 0.2567188453125 0.65158764375 0.25060944531249996 0.64122109375 0.23886906875 0.6231626484375 0.2348819453125 0.6098758937500001 0.2328464234375 0.5992785453125 0.2329593375
0 0.413495140625 0.22102703125 0.40782310781250003 0.23794198125000002 0.4294010328125 0.247339040625 0.459206490625 0.21419027656249998 0.43693746093749997 0.2040105265625 0.413495140625 0.22102703125
0 0.49798314687499995 0.1411497953125 0.4854743109375 0.1407271125 0.4633957984375 0.144766328125 0.4540908734375 0.1539364765625 0.4515248609375 0.17125725 0.5043088484375 0.1636136046875 0.49798314687499995 0.1411497953125
0 0.5688435265625 0.207802928125 0.5872944015625 0.2001739625 0.6146317359375 0.1935329796875 0.6146212203125 0.18522288125 0.601935009375 0.18096885468749999 0.5854569281249999 0.1796813625 0.5663123203125 0.1844501109375 0.5550240859375 0.19422661875 0.5584874890625 0.204372653125 0.5688435265625 0.207802928125
0 0.3782826703125 0.2344851140625 0.4063695671875 0.20665095781249998 0.3927275046875 0.1969059921875 0.3808250265625 0.1984666171875 0.3703047546875 0.2015926234375 0.3591065234375 0.2143235625 0.35204176875000004 0.221363028125 0.360075515625 0.2302021296875 0.3782826703125 0.2344851140625
0 0.26816433125 0.323694809375 0.282402240625 0.32711298437499997 0.2945536984375 0.3177954609375 0.28185697187500003 0.30523133593749996 0.26563049843750003 0.29826446875 0.24751071875 0.2948583921875 0.23630197343749998 0.29927923437500004 0.2353592625 0.3041759171875 0.2444309796875 0.315227815625 0.26816433125 0.323694809375
0 0.2382605625 0.26273353125 0.240341759375 0.27131418125 0.2730515703125 0.2837235921875 0.281673278125 0.28000332499999997 0.2887380328125 0.272963859375 0.2895059953125 0.266313359375 0.27880046406250003 0.25937545 0.2611944125 0.25292072499999996 0.24653277812500002 0.25550563125000003 0.2382605625 0.26273353125
0 0.3558309671875 0.1881235671875 0.34367688125 0.19536356562499999 0.33704636718750003 0.20471004843750001 0.337059509375 0.2150976734375 0.34206935 0.22025280625 0.3561325140625 0.2219171640625 0.36267828281250003 0.21377129843749998 0.37051888437499997 0.206313909375 0.3781873703125 0.19918022500000002 0.3863800953125 0.19730799375000002 0.3831788125 0.1897926859375 0.371959553125 0.1859034265625 0.3558309671875 0.1881235671875
0 0.3416258109375 0.1831202515625 0.331621896875 0.185275134375 0.3199867953125 0.19362153437500002 0.31491060625 0.204209690625 0.31638544375 0.21080703281250002 0.325017665625 0.215396865625 0.33735438281249996 0.2161432578125 0.3402804015625 0.2106402171875 0.343463284375 0.20361285156250003 0.34708040625000003 0.1988925015625 0.353371940625 0.1943484859375 0.35940398125 0.1892512703125 0.353446171875 0.18483776875 0.3416258109375 0.1831202515625
0 0.405688859375 0.143657471875 0.395510196875 0.1440585390625 0.3930184171875 0.15186859531250002 0.3950996140625 0.1604492453125 0.409687015625 0.1673750546875 0.438070203125 0.169179446875 0.4429795296875 0.1630700484375 0.44461334375000006 0.15895605625 0.4441764765625 0.154571515625 0.43744281718750005 0.150575940625 0.4295017 0.1467687984375 0.4176813390625 0.14505128125 0.405688859375 0.143657471875
0 0.3579449015625 0.1294553046875 0.345777675 0.1263076796875 0.3366369828125 0.1289215453125 0.335090540625 0.1339124453125 0.334235203125 0.1396860359375 0.3346747015625 0.14614810312499998 0.3420147171875 0.15212698593750001 0.3558210140625 0.1553156703125 0.37204223125 0.15812748593749998 0.3766099484375 0.1547430296875 0.3804018203125 0.151776496875 0.3828114828125 0.14724458125 0.37676629687499996 0.14195417187499998 0.3713274734375 0.138647071875 0.36295474375 0.1346104390625 0.3579449015625 0.1294553046875
0 1 0.53837194375 0.9544184625 0.512790734375 0.9187321171875 0.50243740625 0.8940966609375 0.49652303125 0.8915857234375 0.5174599859375 0.9289214046875 0.5337194546874999 0.9547526578125 0.5409880984375001 0.9964134375 0.554518090625 1 0.5468081140625001 1 0.53837194375
0 0.8617091390624999 0.322001453125 0.8654295187500001 0.31320281875 0.84705266875 0.2991209546875 0.81375791875 0.2914761640625 0.7912207921875 0.29242511718749997 0.78989200625 0.303932290625 0.7966223421875 0.3146954046875 0.8617091390624999 0.322001453125
0 0.6037027015625 0.180903771875 0.6105017265625 0.18313664062499999 0.6107838343750001 0.1791399265625 0.6113024890625 0.1729652546875 0.6042140640625 0.1689659015625 0.5955022421875 0.1680197109375 0.5868873734375 0.1680465625 0.5779831078125001 0.166306928125 0.565589665625 0.16824101875 0.5567852656250001 0.1697797078125 0.555355775 0.1747789578125 0.5552690296875 0.1818743984375 0.5613055625000001 0.186696690625 0.565661471875 0.187169784375 0.570156978125 0.1844918828125 0.57719109375 0.1833941546875 0.5839857453125 0.182169103125 0.5879567640625 0.1810553078125 0.5945119515624999 0.17970293125 0.6037027015625 0.180903771875
0 0.2697636578125 0.1102112015625 0.264596778125 0.111841009375 0.259481290625 0.11626261874999999 0.26212851875 0.1280369578125 0.293347034375 0.1386464421875 0.2971241484375 0.1355865625 0.30382038906250003 0.1322358265625 0.3074036 0.1272298640625 0.300075709375 0.12310318437500001 0.2901621953125 0.118062446875 0.27943479375 0.11281933125000002 0.2697636578125 0.1102112015625
0 0.2334419578125 0.1082645046875 0.2282295171875 0.1117130703125 0.2273744453125 0.11678737343750001 0.23221511874999998 0.12212567968750002 0.2397780953125 0.1229217640625 0.253947653125 0.1251572734375 0.2565788390625 0.1242525703125 0.26006801562500004 0.1205788453125 0.2581464703125 0.11494968125 0.2570402703125 0.11067553593749999 0.2507172546875 0.1063920375 0.24080811249999998 0.10480922343750002 0.2334419578125 0.1082645046875
0 0.2262186828125 0.15249689375 0.21904642968750002 0.157898259375 0.21326102812499997 0.16242441406250002 0.2119769625 0.168883228125 0.21586269531250002 0.1760175140625 0.22471994374999998 0.17842326718749998 0.23419279999999998 0.1756273921875 0.2412681015625 0.1692529859375 0.2524128296875 0.1638904671875 0.254562171875 0.1604258328125 0.255753659375 0.15645189843750001 0.2515358875 0.151675165625 0.2456917984375 0.14764631718750001 0.239420178125 0.14615462031249998 0.23305743437499998 0.1483004421875 0.2262186828125 0.15249689375
0 0.22578049375 0.2603018390625 0.233960790625 0.2618141921875 0.24308429843749998 0.25177000625 0.238063559375 0.2434260546875 0.222650659375 0.23239368124999998 0.206061690625 0.22357317031249999 0.19006524687499998 0.21719560000000002 0.18329163125 0.2210416265625 0.20174626562500003 0.24858656093749998 0.22578049375 0.2603018390625