0 0.532828865625 0.856759771875 0.52502118125 0.8392037453125001 0.5010260359375 0.8317848140624999 0.48720479375 0.834334415625 0.4968809109375 0.9328199359375 0.5064200796875 0.9457377921875001 0.5330824078124999 0.952007503125 0.5450205953125 0.9415119859375001 0.532828865625 0.856759771875
0 0.4415145 1 0.4027877328125 0.948549925 0.3816441421875 0.9367399859375001 0.3580104328125 0.9593292640625 0.369063909375 0.986676615625 0.3819449765625 1 0.4415145 1
0 0.2962077875 0.8346278421875001 0.2712791203125 0.84244985625 0.26278275624999997 0.8604629125000001 0.27579872656250004 0.883802328125 0.3394182203125 0.9534501484375 0.3627648 0.9441204984375 0.3732003390625 0.920163490625 0.2962077875 0.8346278421875001
0 0.268168890625 0.80681481875 0.2244351796875 0.7558435890624999 0.207078840625 0.7431315953125 0.1869081 0.7564445296875 0.1866442859375 0.771640171875 0.2367879640625 0.835418 0.25176425468749997 0.8360195828125001 0.2703878859375 0.8241030296874999 0.268168890625 0.80681481875
0 0.16125656093750002 0.7042501265625 0.1552269953125 0.685927953125 0.11644724375 0.6381738625 0.0991958359375 0.63417393125 0.078332065625 0.6455961546875 0.0787146453125 0.658810478125 0.11861446718749999 0.706811734375 0.1383836609375 0.7158082578125 0.16125656093750002 0.7042501265625
0 0.0983745578125 0.6216351453125 0.11331369531249999 0.6006028109375 0.106037984375 0.5901152984375 0.069675434375 0.5761055328125 0.0226208421875 0.564756625 0.01110969375 0.5736085984375 0.00839805 0.5896156859375 0.0239646109375 0.602125815625 0.086319775 0.6224505953125 0.0983745578125 0.6216351453125
0 0.43075469375 0.7644922578125 0.4276466375 0.7475871187500001 0.38103805625 0.6990708828125001 0.364652390625 0.6927518671875 0.34489703125000004 0.703453246875 0.3432704796875 0.716803478125 0.402489134375 0.7735087921875 0.41726939375 0.7763841578124999 0.43075469375 0.7644922578125
0 0.23958062343750003 0.6220940984375 0.225528371875 0.6240134640624999 0.21650003125 0.63495800625 0.2500248609375 0.6730566812500001 0.2639510375 0.6792191421875 0.2795948625 0.6610455234375 0.23958062343750003 0.6220940984375
0 0.1257467078125 0.5755418890625 0.13064019531249998 0.5551890968750001 0.1193112453125 0.5420693796875 0.0953743953125 0.5394904828125 0.03314748125 0.5298137765625001 0.0264292359375 0.5470606874999999 0.0346523046875 0.5620051625 0.0481514390625 0.56981116875 0.1126184921875 0.5799822031249999 0.1257467078125 0.5755418890625
0 0.315100365625 0.6428523765625 0.312258296875 0.62948149375 0.265245990625 0.5845448171875 0.250234725 0.5810392156249999 0.237407475 0.5919178046875 0.23731637499999997 0.6029036484375 0.28412098750000003 0.6491461000000001 0.296245725 0.654138690625 0.315100365625 0.6428523765625
0 0.129762003125 0.5397800687500001 0.18416008749999999 0.5486946296874999 0.197923034375 0.5413049953125 0.20153539843749999 0.525882840625 0.197377228125 0.5145385765625 0.17206598125 0.509146265625 0.1438798625 0.5062089484375 0.1277835015625 0.5053602015624999 0.11330420625 0.5089231140625 0.10859509375000001 0.526034115625 0.11338799531249999 0.5344290578125 0.129762003125 0.5397800687500001
0 0.2236686328125 0.5085619718750001 0.2387943171875 0.5030177453125 0.2426143734375 0.4862898140625 0.23424191093750002 0.4774911515625 0.22080107343750002 0.4745251796875 0.1876843140625 0.47030673749999996 0.167546375 0.46779379218750006 0.153564078125 0.47552120000000003 0.15516000000000002 0.49672674062500005 0.167977765625 0.5036100421875 0.2236686328125 0.5085619718750001
0 0.3526580765625 0.607695659375 0.34358092500000004 0.596038278125 0.3076665625 0.5635910828124999 0.29124591718750004 0.5543680453125 0.2697124375 0.5658355703125 0.2750023375 0.57839500625 0.31792642656250003 0.6177954578125 0.3309518828125 0.62337298125 0.3526580765625 0.607695659375
0 0.5942366765625 0.8726275906250001 0.5722886015624999 0.7940251890625001 0.554124815625 0.7884723171875 0.5374053812499999 0.7915409 0.549758165625 0.8711153109374999 0.5640319421875 0.8875880734375 0.5879104953125001 0.8853269359375 0.5942366765625 0.8726275906250001
0 0.47049563125000005 0.7269596265625 0.4638080171875 0.7096507640625 0.419602803125 0.6751809515625 0.3972691859375 0.657315809375 0.3738081921875 0.675695290625 0.37973282343750003 0.6853054015625 0.4437094046875 0.7475016343750001 0.462206959375 0.7436669078125 0.47049563125000005 0.7269596265625
0 0.50968206875 0.697182575 0.5027634437499999 0.6792434765625 0.4562947734375 0.642343321875 0.4358092328125 0.629520071875 0.41784365156250003 0.640423315625 0.42226780937499997 0.6553018359375 0.47401472343749995 0.70379341875 0.494661315625 0.7114388625 0.50968206875 0.697182575
0 0.6243765921875 0.7966373828125 0.6043020859375 0.7437427859375 0.5687957921875 0.745175828125 0.6001103234375 0.84090588125 0.6189321609375 0.8454454437500001 0.639207834375 0.8408445703125 0.6243765921875 0.7966373828125
0 0.6301030187500001 0.7897913796875 0.64722835 0.8018731359375 0.6639711 0.8007405671875001 0.6757132578125 0.7925188328125 0.6465127890625 0.70536493125 0.6213859140625 0.696730828125 0.60850036875 0.7027693859374999 0.6301030187500001 0.7897913796875
0 0.5332669671875 0.651991371875 0.469465275 0.604315240625 0.45605941562499996 0.6042532890625 0.445957640625 0.6188226953125 0.4512592015625 0.6323501359375 0.5173010328125 0.680520596875 0.533257484375 0.6697532640625 0.5332669671875 0.651991371875
0 0.3243933046875 0.5240307109375 0.30584911406250004 0.5239934125000001 0.297560440625 0.5407006921875 0.3508894421875 0.5906999125 0.371165115625 0.5860990421875 0.37970811718749997 0.5719580109375 0.3243933046875 0.5240307109375
0 0.39662057968750003 0.568592190625 0.41237234218749996 0.5571540875000001 0.4117674078125 0.546254078125 0.3679892375 0.5101407203125 0.3534166703125 0.5059595765625 0.3369632234375 0.5125624171875 0.3393665921875 0.5266088390625 0.381331665625 0.5605843234375001 0.39662057968750003 0.568592190625
0 0.32320323906250004 0.44600046875 0.32462209999999997 0.43395601250000004 0.302946534375 0.41507755937499996 0.27734815625000003 0.42294487500000005 0.2451576109375 0.4399772796875 0.24574787968749998 0.451885828125 0.2602176890625 0.46608480781250006 0.2768110453125 0.471098046875 0.32320323906250004 0.44600046875
0 0.44024065781250005 0.5359317671875 0.443460959375 0.5250571796875 0.42134669375 0.5068542671875 0.393366090625 0.48388127656249996 0.37528391875 0.48510445 0.36447745781249996 0.49681513906249997 0.37153381875 0.5076404218749999 0.42288649375 0.5419496734375 0.44024065781250005 0.5359317671875
0 0.682806728125 0.7530029953125 0.706892971875 0.7494360828125 0.711926371875 0.7406993703125 0.706543196875 0.7203958796875 0.691226615625 0.6729922046875 0.680371346875 0.66210096875 0.6531092640625 0.6616846 0.646297746875 0.6711874578125 0.6692842765625 0.7432609765625 0.682806728125 0.7530029953125
0 0.6000928875 0.6190916625 0.595680390625 0.6051811484375 0.5519371937499999 0.571971809375 0.530088915625 0.5573031562499999 0.5096871640625 0.5699858515625 0.5154624 0.5857417734375 0.5630628015625 0.6238570984375 0.5817119234375 0.6326064578125 0.6000928875 0.6190916625
0 0.4442334265625 0.514994040625 0.46102281562499997 0.517733496875 0.47805269843750003 0.5033413 0.47212806562500004 0.49373118906249996 0.435394596875 0.4674751078125 0.409990078125 0.4543387421875 0.3961804921875 0.45785635156250004 0.3916207734375 0.46882154375 0.3982617515625 0.48225837968749996 0.4442334265625 0.514994040625
0 0.392951496875 0.3938113484375 0.37311234843749996 0.379006784375 0.35482248437499997 0.3815357359375 0.33930473437500003 0.3916275296875 0.326281453125 0.40477990156250004 0.3461206015625 0.41958446718750003 0.387283365625 0.40549738281250003 0.392951496875 0.3938113484375
0 0.6253065109375 0.5792801265625 0.558283609375 0.5286765375 0.5429269156250001 0.5335905265625 0.5359310234375 0.5463351765625 0.5445578140625 0.5577000890625 0.605865040625 0.60231564375 0.62570075 0.5934624562499999 0.6253065109375 0.5792801265625
0 0.5016177171875 0.4798718359375 0.4963045015625 0.4653763890625 0.46185780625 0.44348666249999996 0.4439017109375 0.4366280140625 0.42747158281250003 0.44516686562499996 0.43526761093750005 0.4617548875 0.46928726249999997 0.48528816093750005 0.48812075781250003 0.49079572968749996 0.5016177171875 0.4798718359375
0 0.4508910796875 0.367693671875 0.4479907140625 0.34948275624999997 0.431131371875 0.3409352578125 0.41331518593750005 0.345692690625 0.3850962640625 0.35858124999999996 0.3823846203125 0.3745883390625 0.3956993828125 0.38563613281250003 0.41205007031249996 0.38905113125 0.4508910796875 0.367693671875
0 0.525410309375 0.4333748578125 0.4864716765625 0.40952846562499995 0.46490321718749994 0.41809197343750004 0.4708744875 0.4315741109375 0.506476228125 0.4566150234375 0.522850234375 0.4619660328125 0.5378709875000001 0.4477097453125 0.525410309375 0.4333748578125
0 0.7568966203125 0.6951143046875 0.7329044375 0.613743790625 0.7009427265625 0.612676534375 0.6932771265625 0.6254664859375 0.7110437109375 0.690788609375 0.7254668843750001 0.7011155609374999 0.7420252625 0.70322478125 0.7568966203125 0.6951143046875
0 0.82279715625 0.6202573078125 0.8113749328125 0.5993935375 0.7643393109375001 0.552520846875 0.737060828125 0.5600174171875001 0.7388575234375 0.5700682296874999 0.78299495625 0.6174599 0.8014480484375 0.6284830421875001 0.82279715625 0.6202573078125
0 0.6980599453125 0.4475304578125 0.65258503125 0.42487541718750005 0.62707775 0.42175689062500005 0.6137768234375 0.4304069984375 0.61956371875 0.447130928125 0.6845416046875 0.48116436093750004 0.7006029859375 0.47910908750000003 0.71027771875 0.4661832265625 0.6980599453125 0.4475304578125
0 0.60259944375 0.42987136875000004 0.6105543484375 0.4225516890625 0.605472140625 0.4086864765625 0.5813370859375 0.3896514671875 0.556613934375 0.37743780625 0.541140646875 0.372671728125 0.5315919953125 0.3775157640625 0.5290530640625 0.3893130546875 0.5392736015625 0.40315361406249994 0.5858217140625 0.42809991875 0.60259944375 0.42987136875000004
0 0.3762295296875 0.27758263437499997 0.3738261609375 0.2635362140625 0.3468278921875 0.2479242015625 0.3279827375 0.241448625 0.313781090625 0.24951380156249997 0.317257890625 0.2599353609375 0.3474436546875 0.28049866093750003 0.3620045625 0.283711796875 0.3762295296875 0.27758263437499997
0 0.313699475 0.24273775468749997 0.311758125 0.22995180468749998 0.284517190625 0.21274155156250002 0.2648412703125 0.21148908125000002 0.26133166406249997 0.21689340000000001 0.27024776093749997 0.23372858281250003 0.2916223625 0.246168759375 0.3007906109375 0.246840296875 0.313699475 0.24273775468749997
0 0.8303459296875 0.603703415625 0.853692509375 0.5943737640625 0.853309928125 0.5811594390625 0.8268414609375 0.553886046875 0.814658428125 0.5440534234375 0.7927984890625 0.528416759375 0.7689665734375 0.5345499234375 0.7714049203125 0.5515003671875001 0.8137292531250001 0.5967541625 0.8303459296875 0.603703415625
0 0.8715181781249999 0.5718544421875 0.8783063765625 0.5604155703125 0.8578652999999999 0.5327344515625 0.8200912 0.4942773546875 0.799099178125 0.495051503125 0.7927496796875 0.5058148359375 0.7998759953125 0.5224481578125 0.842419678125 0.5673641828125 0.8572465749999999 0.5741115765625 0.8715181781249999 0.5718544421875
0 0.9581046328125 0.5450067015625 0.9378267843750001 0.530877678125 0.925608775 0.5181410359374999 0.8855617328125 0.4950154875 0.8701700609374999 0.49702545625 0.8588899218750001 0.5065076640624999 0.8603692515624999 0.5180331390624999 0.8697357078125 0.535160790625 0.930706990625 0.570434046875 0.9415484296875001 0.5616273796875 0.9581046328125 0.5450067015625
0 1 0.5335329015625 0.999155609375 0.53276789375 0.9795331812500001 0.5248271171875001 0.9602116953125 0.5151609015624999 0.939749475 0.50427366875 0.92548953125 0.507498809375 0.921333534375 0.5148844421875001 0.939625571875 0.531085390625 0.9572648390625 0.5420602453125001 0.9630029234374999 0.53618225 1 0.55503154375 1 0.5335329015625
0 0.8831121812499999 0.45116558125 0.946067103125 0.46563701875 0.9589876265624999 0.46250248281250006 0.9605908578125 0.4472162375 0.9428074765625001 0.43614779062500003 0.9257287828124999 0.4279380625 0.89501321875 0.419036146875 0.8699796171875 0.41814609999999997 0.863133121875 0.42474493750000003 0.8655598093749999 0.4407273734375 0.8831121812499999 0.45116558125
0 0.8289187828125 0.4429217875 0.8449568484375 0.4389305015625 0.8510869968750001 0.4285049390625 0.8459814703124999 0.4127037140625 0.8338334140624999 0.4057751109375 0.799342259375 0.3987432546875 0.77539375 0.3951963515625 0.7581889796875 0.395068446875 0.7562170015625 0.4168382734375 0.7757901625 0.4281085796875 0.8289187828125 0.4429217875
0 0.6767831421875 0.3883037640625 0.6960436796875 0.3921677890625 0.7068501390625 0.38045709843750003 0.7069062609375 0.36656723593749996 0.6909476375 0.3586046734375 0.664469684375 0.34909316874999996 0.6398164890625 0.3426875484375 0.627992715625 0.3441332359375 0.6230409328125 0.35964599375 0.6314250546875 0.36941266562499997 0.6767831421875 0.3883037640625
0 0.5415979421875 0.3312473953125 0.5613438171875 0.33830790624999996 0.5739750359375 0.3297030984375 0.5715716671875 0.3156566765625 0.5593769765625 0.304856046875 0.5365019015625 0.2976842796875 0.5176800640625 0.2931447171875 0.5067570109374999 0.2951753390625 0.5015392421875 0.307153840625 0.5101543734375 0.31755074843750003 0.5415979421875 0.3312473953125
0 0.48582328593749996 0.30078951875 0.49756544375 0.2925677859375 0.49251821093750003 0.2816065953125 0.4841960890625 0.27476149375 0.46842183750000005 0.2635571390625 0.44553510156250004 0.2554173671875 0.43602142656250004 0.2631654203125 0.4337018453125 0.27462494375 0.4661007296875 0.2956650234375 0.48582328593749996 0.30078951875
0 0.40603386874999997 0.2590582359375 0.4217381640625 0.26445455 0.432798953125 0.2553101125 0.43465651406249994 0.2425901171875 0.4225084578125 0.23566151249999998 0.40586846562499995 0.22677624375 0.3935360375 0.22308943124999997 0.378849053125 0.22795811875 0.3706981140625 0.23755158281250002 0.38443991718750004 0.24695583124999998 0.40603386874999997 0.2590582359375
0 0.3628554515625 0.2170915328125 0.3607064109375 0.2056113625 0.3294588734375 0.18964093125 0.31403222343750004 0.18874688281250002 0.304518546875 0.19649493906249998 0.31089353750000004 0.20639751718750002 0.338780865625 0.22162645468750003 0.35067459375 0.2259888078125 0.3628554515625 0.2170915328125
0 0.3121608296875 0.1817689734375 0.3042270671875 0.1722947703125 0.284019171875 0.1639737859375 0.2697009328125 0.16235889375 0.2588245171875 0.1682615421875 0.265465496875 0.181698378125 0.296920725 0.19636303125000001 0.3113533828125 0.18892809375 0.3121608296875 0.1817689734375
0 0.24661599218750002 0.1377630046875 0.214628790625 0.1160298375 0.208855725 0.1190038125 0.2319078640625 0.159425578125 0.245892334375 0.1704280703125 0.257751084375 0.1718864046875 0.263372578125 0.156328340625 0.24661599218750002 0.1377630046875
0 0.8038007484374999 0.37714753437500004 0.83634106875 0.389155334375 0.8552846359374999 0.3481532765625 0.8540946109374999 0.342098071875 0.824741784375 0.3350415640625 0.8145350796875 0.340898909375 0.8038007484374999 0.37714753437500004
0 0.910652140625 0.3188381828125 0.918411015625 0.3137922859375 0.9149225546875 0.30240271875 0.9025318312499999 0.2938758703125 0.887935946875 0.287758715625 0.8597031906250001 0.280949371875 0.8473029828125 0.2901844140625 0.8499257015625 0.30389306718750003 0.860942028125 0.3096065 0.8940937625 0.3167289625 0.910652140625 0.3188381828125
0 0.836473203125 0.299959090625 0.8405709031249999 0.2877334234375 0.83676981875 0.268937571875 0.7894608984375 0.25502241406250004 0.7671411171875 0.2568551765625 0.760803275 0.2685865140625 0.7609198671875 0.2782665828125 0.77193619375 0.2839800140625 0.81812504375 0.29764800625 0.836473203125 0.299959090625
0 0.6874507546874999 0.2070245203125 0.6866411343750001 0.195453740625 0.6805088109375 0.18714940625 0.6560749640625 0.180406015625 0.644701553125 0.18214417031250002 0.629979590625 0.1841088375 0.63033885 0.1953871484375 0.6415978453125 0.202698825 0.6770013796875001 0.2112836234375 0.6874507546874999 0.2070245203125
0 0.650740603125 0.18270445156249998 0.6802778015625 0.1865191703125 0.6888346359375 0.19207604375 0.6995033609375 0.18747917187500002 0.6916257203125 0.16411510468749999 0.6565114921874999 0.161000578125 0.6355194703125 0.1617747265625 0.629550375 0.1670224859375 0.629020575 0.17868386875 0.6375890703125 0.18520875 0.6467456609375 0.18491228125 0.650740603125 0.18270445156249998
0 0.8975471468749999 0.364160090625 0.8940586875 0.3527705234375 0.8718766406249999 0.34748946875 0.8634480546875001 0.3525806671875 0.8564776578125001 0.38599122812500003 0.8601621500000001 0.3951070109375 0.886374115625 0.40108425625 0.89390198125 0.3954081234375 0.8975471468749999 0.364160090625
0 0.9464709593749999 0.3637570078125 0.9153516734375 0.358434653125 0.9087616796875 0.3863296390625 0.910264328125 0.3997911265625 0.9336130812500001 0.4091913734375 0.947873025 0.40596623281250005 0.9528809296875 0.3765636078125 0.9464709593749999 0.3637570078125
0 0.72707500625 0.308198990625 0.7247066156249999 0.2970565890625 0.7020625500000001 0.290515059375 0.6849627125 0.29909921562499997 0.6716967625 0.3106533453125 0.670462275 0.3194560125 0.6837653765625 0.3295358 0.7001044046875 0.3319827890625 0.72707500625 0.308198990625
0 0.69675150625 0.2947495078125 0.694579146875 0.2813333234375 0.6786205234375 0.273370759375 0.663702528125 0.2776092109375 0.642239003125 0.2948847765625 0.6400921375 0.3021345015625 0.6603583265624999 0.31529552031249997 0.6719510890625 0.3132195953125 0.6856207624999999 0.29808590625 0.69675150625 0.2947495078125
0 0.6674781203125 0.27573915000000004 0.670847815625 0.2587187515625 0.6506282624999999 0.2494297625 0.636818678125 0.2529473703125 0.617271009375 0.26234297500000003 0.61228425 0.2749517140625 0.6202180109375 0.2844259171875 0.637723746875 0.29099210000000003 0.652179721875 0.285493175 0.6674781203125 0.27573915000000004
0 0.6355025765625 0.2549739890625 0.638515184375 0.2454051765625 0.6261128015625 0.2359103234375 0.6093583921875 0.2360748875 0.58378333125 0.24587821562499998 0.5817413984375001 0.2618400015625 0.6028849890625 0.2736499390625 0.6140157328125 0.2703135421875 0.623944790625 0.25995393437500003 0.6355025765625 0.2549739890625
0 0.6124875921874999 0.2361861421875 0.6119322984375 0.227181615625 0.595742665625 0.2185888140625 0.5796929421875 0.22161209375 0.5617623390625 0.23541935625 0.5592117515624999 0.2462486421875 0.5778725328125 0.25596600625 0.5836689140625 0.2549280453125 0.5942560234375 0.2435551265625 0.6124875921874999 0.2361861421875
0 0.5767481140624999 0.218259046875 0.5750727515625 0.20900735625000003 0.5660189203125 0.19928598749999998 0.5510309703125 0.1977163984375 0.538110446875 0.200850934375 0.5248095187499999 0.20950104375 0.5328948515625 0.23155933593750003 0.5501346 0.234591259375 0.5598792859375 0.227473440625 0.5767481140624999 0.218259046875
0 0.4450003921875 0.1312604234375 0.42933107187499997 0.12876813125 0.41021044531250006 0.1365201875 0.3989652828125 0.148906415625 0.40509760625 0.1572107515625 0.41992450156250005 0.16395814375 0.4339184578125 0.1571987453125 0.452600384375 0.150122228125 0.4450003921875 0.1312604234375
0 0.424596465625 0.125213221875 0.40597065781249997 0.11839987656249999 0.391538003125 0.125834815625 0.3747158109375 0.13892123437499998 0.3858020921875 0.1504427078125 0.39808788281249996 0.1502574953125 0.4084789609375 0.14115835937500001 0.426248509375 0.1325289015625 0.424596465625 0.125213221875
0 0.40246105468750004 0.12380419375 0.39697512343749997 0.11351854218749999 0.3786153046875 0.11023945312500001 0.36658384375 0.11299091562500001 0.3550377171875 0.11893886718749999 0.35249878749999997 0.130736159375 0.3716215875 0.14171399843750002 0.3805121921875 0.137883271875 0.392438721875 0.12641974843749998 0.40246105468750004 0.12380419375
0 0.55828415 0.1135864171875 0.554067684375 0.09740212031249999 0.5330290265625 0.0943042421875 0.5198774921875 0.096808540625 0.5058135828125 0.0977599 0.5039443609375 0.1095118890625 0.5122701890625 0.1144385265625 0.551449315625 0.1211532625 0.55828415 0.1135864171875
0 0.49432575312499993 0.10854788281250001 0.4917263515625 0.0967752421875 0.4737352796875 0.08701257500000001 0.4618765296875 0.08555424218749999 0.44845900937499994 0.08452428281249999 0.4418435234375 0.0917533578125 0.44888822656249994 0.101610634375 0.4789690578125 0.1134618734375 0.49432575312499993 0.10854788281250001
0 0.4104327578125 0.062230834375 0.39382774062500003 0.0562495859375 0.387744228125 0.07054717656250001 0.3936688609375 0.0801572875 0.42644019218749996 0.0927953234375 0.434684403125 0.0909459109375 0.4356645640625 0.079576996875 0.4104327578125 0.062230834375
0 0.33550249375 0.036620996875 0.3159759703125 0.029222717187500004 0.3089217828125 0.03712733125 0.3153550703125 0.05186994375 0.3422950421875 0.0626419203125 0.3558969359375 0.06043008749999999 0.35556099375 0.051087790625 0.33550249375 0.036620996875
0 0.2933202453125 0.021713181249999998 0.28352892343749997 0.0249589734375 0.278241196875 0.031129434374999997 0.286613659375 0.0399281 0.309477075 0.046131857812499996 0.31413006875 0.0429107171875 0.3081121640625 0.025556553125 0.2933202453125 0.021713181249999998
0 0.2399023203125 0.0014297015625 0.2335178421875 0.0092890125 0.23631327500000002 0.01878786875 0.2601123875 0.0284805828125 0.2660348453125 0.019360796875 0.2572120234375 0.010269667187500001 0.2399023203125 0.0014297015625
0 0.641136515625 0.1477024515625 0.627753975 0.1495765140625 0.6112655515625 0.1532753328125 0.61679811875 0.1674330125 0.632040396875 0.17156885156249999 0.6330438734375 0.16213595 0.6466924046875 0.16379614375 0.6564720671875001 0.15958234531249998 0.6741388578125 0.16097072343750002 0.6762973828125001 0.1546890046875 0.6608124359375 0.14895492187499998 0.641136515625 0.1477024515625
0 0.659078778125 0.1348631953125 0.644020875 0.12748556718749998 0.6165511015625 0.12837497343749998 0.6150061640625 0.148501253125 0.6286546937499999 0.150161446875 0.639773778125 0.14585704375 0.6570018671875 0.1479209625 0.673156521875 0.1536097421875 0.6736863234375 0.141948359375 0.659078778125 0.1348631953125
0 0.6545751796875 0.131938525 0.6733853578125 0.13551008125 0.6829318390625 0.111936146875 0.6580301453125 0.1034482796875 0.6491125656250001 0.12358888750000001 0.6545751796875 0.131938525
0 0.7000178421875 0.0836540875 0.6820500890625001 0.0758274328125 0.6713813656250001 0.080424303125 0.6624346390625 0.09814489374999999 0.6669732140625 0.10397358593749999 0.688035190625 0.109007475 0.7045913953125 0.0923868 0.7000178421875 0.0836540875
0 0.65805276875 0.0496786046875 0.6723127125 0.0464534640625 0.6701869921875 0.0369093046875 0.66233484375 0.034211146875 0.6566528796875 0.026199278124999996 0.644273815625 0.0186404390625 0.6324617031249999 0.02105413125 0.6253608796875 0.025086720312499998 0.626863528125 0.0385482078125 0.65805276875 0.0496786046875
0 0.6681662015625001 0.03607720625 0.674702246875 0.04080198125 0.6849439312500001 0.03784865625 0.6817447765625 0.0319293609375 0.6731529625 0.023468465625 0.6578757078125 0.016428606249999998 0.645151215625 0.017289359375 0.6490084234375 0.0221953453125 0.657357565625 0.029057996875 0.6681662015625001 0.03607720625
0 0.716380190625 0.0880370921875 0.7261015578125 0.0789832578125 0.7270933765625001 0.06858235 0.73084565 0.0647762765625 0.7236398953125 0.060096804687500005 0.7122198453124999 0.0579629296875 0.6982608671875 0.06762635 0.6941748249999999 0.0808200234375 0.716380190625 0.0880370921875
0 0.7014440140625 0.03511784375 0.6674360203124999 0.0125525765625 0.6566973421875 0.011341409375 0.6515823296875001 0.0133020734375 0.6771945406250001 0.025132662500000003 0.684689603125 0.035282406249999995 0.6918603828125 0.037057859375 0.7014440140625 0.03511784375
0 0.7397945499999999 0.065785584375 0.7403943046875 0.059932240625 0.7196777562500001 0.046478756249999996 0.720037015625 0.0577570671875 0.7397945499999999 0.065785584375