0 0.5448947328125 0.8483322531249999 0.54082059375 0.8647870624999999 0.54449268125 0.8752527609375 0.55601495 0.8812661343749999 0.5689788328125001 0.8757268578125 0.5805721796875 0.866358990625 0.5849918 0.8111927250000001 0.5814664640625 0.780987103125 0.5702277812500001 0.7736886171874999 0.5566684421875 0.77590265 0.54820370625 0.7931793625 0.5457836890625 0.8121776484375 0.544370359375 0.8296257718750001 0.5448947328125 0.8483322531249999
0 0.532035540625 0.795168478125 0.52405311875 0.7921885468750001 0.514057321875 0.7923089421875 0.5056919484375 0.8000998890625001 0.5048175031250001 0.8090823109375 0.5051859421875 0.8254836140625 0.5030823843750001 0.860114809375 0.5020848796874999 0.883710075 0.5074110875 0.8967192468749999 0.51722725625 0.899420753125 0.530966221875 0.8943848187500001 0.5374175828125 0.88020843125 0.539194759375 0.8681390625000001 0.5436044609375 0.8511675296875 0.5412983171875 0.8335078671874999 0.5369787984375 0.81894853125 0.5372058125 0.805872471875 0.532035540625 0.795168478125
0 0.4830395453125 0.79934736875 0.47198508125 0.8002495328125001 0.46134644375 0.8072988421874999 0.4539120875 0.8178983125 0.45355742499999996 0.8345646640625001 0.44456757968750005 0.8933747328124999 0.44816399375 0.9081991171875 0.461288403125 0.9159875718749999 0.473737096875 0.913786915625 0.48272161406249997 0.90419413125 0.48757083437500004 0.8882426640625001 0.48888020781249997 0.86925775625 0.493133971875 0.84998104375 0.49217008125 0.8302544984375 0.4901192359375 0.8054142499999999 0.4830395453125 0.79934736875
0 0.3537645625 0.8601188953125 0.3438536203125 0.8779257062499999 0.33412230468750004 0.8929106171875001 0.32544965625 0.9071137578125 0.315874275 0.9244038484375 0.3079247296875 0.9383419390625001 0.31557617968749996 0.9528611453125 0.324749509375 0.9624915640625 0.33510915625000004 0.9677499218750001 0.3462392921875 0.9624890703125001 0.3734198625 0.9206346625 0.399253590625 0.8698245874999999 0.40304414218750007 0.8546548906250001 0.3942583546875 0.8452761437499999 0.3836907953125 0.8369442140625001 0.37625184843750004 0.8365211328125 0.36409133125 0.8484592265625001 0.3537645625 0.8601188953125
0 0.3123726328125 0.889071146875 0.30505674374999997 0.8740352218749999 0.289918959375 0.8693470953125001 0.2764116 0.872329521875 0.256920684375 0.896403871875 0.23854775312499998 0.926392571875 0.276675346875 0.947433875 0.3123726328125 0.889071146875
0 0.3907107953125 0.6997179265625 0.393068915625 0.71814598125 0.39764832499999997 0.7365472828125 0.40173623750000004 0.753160125 0.40946336250000004 0.76332064375 0.4210613 0.7649753296874999 0.43102881406250004 0.7589594625 0.4376643953125 0.752983728125 0.437263078125 0.7196644 0.43950346875 0.703488015625 0.43445625468750004 0.678171178125 0.4284306375 0.660299975 0.418794096875 0.65477656875 0.4012080078125 0.66319125625 0.3925873375 0.678162790625 0.3907107953125 0.6997179265625
0 0.311302396875 0.676065753125 0.306684784375 0.6899637125 0.3071052015625 0.7071334078125 0.3093876515625 0.72992015 0.3110746484375 0.7493816484375 0.3134847453125 0.768578096875 0.329241678125 0.7714643875 0.3447624125 0.765381634375 0.3480140828125 0.7586776375000001 0.35267908124999997 0.73452551875 0.355222159375 0.7009143890625 0.3519567140625 0.67455073125 0.347741153125 0.66152818125 0.339862684375 0.6600850359375 0.32842068125 0.660735528125 0.3191762703125 0.666486346875 0.311302396875 0.676065753125
0 0.24945106718750001 0.6983432578125 0.24814169375 0.717328165625 0.246969153125 0.7547678828125 0.2523282359375 0.7846950796875001 0.2671067640625 0.79502700625 0.282112309375 0.7922828734375 0.29659806875 0.7818548125 0.29708497500000003 0.7726207203125 0.29999189843749996 0.7443883390625 0.2987352375 0.70390180625 0.2944394125 0.6842153890625 0.278862109375 0.6785071984375 0.2610161296875 0.6830799203125 0.24945106718750001 0.6983432578125
0 0.2172851796875 0.6774544859375 0.2023079203125 0.6860940890625 0.1967119046875 0.7074376859375 0.1957426859375 0.736928425 0.19389901874999999 0.7754015828124999 0.201989990625 0.7909408531250001 0.21363990937500002 0.7933639328125001 0.23393878125 0.78671095 0.242895015625 0.77122269375 0.24675664843749998 0.740671759375 0.2488365109375 0.7111676421875 0.2453394609375 0.68685749375 0.2429056671875 0.6727881250000001 0.231799225 0.6729218953125 0.2172851796875 0.6774544859375
0 0.136713425 0.7132871328125 0.1353329703125 0.747653278125 0.1351954015625 0.78943830625 0.13917935937499998 0.8045143625 0.15400527343749998 0.8045921312500001 0.1728059625 0.7977008546875 0.17469168906250002 0.798190821875 0.18269321249999998 0.7850211218750001 0.185675809375 0.7524300562499999 0.18516594375 0.7065513906249999 0.18231632656250002 0.686334878125 0.1692202 0.6844418984375 0.150703096875 0.6900480609375 0.14311280625 0.6983423531249999 0.136713425 0.7132871328125
0 0.0736047 0.7553179390625 0.0695351515625 0.7827953 0.07140177656249999 0.7994348984374999 0.06957996093749999 0.8166636046875 0.08750345468750001 0.8238495718750001 0.10656403437499999 0.8208002593750001 0.117226365625 0.808623871875 0.12009582031249999 0.7524509171875 0.1232580453125 0.7170379515625 0.12017681875 0.698874946875 0.1079834265625 0.6938950171875 0.08770824687499999 0.69542091875 0.0782085375 0.708352325 0.0715018765625 0.7297092968750001 0.0736047 0.7553179390625
0 0 0.7711074953125 0.038881225000000005 0.7952124781250001 0.04845275 0.7066600000000001 0.0393833765625 0.6985663671875 0.01905621875 0.699323878125 0 0.70630881875 0 0.7711074953125
0 0.0448394375 0.5272657359374999 0.0351601 0.5430190406250001 0.034833721875 0.565580865625 0.0309438015625 0.590236328125 0.02813624375 0.6089829390625 0.032739346875000006 0.6222571625 0.046738203125 0.62106319375 0.0654632203125 0.618530603125 0.0747076296875 0.612779784375 0.0805872296875 0.590151075 0.080497784375 0.56144210625 0.0851627828125 0.5372899875 0.0843311328125 0.5249957000000001 0.071079071875 0.5207975390625 0.0554024046875 0.5245751140625 0.0448394375 0.5272657359374999
0 0.09841410625 0.601727984375 0.1078190421875 0.609304896875 0.12582095625 0.6070373546875001 0.1374425890625 0.6035649609375 0.14371432343749999 0.592210475 0.14525530312499998 0.5711720609375 0.14921170781249998 0.5201128078125 0.138025003125 0.5135827140625 0.1221924 0.515055109375 0.1082218296875 0.5221445499999999 0.10076378125 0.5378711 0.0983200703125 0.5619964640624999 0.0960559859375 0.5832999296875 0.09841410625 0.601727984375
0 0.15771850468749998 0.5417992218750001 0.15728816875 0.5628242593749999 0.15585114687499999 0.5853994609375001 0.16030290625000002 0.6073910546875 0.17918385781249999 0.60716364375 0.19274319374999999 0.604949609375 0.1997617234375 0.58820299375 0.2012178484375 0.5494781625 0.1993749171875 0.5277114859375 0.18891131562500002 0.52091634375 0.17475652656250001 0.5198051328125 0.164944946875 0.5281261796875001 0.15771850468749998 0.5417992218750001
0 0.21593521718750003 0.53699659375 0.2170030671875 0.5582599265625 0.21631283906249998 0.575443 0.21946973593750002 0.5892473203125 0.225079525 0.600971378125 0.2414556046875 0.6020558328125001 0.255014940625 0.5998418 0.2548215375 0.569596046875 0.25550717500000003 0.541390421875 0.2514712390625 0.525545971875 0.2440559859375 0.5199958125 0.2285589453125 0.5209514859375 0.217660415625 0.5241588296875 0.21593521718750003 0.53699659375
0 0.26519569375 0.5476822203125 0.26580033125 0.57305256875 0.2716982984375 0.5945140640625 0.2851062921875 0.6010174015625 0.3067757 0.59819300625 0.32175295937500004 0.589553403125 0.32166351249999997 0.5608444359375 0.3137995578125 0.53222910625 0.307773940625 0.514357903125 0.2893562 0.510478303125 0.2754613015625 0.5132090578125 0.2670202578125 0.5253586921875 0.26519569375 0.5476822203125
0 0.31865336875 0.5273001921875 0.32093581875 0.5500869328125 0.3243006265625 0.5669648265625 0.32583168749999997 0.58412114375 0.33107763125 0.5904664515625 0.34262359375 0.5913527453125 0.35667442656250004 0.5909271687500001 0.367984190625 0.5828444171875 0.3680269859375 0.5615677078125 0.366311703125 0.5362107390624999 0.361911921875 0.5149875374999999 0.3544966703125 0.5094373765625 0.34039385625 0.509094559375 0.330478321875 0.5158788203125 0.31865336875 0.5273001921875
0 0.3795400703125 0.545535978125 0.3838358953125 0.5652223921874999 0.388698890625 0.5823385796875 0.3996776828125 0.5857951015625 0.40696069375 0.5839130015625 0.413104778125 0.576148809375 0.4143101953125 0.5556271140625 0.4073252765625 0.5290519171875 0.40404073125 0.5188378890625 0.396058309375 0.5158579578125 0.3862704234375 0.5190519250000001 0.37917163125000003 0.529134675 0.3795400703125 0.545535978125
0 0.46373046406249996 0.639880309375 0.4500434765625 0.6456846359374999 0.44149847812500004 0.6562974828125 0.4350234234375 0.6756009484375001 0.44027395937499997 0.692968809375 0.44565214218750004 0.7067463734375 0.4511862640625 0.72282911875 0.46002403125 0.732976259375 0.470435653125 0.7390030078125001 0.48567280312500005 0.7342053703125 0.49119314843749995 0.7172204609375 0.4872046015625 0.6911218531250001 0.4832680296875 0.6657916359375 0.479903221875 0.64891374375 0.47305513593750004 0.64079335625 0.46373046406249996 0.639880309375
0 0.4717510890625 0.6105609796875 0.4663064171875 0.623187203125 0.46613137968749996 0.6370316546875 0.47514877499999997 0.6443568953125001 0.4810941296875 0.6555642328125 0.483088403125 0.6686135359375001 0.48585775781249996 0.682166184375 0.500735653125 0.6830123453125 0.5015107328124999 0.6835156890625 0.5079903796874999 0.6752347765625 0.507905525 0.657548359375 0.5037656328125 0.6401671234374999 0.50665345625 0.628084375 0.501350940625 0.6099481234375 0.4937277765625 0.601324390625 0.48145871093750003 0.600703146875 0.4717510890625 0.6105609796875
0 0.46106579999999997 0.5676246093749999 0.46559323125 0.58525751875 0.4712550015625 0.59774996875 0.4820778578125 0.5989013109375 0.49111435468750003 0.5900769218749999 0.49673865624999997 0.5746287999999999 0.4925467859375 0.5564791671875 0.486365234375 0.5363027875 0.478018965625 0.5279441031250001 0.4657735953125 0.52219578125 0.4570206828125 0.5297350578125 0.456717996875 0.547169803125 0.46106579999999997 0.5676246093749999
0 0.3575931390625 0.4401883640625 0.3661519125 0.4626431703125 0.41494458593749994 0.46641326093749996 0.42509172656249994 0.45757549375 0.425266765625 0.443731040625 0.4157058921875 0.4338489484375 0.4081110109375 0.4311206890625 0.38842669375 0.4249492859375 0.367636321875 0.42981381093750004 0.3575931390625 0.4401883640625
0 0.2831234078125 0.42929369062499995 0.2815021640625 0.443668240625 0.2895128703125 0.45254364531249996 0.34357518125 0.45753196406249996 0.3472900625 0.4467209515625 0.3451918328125 0.4321348625 0.33144827656250003 0.42614824531249995 0.3196424234375 0.4214199859375 0.305823196875 0.4197920546875 0.29115321562499996 0.4220194640625 0.2831234078125 0.42929369062499995
0 0.17545740625 0.4041874890625 0.1643318625 0.42047089218749994 0.160257725 0.436925703125 0.17265903124999998 0.4449792046875 0.2421664046875 0.44824345781249997 0.24942112968750002 0.4404658859375 0.251949696875 0.434026940625 0.2512220015625 0.42326943593750005 0.24153348281250003 0.41697763906249996 0.22714249375 0.40689738281250004 0.19286386718749998 0.398594703125 0.17545740625 0.4041874890625
0 0.060891342187499996 0.3701925078125 0.0300104015625 0.39568574375 0.0898002328125 0.4470025609375 0.09091087812500001 0.4469891828125 0.1049617109375 0.4465636078125 0.12461315312500001 0.4358169875 0.1262580890625 0.41631535781249995 0.1081430359375 0.39500101249999997 0.0789498265625 0.3797159078125 0.060891342187499996 0.3701925078125
0 0 0.44629552656250004 0.0127828328125 0.458696465625 0.0467923859375 0.4411120765625 0.050143421875000004 0.42492231562500005 0.00869565625 0.3818437859375 0 0.38221083437500003 0 0.44629552656250004
0 0.450025846875 0.5413545921875 0.435861871875 0.5181982796875 0.4207003953125 0.5186372312499999 0.4164512203125 0.5489364953125 0.4180105671875 0.5719882859375 0.429405184375 0.581591953125 0.4469156015625 0.5775359515625 0.450025846875 0.5413545921875
0 0.7668241109375 0.9248681812499999 0.78197640625 0.902384125 0.7705206265625 0.8699669640625001 0.7417814453125 0.8285297437500001 0.7160096140625 0.8419134796875 0.7462890390625 0.9225521203125 0.7668241109375 0.9248681812499999
0 0.705385484375 0.8217906062500001 0.7173663734375 0.8126744109375 0.71967784375 0.7811167890624999 0.672105096875 0.7296528234374999 0.6499013953125 0.75196546875 0.6867032625 0.8030464875 0.705385484375 0.8217906062500001
0 0.6573831375 0.731111840625 0.666570978125 0.713570078125 0.629225634375 0.659932209375 0.612358059375 0.6570592953125 0.5915248937500001 0.68320053125 0.6366730296875 0.74264023125 0.6573831375 0.731111840625
0 0.569388415625 0.6188695515625 0.5793842140625001 0.61874915625 0.5983645296875 0.6090359796875 0.5955668890625 0.589587859375 0.5822299765625 0.5677032828125 0.5633918203125 0.546653984375 0.544954978125 0.5589240125 0.569388415625 0.6188695515625
0 0.49798301250000004 0.46156800625 0.5167263953125001 0.5031256203125001 0.527317646875 0.50633046875 0.536949596875 0.5008313234374999 0.5404565671875 0.486946740625 0.53662854375 0.4741758625 0.5283296609375 0.45556302187500003 0.5148177109375001 0.4475228953125 0.49798301250000004 0.46156800625
0 0.44530115625000005 0.42221354375000003 0.45395011093750004 0.4131374796875 0.4497299578125 0.3890923796875 0.44251802500000004 0.3755932390625 0.42619392500000003 0.3752771765625 0.42822566562500003 0.41626705625 0.44530115625000005 0.42221354375000003
0 0.5119207046875001 0.4375605421875 0.51431703125 0.4236893359375 0.510716025 0.3978423984375 0.4957058890625 0.3895639796875 0.48354078125 0.390479521875 0.4931437109375 0.43932474062500004 0.5119207046875001 0.4375605421875
0 0.50337185 0.3769110015625 0.4869537109375 0.33686341875000003 0.4646131765625 0.3407212546875 0.4766644109375 0.3764636609375 0.487283946875 0.38556398281250004 0.50337185 0.3769110015625
0 0.448781309375 0.28195381406250003 0.458691515625 0.3243868390625 0.47997338593750005 0.321310771875 0.46600814062499996 0.279182928125 0.448781309375 0.28195381406250003
0 0.8017509046875 0.8770246609375001 0.857477253125 0.8463617203125 0.8432047328125 0.81064606875 0.7898319125000001 0.8487145140625 0.8017509046875 0.8770246609375001
0 0.7686119406249999 0.814364240625 0.7881258140625 0.845402646875 0.8215070390625 0.8075749921875 0.8018892078125001 0.774999796875 0.7686119406249999 0.814364240625
0 0.74282174375 0.78365776875 0.7633659984375 0.8080189343749999 0.7973900609375 0.7632623609375 0.7757871421875 0.7396829671875 0.74282174375 0.78365776875
0 0.7345985328125 0.760686240625 0.7677007625 0.7351662484375 0.7531209624999999 0.7058627921875 0.7184448765625 0.7355031750000001 0.7345985328125 0.760686240625
0 0.7041341515624999 0.7320867843750001 0.740795328125 0.693450603125 0.7218532140625 0.6708645203125 0.683358290625 0.709779128125 0.7041341515624999 0.7320867843750001
0 0.67743663125 0.6934447109375 0.7177935875 0.6601471484375 0.7019235171875 0.63367896875 0.6577951078125001 0.6659965984375 0.67743663125 0.6934447109375
0 0.6328747640625 0.61528515 0.6800041343750001 0.5944666640625 0.6649091453125 0.5685018281249999 0.620388603125 0.5895452328124999 0.6328747640625 0.61528515
0 0.6155775875 0.5731974390625 0.655792384375 0.570662353125 0.6494785921874999 0.5430537125 0.6087722984374999 0.543800340625 0.6155775875 0.5731974390625
0 0.877063678125 0.7415392140625 0.8415421640625 0.7258176546875 0.8301376265625 0.7544087234375 0.8807021531249999 0.7953267281249999 0.8983830125000001 0.766403725 0.877063678125 0.7415392140625
0 0.8194951343750001 0.69019564375 0.7925751890625 0.67565218125 0.7820687921875 0.6901337468750001 0.8220703500000001 0.7337423750000001 0.8346940796875 0.7176972671875 0.8194951343750001 0.69019564375
0 0.7348789953125 0.6278989015625001 0.766538875 0.674171396875 0.784767803125 0.658827796875 0.7545778234375 0.606898121875 0.7348789953125 0.6278989015625001
0 0.6931384625 0.5640603843750001 0.7289856203125 0.6174599578125 0.7562510437500001 0.593291965625 0.7178753203125 0.5463313421875 0.6931384625 0.5640603843750001
0 0.672604125 0.5015044859375 0.6883037515625 0.55283966875 0.7070524625 0.5451799984375 0.6922838515625 0.4966533375 0.672604125 0.5015044859375
0 0.6983759578125001 0.4881207515625 0.6806155687500001 0.45014005468749996 0.65817566875 0.46348365625000004 0.6767065484375 0.490945146875 0.6864470484375 0.4980053375 0.6983759578125001 0.4881207515625
0 0.6050673328125 0.51641661875 0.6081248640625 0.539706703125 0.647824471875 0.5405102390625001 0.6473757703125 0.5174450703125 0.6050673328125 0.51641661875
0 0.5977705453125 0.48523106250000003 0.6016788296875 0.50466580625 0.6461848625 0.5107945843749999 0.6467428484375 0.48617925156249997 0.5977705453125 0.48523106250000003
0 0.5897269625 0.45943763437499996 0.5916455640625 0.476845625 0.634601434375 0.4819677140625 0.633198021875 0.46122110312500003 0.5897269625 0.45943763437499996
0 0.58548770625 0.45154216406250003 0.5862108109374999 0.45127711406250004 0.5903980875 0.45840419062500004 0.62821196875 0.4587177609375 0.6313313968750001 0.4445815046875 0.61688843125 0.4337328578125 0.5849916187499999 0.4387311546875 0.58548770625 0.45154216406250003
0 0.617507578125 0.431931021875 0.6250176046875 0.416972865625 0.6125360343749999 0.40225549843749997 0.5938584046875001 0.39453393124999997 0.5744148765625 0.408354121875 0.580237171875 0.4341743046875 0.617507578125 0.431931021875
0 0.5724916828125 0.37992358125000003 0.5953519984375 0.38374967187500003 0.6038496109375 0.38339098437499997 0.6165299109375 0.37913682031249996 0.618486715625 0.36424555000000003 0.6061373890625 0.356960440625 0.5873084140625 0.357956246875 0.5673451046875 0.3640925078125 0.5724916828125 0.37992358125000003
0 0.5795858828125 0.358818278125 0.6028054546875 0.357000571875 0.5991333671875 0.3465348734375 0.5860326515625001 0.3336193421875 0.5558419359375 0.3419295046875 0.5615319921874999 0.36031742968749997 0.5795858828125 0.358818278125
0 0.5721851390625 0.3260959375 0.5878618078125 0.3223183640625 0.584629240625 0.3128727296875 0.5683762203125 0.297175428125 0.546063971875 0.3069287375 0.5514704421875 0.3266017765625 0.5721851390625 0.3260959375
0 0.6686453328125 0.36082167656249997 0.6815289531250001 0.3486185328125 0.6724832734375 0.335397821875 0.647760925 0.32595468125 0.63810528125 0.33658090625 0.6601996984375 0.3619487578125 0.6686453328125 0.36082167656249997
0 0.640804290625 0.30527495625 0.6208035125 0.2834706421875 0.6063697296874999 0.2946670984375 0.6300425953125 0.326937109375 0.643573646875 0.318827603125 0.640804290625 0.30527495625
0 0.470058584375 0.2678551953125 0.457520446875 0.24134688437500001 0.4358510375 0.244171278125 0.4458606109375 0.2771185375 0.4626762078125 0.2792230578125 0.470058584375 0.2678551953125
0 0.4541602296875 0.23549154374999998 0.45936411250000003 0.202873721875 0.4519679609375 0.1811739328125 0.44641474062500003 0.18124081718750001 0.42897007656249997 0.219132865625 0.436262271875 0.239295871875 0.4541602296875 0.23549154374999998