0 0.19389204531249998 0.5416666671875 0.2073863625 0.51231060625 0.2194602265625 0.48768939375000003 0.2258522734375 0.4640151515625 0.229403409375 0.44412878750000007 0.2144886375 0.42518939375000003 0.18963068125 0.42234848437499994 0.1754261375 0.4299242421875 0.15767045468750002 0.4611742421875 0.1477272734375 0.5018939390625 0.13565340937499998 0.5331439390625 0.13849431875 0.5549242421875 0.1526988625 0.5662878796874999 0.18252840937499998 0.5615530296875 0.19389204531249998 0.5416666671875
0 0.27097975 0.5302905140624999 0.276165965625 0.5026306984375 0.284593565625 0.47151340781249995 0.28848322656250003 0.4520651 0.28200045625 0.4442857765625 0.2716280265625 0.4429892234375 0.2515314421875 0.44342140781249995 0.2421314265625 0.4542260234375 0.22981416562499998 0.4680559296875 0.22462795 0.481453653125 0.2126348265625 0.4970122984375 0.2084210265625 0.5125709453125 0.2068003359375 0.5285617765625 0.1967520421875 0.5462813453125 0.19740031875 0.555357221875 0.20096584375 0.568322759375 0.2158762109375 0.5756698984375 0.22981416562499998 0.5756698984375 0.2576900734375 0.5601112515625 0.27097975 0.5302905140624999
0 0.33126950312500003 0.53893420625 0.3377522703125 0.5117065765625 0.3481247015625 0.4801571 0.35201436406250003 0.46114097656249997 0.3500695328125 0.44385359218750003 0.34617987031249997 0.433913346875 0.33677985625 0.4252696546875 0.32964880937499996 0.4205156234375 0.3108487796875 0.423540915625 0.3053384265625 0.42440528593750004 0.2972349640625 0.4373708234375 0.2888073640625 0.4559547609375 0.28200045625 0.47842836093749996 0.27746251875 0.4939870078125 0.27324871875 0.51646060625 0.26935905625 0.5294261453125 0.26903491874999996 0.5449847906249999 0.2713038875 0.5579503296875 0.2800556265625 0.5657296515625 0.2972349640625 0.5657296515625 0.316683271875 0.5579503296875 0.33126950312500003 0.53893420625
0 0.39350408593749997 0.5359089140625 0.4071179 0.48966516093749995 0.41133170156250004 0.46200534531250004 0.41100756250000003 0.4477432546875 0.40452479375 0.43434553124999997 0.395124778125 0.4265662078125 0.37891785625 0.42570183906250003 0.36627645625 0.4295915 0.359145409375 0.44687888437499995 0.3500695328125 0.4676237453125 0.34391090156250004 0.492690453125 0.3377522703125 0.5212146375 0.3335384703125 0.5410951296875 0.3387246859375 0.5596790671874999 0.35169022499999997 0.5678905750000001 0.37049025625 0.5635687296875 0.384752346875 0.5592468828125 0.39350408593749997 0.5359089140625
0 0.4573593625 0.52769740625 0.467083515625 0.4766996234375 0.4690283453125 0.45811568437499994 0.4661111 0.4369386390625 0.4528214234375 0.43088805468749997 0.43434553124999997 0.43132023906250005 0.424945515625 0.4386673765625 0.4220282703125 0.4546582078125 0.413924809375 0.481453653125 0.407766178125 0.5091134687500001 0.402255825 0.533747990625 0.40095927031249995 0.5484422671875 0.4038765171875 0.5579503296875 0.4155455 0.57264460625 0.439531746875 0.5691871296875 0.45476625468750004 0.55578940625 0.4573593625 0.52769740625
0 0.5312629296875 0.5687549453125 0.5341801765625 0.556653775 0.537421559375 0.5350445453125 0.5390422515625 0.516028421875 0.540987084375 0.48966516093749995 0.54455260625 0.45033636093749996 0.5416353609375 0.4356420859375 0.5377456984375 0.433913346875 0.5293180984375 0.42915931562500004 0.51926980625 0.4265662078125 0.5121387609375 0.4295915 0.5030628828125 0.43304897656249997 0.4962559765625 0.43996393125 0.4907456234375 0.47280996093749994 0.4871800984375 0.4987410375 0.484262853125 0.5281295921875 0.4823180234375 0.55017100625 0.4832904390625 0.5644330984375 0.5001456375 0.5756698984375 0.5131111749999999 0.5730767906249999 0.5312629296875 0.5687549453125
0 0.6148906515625 0.5480100828125 0.6129458203125 0.516028421875 0.613594096875 0.4788605453125 0.6129458203125 0.4563869453125 0.6097044359375 0.4390995609375 0.60354580625 0.43304897656249997 0.588311296875 0.4317524234375 0.575345759375 0.43434553124999997 0.566918159375 0.439531746875 0.5630284984375 0.451632915625 0.56173194375 0.4680559296875 0.560111253125 0.49182608437499997 0.560435390625 0.5104100218750001 0.558166421875 0.5397985765625 0.559462975 0.5570859609375 0.5607595296875 0.5631365453125 0.56983540625 0.5691871296875 0.587987159375 0.5704836828125 0.6041940828125 0.5631365453125 0.6148906515625 0.5480100828125
0 0.0978898140625 0.793490940625 0.1056691375 0.7606449109375 0.0875173828125 0.70057125 0.07001390625000001 0.66124245 0.0508897375 0.647844728125 0.0090758765625 0.672911434375 0.0029172453125 0.6975459578125001 0.0385724765625 0.8142358015625 0.056400090624999996 0.822447309375 0.077469090625 0.8099139546874999 0.0978898140625 0.793490940625
0 0.22592450312499998 0.8094817703125001 0.2291658875 0.7917622015625 0.22235898125000003 0.7610770953125 0.21393138125000002 0.7308241718749999 0.2025865359375 0.7048930953125 0.1944830734375 0.68371605 0.1786002890625 0.6685895890625 0.1672554421875 0.6634033734375 0.1442416140625 0.6720470656249999 0.12479330625 0.689766634375 0.1225243375 0.706621834375 0.1296553828125 0.7338494640625 0.15623473593749998 0.8297944484374999 0.1688761359375 0.8427599859375 0.1841106421875 0.8444887234375 0.20582792031250002 0.8297944484374999 0.22592450312499998 0.8094817703125001
0 0.3377522703125 0.8025668171874999 0.28621425624999997 0.68371605 0.2713038875 0.66599648125 0.26125559531250003 0.6668608500000001 0.24375211874999997 0.67809765 0.2262486421875 0.6962494046875001 0.2210624265625 0.706621834375 0.23046244218749998 0.7368747578125 0.2418072875 0.7623736484375 0.253152134375 0.7960840484375 0.26060731875 0.8146679859375 0.2670900875 0.8354128484375 0.2713038875 0.8470818328125 0.284917703125 0.857886446875 0.3140901640625 0.8492427546875 0.335807440625 0.8263369703125001 0.3377522703125 0.8025668171874999
0 0.4411524390625 0.8388703234375001 0.437586915625 0.8194220171875 0.42883517812500005 0.7952196796875 0.41230411718750004 0.759780540625 0.38961442343749997 0.7014356187499999 0.377945440625 0.6819873109375 0.3714626703125 0.6789620203125 0.3604419640625 0.6845804203125 0.3416419328125 0.6988425109375 0.330621225 0.7109436796875 0.330621225 0.7247735875 0.3720987453125 0.8581018437499999 0.3798902703125 0.873877278125 0.39091097812500003 0.8833853390625 0.405497209375 0.881224415625 0.4239731 0.8630726624999999 0.43726277812500003 0.8492427546875 0.4411524390625 0.8388703234375001
0 0.528669821875 0.8816566015625 0.5464974359375 0.8600473703124999 0.5474698515624999 0.8483783859375 0.5422836375 0.8220151250000001 0.5358008671875 0.8025668171874999 0.5189456671875 0.7736104484374999 0.469676621875 0.70057125 0.4631938546875 0.6992746953125 0.4508765921875 0.7035965421875 0.435317946875 0.7165620796875001 0.42689034687499994 0.7295276187499999 0.4252696546875 0.7394678640625 0.42883517812500005 0.75372995625 0.43596622343749997 0.7736104484374999 0.48069733125 0.8721485390625 0.4907456234375 0.885978446875 0.5007939140625 0.8907324765625001 0.5144077296875 0.8898681078124999 0.528669821875 0.8816566015625
0 0.6904149125 0.8872750015624999 0.6965735421875 0.8660979546875 0.693980434375 0.8440565390625 0.666752803125 0.8038633703125001 0.581828528125 0.6979781421875 0.5659457453125001 0.700139065625 0.5549250359375 0.7083505734375 0.5487664062500001 0.7165620796875001 0.5406629453125 0.7312563578125 0.5396905296875001 0.7446540796875001 0.543256053125 0.7606449109375 0.6181320359375 0.8829531546875 0.638876896875 0.910180784375 0.6524907125 0.9166635546874999 0.67809765 0.9058589390625 0.6904149125 0.8872750015624999
0 0.9276842609375 0.8842497078125 0.9231463234374999 0.8315231859375001 0.9137463078125 0.7839828796874999 0.9092083687500001 0.7459506328125001 0.897539384375 0.729095434375 0.8842497093749999 0.7226126640625 0.867718646875 0.717858634375 0.8537806937499999 0.7148333421874999 0.8382220468750001 0.7191551875 0.8307668640625 0.73514601875 0.826228925 0.7658311265625 0.8372496328125001 0.8029990015624999 0.8547531078124999 0.9183922921875001 0.9283325375 0.933518753125 0.9276842609375 0.9192566609374999 0.9276842609375 0.8842497078125
0 0.8152082171874999 0.6737758046875 0.8216909859375001 0.6919275578125 0.8411392937500001 0.700139065625 0.8810083234375 0.6962494046875001 0.897539384375 0.6936562953125 0.9017531859375 0.66037808125 0.8968911078125 0.6305573437499999 0.88781523125 0.5942538359375 0.8748496921875001 0.5436882375 0.86642209375 0.5199180828125 0.8534565546874999 0.509545653125 0.8323875562499999 0.5060881765625 0.8100220015625 0.5069525453125 0.7996495718750001 0.5125709453125 0.792518525 0.5242399296875 0.7928426640625 0.5402307609375 0.8051599250000001 0.6089481125 0.810346140625 0.6400654046875001 0.8113185546875 0.6577849734375001 0.8152082171874999 0.6737758046875
0 0.8502151703124999 0.4555225765625 0.8417875703125001 0.42440528593750004 0.8336841093749999 0.3859408546875 0.82428409375 0.36606036406250003 0.809373725 0.359145409375 0.7870081703125 0.3613063328125 0.7772840171875 0.36519599375 0.7737184953125 0.376864978125 0.7737184953125 0.3885339625 0.7772840171875 0.41316848593750005 0.78149781875 0.43996393125 0.7834426484375 0.4598444234375 0.7831185109375001 0.47410651562500006 0.8080771703125 0.48836860781249997 0.8323875562499999 0.48663986875000004 0.847297925 0.4836145765625 0.8502151703124999 0.4555225765625
0 0.8145599406249999 0.2757337796875 0.8109944171875 0.2502348890625 0.8025668171874999 0.22473599531250002 0.795759909375 0.21349919687500002 0.782794371875 0.2104739046875 0.767884003125 0.2113382734375 0.7578357109375 0.220846334375 0.75653915625 0.23165095 0.7549184640625 0.24375211874999997 0.7575115718750001 0.25974295000000003 0.761725371875 0.2783268875 0.763021925 0.29863956406250003 0.763021925 0.2990717484375 0.7720978015625 0.3064188875 0.7908978328125 0.3055545171875 0.81164269375 0.29734301093750004 0.8145599406249999 0.2757337796875
0 0.7837667875000001 0.167687628125 0.7915461109375 0.1521289828125 0.7918702484375 0.13484159843750002 0.7876564484374999 0.1201473203125 0.7756633265625 0.1140967359375 0.7604288171875 0.11496110625 0.748759834375 0.12792664375 0.7377391249999999 0.1465105828125 0.72671841875 0.1646623359375 0.719587371875 0.1767635046875 0.714725296875 0.1880003046875 0.7163459890625 0.2001014734375 0.7231528953125 0.2061520578125 0.7445460328125 0.2113382734375 0.7639943421875001 0.2001014734375 0.7837667875000001 0.167687628125
0 0.7299598031250001 0.16163704375000001 0.7416287875 0.1408921828125 0.746815003125 0.12274042968750001 0.7400080953125 0.10458867499999999 0.72671841875 0.099402459375 0.719263234375 0.0998346453125 0.6981942343750001 0.1140967359375 0.68004248125 0.1318163046875 0.6661045265625 0.150832428125 0.6580010656249999 0.1633657828125 0.660270034375 0.1750347671875 0.6657803890625 0.18497501249999998 0.67615281875 0.19145778125 0.6910631875 0.1901612265625 0.7095390796875 0.178924428125 0.7299598031250001 0.16163704375000001
0 0.6560562359375 0.1512646125 0.6443872515625 0.13916344375 0.62915274375 0.1357059671875 0.6187803125 0.13959562812499998 0.6103527125 0.14305310468750002 0.5973871734375 0.14478184375 0.585718190625 0.15558645937499999 0.5779388671875 0.1659588890625 0.5727526515625 0.17287384374999998 0.5708078203125 0.18238190468749998 0.5682147140625 0.191025596875 0.57015954375 0.1992371046875 0.5844216375 0.20831298125000003 0.6152147890624999 0.19794055156249998 0.636607928125 0.18281408906250002 0.6560562359375 0.1689841828125 0.6560562359375 0.1512646125
0 0.5769664515625 0.167687628125 0.5850699140625 0.1551542734375 0.5824768046875 0.1434852890625 0.5737250671874999 0.1378668890625 0.5607595296875 0.1352737828125 0.5487664062500001 0.133112859375 0.5351525921875 0.1361381515625 0.521538775 0.144349659375 0.5153801453125 0.15428990468749998 0.509545653125 0.162933596875 0.5053318531250001 0.1720094734375 0.5027387453125 0.1780600578125 0.50209046875 0.1875681203125 0.5059801296875001 0.1996692890625 0.5189456671875 0.2057198734375 0.5377456984375 0.202262396875 0.5610836671875 0.18281408906250002 0.5769664515625 0.167687628125
0 0.4654628234375 0.15558645937499999 0.45346970000000003 0.14953587343750002 0.4242972390625 0.1534255359375 0.41360067031250003 0.15817956718749998 0.3999868546875 0.16682325781250001 0.3883178703125 0.17071292031250002 0.380214409375 0.18583938125 0.3815109625 0.202262396875 0.3870213171875 0.2104739046875 0.45541453125000003 0.20269458125 0.469676621875 0.1897290421875 0.47064903906250005 0.1724416578125 0.4654628234375 0.15558645937499999
0 0.3293246703125 0.1720094734375 0.30955222656250003 0.1715772890625 0.3001522109375 0.1780600578125 0.2917246109375 0.1841106421875 0.280703903125 0.191025596875 0.27519355 0.2018302125 0.2745452734375 0.21349919687500002 0.28329701093750004 0.2186854109375 0.34553159375 0.20917734999999998 0.35201436406250003 0.1901612265625 0.344235040625 0.1771956890625 0.3293246703125 0.1720094734375
0 0.26125559531250003 0.18670375156250002 0.24926247343750002 0.17460258125 0.23726935 0.17287384374999998 0.22203484218749997 0.174170396875 0.2116624109375 0.1767635046875 0.20939344375000002 0.1841106421875 0.2025865359375 0.1897290421875 0.196103765625 0.1905934125 0.1876761671875 0.1953474421875 0.18281408906250002 0.20355895 0.181193396875 0.2109060890625 0.1837865046875 0.21954978125000002 0.1918899671875 0.2294900265625 0.23726935 0.22300725781250003 0.2586624890625 0.2169566734375 0.263848703125 0.1996692890625 0.26125559531250003 0.18670375156250002
0 0.11377259843750001 0.44039611562500003 0.100482921875 0.4304558703125 0.0855725515625 0.43088805468749997 0.0732552921875 0.4360742703125 0.063207 0.44558233124999996 0.05283456875 0.45898005468749997 0.042462137500000004 0.4788605453125 0.0343586765625 0.49787666875000003 0.0301448765625 0.5186215296875 0.022041415624999998 0.5298583296875 0.0171793390625 0.5475778984375 0.017503476562500002 0.5601112515625 0.0259310765625 0.5678905750000001 0.0304690140625 0.5765342671875 0.0479724921875 0.5722124203125001 0.06904149062500001 0.568322759375 0.0891380765625 0.532883621875 0.110207075 0.48880079218750005 0.12057950625 0.4555225765625 0.11377259843750001 0.44039611562500003
0 0.655407959375 0.36217070156250003 0.6605941734375 0.35395919375 0.6609183125 0.33623962500000004 0.662214865625 0.3163591328125 0.6599458968749999 0.29734301093750004 0.6531389890625 0.2856740265625 0.645035528125 0.28308091874999997 0.6336906812499999 0.28480965625 0.623966528125 0.29388553281249996 0.6216975578125 0.3487729796875 0.623966528125 0.36217070156250003 0.6382286203125 0.3634672546875 0.655407959375 0.36217070156250003
0 0.60808374375 0.30252922656250003 0.607435465625 0.277894703125 0.6041940828125 0.26968319531249996 0.5876630203125 0.266657903125 0.579559559375 0.26925101093750003 0.568538853125 0.2744372265625 0.5659457453125001 0.29042805625 0.563676775 0.3055545171875 0.5643250515625 0.3215453484375 0.5630284984375 0.3336465171875 0.5633526359375 0.34834079375 0.5678905750000001 0.358281040625 0.575021621875 0.36217070156250003 0.5896078515625 0.35957759375 0.6019251140625 0.3556879328125 0.607435465625 0.3327821484375 0.60808374375 0.30252922656250003
0 0.5503870984375 0.2930211640625 0.549738821875 0.2753015953125 0.5474698515624999 0.26622571875 0.53644914375 0.2636326109375 0.5238077453125001 0.26449697968749997 0.5134353140625 0.26838664218749997 0.5046835749999999 0.3038257796875 0.5001456375 0.3327821484375 0.49917322343750004 0.3487729796875 0.50241460625 0.35395919375 0.5088973765625 0.3556879328125 0.524131884375 0.3565523015625 0.5351525921875 0.35136608593749996 0.5422836375 0.3431545796875 0.5464974359375 0.3254350109375 0.5503870984375 0.2930211640625
0 0.490421484375 0.31203728750000004 0.49398700624999997 0.27746251875 0.4920421765625 0.26449697968749997 0.4858835453125 0.261039503125 0.4690283453125 0.2614716875 0.45638694687500003 0.26579353437500003 0.445690378125 0.2999361171875 0.4392076078125 0.32716374843749996 0.441800715625 0.3492051640625 0.45444211562500003 0.353527009375 0.47162145468750005 0.353094825 0.4858835453125 0.3505017171875 0.490421484375 0.31203728750000004
0 0.43499380781249997 0.31290165625 0.43823519375000003 0.2951820875 0.4398558859375 0.28308091874999997 0.4327248390625 0.2709797484375 0.422676546875 0.26925101093750003 0.410035146875 0.271411934375 0.40160754687500005 0.2770303328125 0.397069609375 0.2878349484375 0.3899385625 0.3064188875 0.3857247625 0.3284603015625 0.3841040703125 0.3405614703125 0.3844282078125 0.352662640625 0.3860489015625 0.35957759375 0.4042006546875 0.3578488546875 0.41716619218749995 0.35525574843749996 0.42980759375 0.3435867640625 0.43499380781249997 0.31290165625
0 0.38961442343749997 0.289131503125 0.388966146875 0.2791912578125 0.3815109625 0.26968319531249996 0.3711385328125 0.26968319531249996 0.359469546875 0.271411934375 0.3503936703125 0.2770303328125 0.34520745625 0.2861062109375 0.33710399375 0.2964786421875 0.3335384703125 0.31290165625 0.32964880937499996 0.3280281171875 0.3257591484375 0.3388327328125 0.3280281171875 0.35482356406250004 0.3481247015625 0.35525574843749996 0.372110946875 0.35136608593749996 0.3808626859375 0.3141982109375 0.38961442343749997 0.289131503125
0 0.338076409375 0.28653839531249997 0.33677985625 0.2740050421875 0.32997294843749997 0.26233605781249997 0.3134418875 0.260175134375 0.3014487640625 0.2627682421875 0.293345303125 0.26968319531249996 0.28200045625 0.2800556265625 0.274221134375 0.2951820875 0.26676595000000003 0.313333840625 0.26125559531250003 0.331053409375 0.26125559531250003 0.3405614703125 0.26514525624999996 0.353527009375 0.284917703125 0.35871322499999997 0.304041871875 0.35395919375 0.3196005171875 0.33667180937499996 0.331593640625 0.30123267187499997 0.338076409375 0.28653839531249997
0 0.27357285625 0.2874027640625 0.2738969953125 0.2765981484375 0.2703314734375 0.2670900875 0.2619038734375 0.2636326109375 0.25250385625 0.2636326109375 0.24310384218749997 0.26449697968749997 0.234027965625 0.26968319531249996 0.2252762265625 0.2791912578125 0.2197658734375 0.2822165484375 0.2136072421875 0.29042805625 0.2071244734375 0.300368303125 0.202262396875 0.31290165625 0.20096584375 0.3232740859375 0.20128998125000003 0.3345108859375 0.199993428125 0.34012928593749997 0.20064170468750003 0.34747642500000003 0.20582792031250002 0.3522304546875 0.2142555203125 0.35612011718750003 0.231758996875 0.35482356406250004 0.24764177968749998 0.34142584062500003 0.26255215 0.3055545171875 0.27357285625 0.2874027640625
0 0.193834796875 0.3206809796875 0.20647619687500002 0.2982073796875 0.210689996875 0.2908602421875 0.2061520578125 0.2800556265625 0.199993428125 0.27357285781249996 0.189620996875 0.273140671875 0.1763313203125 0.277894703125 0.1679037203125 0.2856740265625 0.160124396875 0.28999587187500003 0.15461404375 0.2990717484375 0.149427828125 0.3107407328125 0.1435933359375 0.3215453484375 0.1426209203125 0.330621225 0.143269196875 0.34012928593749997 0.148131275 0.3522304546875 0.164014059375 0.35136608593749996 0.1786002890625 0.34747642500000003 0.1841106421875 0.335807440625 0.193834796875 0.3206809796875
0 0.05996561406249999 0.4494719921875 0.067096659375 0.4429892234375 0.062234584375 0.43348116093750005 0.053806984375 0.42570183906250003 0.042462137500000004 0.41619377812499997 0.0324138453125 0.41187193125 0.0204207234375 0.41662596250000006 0.0068069078125000005 0.4269983921875 0.0012965531250000001 0.4386673765625 0 0.44601451562500005 0.0016206921874999999 0.5536284828125 0.0194483078125 0.5242399296875 0.0346828140625 0.49917322343750004 0.043110415624999995 0.4779961765625 0.05996561406249999 0.4494719921875
0 0.028200045312499998 0.3738396859375 0.0168552 0.376000609375 0.0087517390625 0.382483378125 0 0.388966146875 0.0003241390625 0.44342140781249995 0.0064827687499999995 0.4261340234375 0.0165310609375 0.4183547015625 0.03208970625 0.41187193125 0.0385724765625 0.41273630156249996 0.0450552453125 0.41619377812499997 0.0460276609375 0.4092788234375 0.051213875 0.39890639375000003 0.0408414453125 0.3850764859375 0.036951784375000005 0.3772971625 0.028200045312499998 0.3738396859375
0 0.11182776718750001 0.2999361171875 0.1063174125 0.2917246109375 0.0982139515625 0.2869705796875 0.093351875 0.283513103125 0.0842759984375 0.28869931875 0.070662184375 0.29604645625 0.058669060937499996 0.30166485625 0.049917321875 0.3103085484375 0.043110415624999995 0.32197753281249997 0.04019316875 0.3336465171875 0.0346828140625 0.3448833171875 0.024634521875000003 0.3565523015625 0.026255215625 0.3669247328125 0.02755176875 0.3725431328125 0.0376000609375 0.37513623906250004 0.0398690296875 0.38032245468750003 0.0508897375 0.37945808593749997 0.0593173375 0.3798902703125 0.07455184375 0.3638994390625 0.0914070453125 0.33537525625 0.1050208609375 0.318087871875 0.11182776718750001 0.2999361171875
0 0.147158859375 0.31290165625 0.155910596875 0.29345334843750004 0.162393365625 0.2878349484375 0.1633657828125 0.2817843640625 0.1575312890625 0.2744372265625 0.143269196875 0.2796234421875 0.1277105515625 0.2869705796875 0.11539329062499999 0.295614271875 0.105993275 0.3103085484375 0.0991863671875 0.324570640625 0.0972415359375 0.33667180937499996 0.10372430625 0.3500695328125 0.10404844375 0.35136608593749996 0.12090364375 0.3543913796875 0.1351657359375 0.347044240625 0.141000228125 0.3336465171875 0.147158859375 0.31290165625
0 0.087841521875 0.22430381093750001 0.083627721875 0.21436356562499997 0.07682081406249999 0.2100417203125 0.06547596875 0.2104739046875 0.056075953125 0.2126348265625 0.047648353125 0.2156601203125 0.0388966140625 0.219981965625 0.0294966 0.220846334375 0.019772446875 0.23165095 0.012965537499999999 0.24245556562499998 0.0100482921875 0.2502348890625 0.007779321875 0.2619038734375 0.009724153125 0.2701153796875 0.014586229687499999 0.2761659640625 0.024634521875000003 0.2757337796875 0.024634521875000003 0.2753015953125 0.041489721875 0.2709797484375 0.060289753125 0.2523958109375 0.0810346140625 0.23251531875000003 0.087841521875 0.22430381093750001
0 0.1996692890625 0.1694163671875 0.2100417203125 0.15558645937499999 0.2165244890625 0.1421887359375 0.2158762109375 0.13354504375 0.2074486109375 0.1322484890625 0.19318651874999998 0.1352737828125 0.1821658125 0.13916344375 0.1730899359375 0.1482393203125 0.1672554421875 0.1642301515625 0.1679037203125 0.1776278734375 0.1776278734375 0.18022098125 0.1922141046875 0.1776278734375 0.1996692890625 0.1694163671875
0 0.139055396875 0.1650945203125 0.139703675 0.1599083046875 0.13354504375 0.15040024375 0.12511744375 0.149968059375 0.11668984375 0.1516967984375 0.10826224375 0.15558645937499999 0.09951050624999999 0.157315196875 0.0914070453125 0.1633657828125 0.0855725515625 0.1689841828125 0.08265530625 0.1806531671875 0.07779322968749999 0.1884324890625 0.0810346140625 0.19491525781250002 0.0849242765625 0.2018302125 0.090110490625 0.20312676562499998 0.1008070609375 0.2013980265625 0.11182776718750001 0.196643996875 0.1283588296875 0.1780600578125 0.139055396875 0.1650945203125
0 0.175034765625 0.0972415359375 0.168551996875 0.0950806140625 0.1568830125 0.0972415359375 0.14197264375000002 0.0998346453125 0.1322484890625 0.10502085937500001 0.12511744375 0.1179863984375 0.12090364375 0.1309519359375 0.12511744375 0.1426209203125 0.1296553828125 0.14607839843749998 0.1484554140625 0.1478071359375 0.164014059375 0.128358828125 0.176979596875 0.11452892031249999 0.1795727046875 0.1080461515625 0.175034765625 0.0972415359375
0 0.225600365625 0.054887445312500005 0.22203484218749997 0.04581156875 0.21393138125000002 0.0449471984375 0.20517964375000003 0.046243753124999995 0.197724459375 0.0484046765625 0.18864858125 0.0531587078125 0.18443478124999999 0.05877710625 0.180869259375 0.063963321875 0.1756830421875 0.0721748296875 0.176655459375 0.08125070625 0.1795727046875 0.087733475 0.18670375156250002 0.087301290625 0.1990210109375 0.0847081828125 0.20809688906249998 0.0747679375 0.2194417359375 0.063963321875 0.225600365625 0.054887445312500005
0 0.2495866109375 0.092919690625 0.2518555796875 0.0860047375 0.24796591875 0.0747679375 0.2375934875 0.0743357515625 0.2252762265625 0.0769288609375 0.2165244890625 0.0860047375 0.20809688906249998 0.09464842968750001 0.20420722656249998 0.10458867499999999 0.20193825781250002 0.11107144531249999 0.20420722656249998 0.11885076718750001 0.2061520578125 0.1249013515625 0.22203484218749997 0.126630090625 0.2314348578125 0.12101169062499999 0.24018659687500002 0.10458867499999999 0.2495866109375 0.092919690625
0 0.2706556109375 0.0367356921875 0.26222801093750003 0.034142584375 0.2515314421875 0.04019316875 0.24375211874999997 0.0497012296875 0.23953831874999998 0.06093802968749999 0.24018659687500002 0.0713104609375 0.2463452265625 0.0769288609375 0.26222801093750003 0.0726070140625 0.276165965625 0.060505845312499994 0.2823245953125 0.049269045312499996 0.280703903125 0.0376000609375 0.2706556109375 0.0367356921875