0 0.805680025 0.7777554484375 0.8239569921875001 0.76394065 0.8397272453125 0.7435443046875 0.8367215078125 0.725269753125 0.8271946546875 0.7063129515625 0.8064857125 0.6997751171875 0.7837661921875 0.7113196203125 0.7627660281249999 0.725277134375 0.7472841015625 0.738149003125 0.7278605765624999 0.7517963328125 0.714169846875 0.766281003125 0.693311434375 0.787285340625 0.6931638921875 0.8061802640625 0.70111410625 0.8254472500000001 0.715515525 0.837549446875 0.7314256015625 0.8328471734375 0.747982246875 0.8209429859374999 0.767262090625 0.80889608125 0.7866147375 0.7917253390625001 0.805680025 0.7777554484375
0 0.7359274515625 0.890524375 0.749682303125 0.9098284874999999 0.7613614875 0.9177497765625 0.7774880515625 0.906323240625 0.79633685 0.8990776125 0.814040053125 0.88734089375 0.8359129296875001 0.874169171875 0.877200640625 0.8283145234375 0.8835693828125001 0.8115615999999999 0.870960128125 0.7967485812499999 0.8516132687500001 0.787977575 0.8294684734375 0.7931203734375 0.8070353515625 0.8057876484375001 0.7921271859375 0.8165814390625 0.7741375859375 0.8271953859375 0.74919485625 0.8462519875 0.7286218765625 0.8727027218750001 0.7359274515625 0.890524375
0 0.7878640171875 0.6527366171875 0.7799856453125 0.6326694171875 0.76415126875 0.6192769796875 0.742866634375 0.6234644734375 0.7269546296875 0.6368139937499999 0.709394140625 0.6512739125 0.6949150921875 0.6659136765625 0.6797904406249999 0.683431728125 0.66330370625 0.7031829515625 0.6529808140625 0.7189702390625 0.6597854328125 0.7337461328125 0.6738266828125 0.7541730156249999 0.6916716390625 0.7494831203125 0.708441875 0.7438255421875 0.723781084375 0.7282304749999999 0.7318817359375 0.7156316640625 0.750589746875 0.6970155890624999 0.7643513515625 0.6860543296875 0.7779692765624999 0.676693496875 0.7878640171875 0.6527366171875
0 0.7426578671875 0.595599740625 0.7337038125 0.5788884859375 0.7240323109375 0.5658557375 0.7086969625 0.56415630625 0.6965848015625 0.5696835421875 0.6823921515625 0.5854460765625 0.6711382218749999 0.5986652578125 0.6576620515625 0.6150729125 0.6445441171875 0.631803128125 0.63171355 0.64533249375 0.624759459375 0.658098771875 0.622177046875 0.6696119359375 0.6281933484375 0.684542921875 0.641018125 0.696955303125 0.6607989265625 0.6879541578125 0.6759216484375 0.679083353125 0.689898775 0.66572145625 0.7071019890625 0.6466153515624999 0.7230868 0.6281419953125 0.7384978515625 0.6117467140625 0.7426578671875 0.595599740625
0 0.67969500625 0.4688509359375 0.6721739078125 0.45342992187500003 0.6527523140625 0.45843000468749995 0.6318239890624999 0.4715873078125 0.6139033328125 0.49437191406250003 0.6023620390625 0.5107919453124999 0.5923973874999999 0.5269017921875 0.58114249375 0.5444445953125 0.5813541546875001 0.5593384546875 0.5943915609375 0.5823210703125 0.6110899578125 0.57746370625 0.6254243625 0.5687479953125 0.6344570125 0.5543936656249999 0.6499399046875001 0.537198171875 0.6664975125 0.5209703593749999 0.6764621671875 0.5048605125 0.6885772234374999 0.48636240468749997 0.67969500625 0.4688509359375
0 0.643226425 0.43514957968749995 0.6378547640625001 0.4216639265625 0.620012703125 0.4133829515625 0.603814296875 0.4256097 0.58954980625 0.4421724484375 0.578439559375 0.4537912015625 0.5641741031249999 0.47467757343750006 0.554424971875 0.48838678281250003 0.5441739203125 0.50337385625 0.546105903125 0.5163571046875 0.552695965625 0.5292100125 0.564304275 0.5336078890625 0.5899615515625001 0.5238436578125001 0.5962700390625 0.5139556703125 0.603152290625 0.501989603125 0.616700303125 0.4847817359375 0.6299609515625 0.47077471875 0.638636328125 0.4517742046875 0.643226425 0.43514957968749995
0 0.6193368078125 1 0.62759408125 0.9935505625 0.6647198453125001 0.9724901375 0.677981459375 0.9541594953124999 0.67311171875 0.9393959781250001 0.66494598125 0.92252963125 0.6556327203125 0.909819440625 0.6387197671875 0.9127538203125001 0.6175040796875 0.929111971875 0.5933506359375 0.9436898578124999 0.5786570296875 0.9564066328124999 0.571415575 0.9723737625 0.574063071875 0.9903257562500001 0.5787813703125 1 0.6193368078125 1
0 0.631207353125 0.8584201874999999 0.6261948953124999 0.8409334703125 0.6137264265625 0.8374908968750001 0.6007541078124999 0.843973440625 0.5839100984375001 0.8590784781249999 0.5624788875 0.8778372703124999 0.5492900796875 0.8910440749999999 0.537820628125 0.9066638921875001 0.5418292421875 0.9267063406249999 0.5530764171875 0.94375253125 0.5740746531250001 0.9384422640625001 0.5884808953125 0.9289263390625001 0.6015260203125 0.9173199609375 0.6166497078125001 0.9041255312500001 0.6331335484375 0.8973451796875 0.639587646875 0.8772095203125 0.631207353125 0.8584201874999999
0 0.586222515625 0.7729409281249999 0.569308596875 0.78019893125 0.541210659375 0.8085231500000001 0.5212852125 0.8234483453125 0.510530309375 0.8483605328125 0.5163310859375 0.86569215625 0.5262171437500001 0.88064789375 0.5381128171875 0.8818449203125001 0.5541675406250001 0.8712185968749999 0.5723017890625 0.8546806 0.5918699625 0.8351092203125001 0.60742469375 0.8171135156249999 0.5978988046875 0.7938330890625 0.586222515625 0.7729409281249999
0 0.559218596875 0.7157603406249999 0.5394358671874999 0.7334087359375 0.5164998578125 0.7516774984375 0.5023062421875 0.7717636578125 0.5010839828125 0.7896909 0.502799478125 0.8093984125 0.518205703125 0.8146212531250001 0.5333274609374999 0.8100740734375 0.5430047515624999 0.797165078125 0.5566246046875001 0.7791569968750001 0.5763345281250001 0.7666324390625 0.5822158296875 0.7442512328124999 0.576488825 0.7174721453124999 0.559218596875 0.7157603406249999
0 0.5223946703125 0.66876555 0.504402171875 0.6923503703125 0.48626695781249996 0.713211990625 0.4801720625 0.7293465890624999 0.48396611875 0.74746605 0.49413857656250004 0.7635445609375 0.50582065625 0.7584949765625 0.5213753875 0.7404992703125 0.538794121875 0.718992528125 0.5557818140624999 0.7022870625000001 0.5518450390625 0.681444403125 0.5395241125 0.6591069093749999 0.5223946703125 0.66876555
0 0.5188257843749999 0.60500920625 0.5027720265625 0.61131190625 0.4891521734375 0.6293199875 0.468722875 0.6541702953125 0.464277425 0.664870871875 0.456104934375 0.6782698968750001 0.4545254015625 0.6915509531249999 0.4568865 0.7083801750000001 0.46856568281250005 0.7163014640625 0.47960216093749997 0.71413016875 0.48849016562500003 0.7056998906249999 0.5001751390625 0.687679434375 0.5178802734375 0.6672954640625 0.5350126109375 0.6446659515625 0.5275643171875 0.6241210984375 0.5188257843749999 0.60500920625
0 0.49224808593749997 0.5646454656250001 0.4719653640625 0.574924475 0.453328228125 0.5970639624999999 0.44572756875 0.61703215625 0.4423558734375 0.6330240359375 0.44321217500000004 0.6493632296875 0.457901921875 0.6539409484375 0.46492495937499995 0.6533453328125 0.475963365625 0.6425267906250001 0.48786386249999997 0.6221056953125 0.5002643499999999 0.609053984375 0.5081514078125 0.5902085625 0.50077495625 0.5688635 0.49224808593749997 0.5646454656250001
0 0.4873229046875 1 0.494015459375 0.981249778125 0.49137085625 0.9503269124999999 0.4809120015625 0.9331256296875001 0.463498090625 0.9330142499999999 0.44450368124999995 0.9505075515625 0.43417789375 0.9792657109375 0.433012990625 1 0.4873229046875 1
0 0.44539375468750003 0.815519890625 0.43636785937499994 0.79960885 0.4212480328125 0.79550878125 0.40540690156250003 0.8123817140625 0.4054011109375 0.8383234609375 0.40009357031250004 0.858626590625 0.415633828125 0.9054852484374999 0.42752950156249997 0.906682275 0.442793975 0.90485829375 0.45863414062499996 0.8923089859375001 0.46143400625000003 0.8697479343750001 0.45448666875 0.8522488421875 0.4476111734375 0.8339495390625 0.44539375468750003 0.815519890625
0 0.3860841640625 0.6955201015625 0.38278430937499996 0.71071176875 0.3828522921875 0.727206053125 0.37890683125 0.7452760140625 0.3857823265625 0.7635753171874999 0.39624214687500003 0.7764529765625 0.40978629843750003 0.7765396046874999 0.42089751093750005 0.7605972265625 0.425916725 0.747818571875 0.4222644171875 0.736745934375 0.4188276359375 0.7232726578124999 0.414676303125 0.7005070109375 0.4000603265625 0.686481828125 0.3860841640625 0.6955201015625
0 0.3829721734375 0.60105609375 0.36892416875 0.6108945796875 0.3586012765625 0.6266818640625 0.36010318125 0.6401427640625 0.355584925 0.6559671781249999 0.35858969687500003 0.6785653578125 0.36716642187500004 0.69059506875 0.3858187890625 0.6901090609375 0.39879207499999997 0.6793028953125 0.40589081250000003 0.6606125671874999 0.403243315625 0.6426605734375 0.39636781875 0.6243612703125 0.393934878125 0.6083322625 0.3829721734375 0.60105609375
0 0.3076401359375 0.6681510109375 0.294667815625 0.674633553125 0.2845604453125 0.6880202015625 0.27997035000000003 0.7046448265625 0.2777452109375 0.7208041734374999 0.2810383125 0.7358778765625 0.29279126875 0.7343517046875 0.301392875 0.7247986531249999 0.30892072812500004 0.709954296875 0.318312584375 0.6915989046875 0.31587964375 0.675569896875 0.3076401359375 0.6681510109375
0 0.26935912812499996 0.7279565875 0.256384878125 0.743086378125 0.2487133421875 0.7595311609375 0.24863860624999998 0.7733022453125 0.2566616265625 0.78744539375 0.26984946875000004 0.7785622156249999 0.2762297984375 0.7678740140625 0.2854770078125 0.7554426703125 0.28569639062499996 0.7357475359375 0.2779588046875 0.7270507859374999 0.26935912812499996 0.7279565875
0 0.1903029453125 0.7847790796874999 0.1790480515625 0.802321884375 0.183202278125 0.81211665625 0.2190358703125 0.8011364359375 0.22211923906250003 0.7926690328125 0.2320838921875 0.7765591859375001 0.22993638593750002 0.765976575 0.21782711875 0.7585329390625 0.2038509578125 0.767571209375 0.1903029453125 0.7847790796874999
0 0.225215153125 0.7279945109375 0.22220169531249997 0.7443089515625 0.2212677625 0.7547117171875 0.23251590156250002 0.7674342843749999 0.237963265625 0.7628252265625 0.2471395984375 0.7468704734375 0.25402281250000003 0.7305807828125 0.24599979374999997 0.716437634375 0.23560892031249997 0.7157306343750001 0.225215153125 0.7279945109375
0 0.253102390625 0.6804528078125001 0.2440687734375 0.6991307609375 0.24313484375 0.7095335281249999 0.2500113046875 0.7235092062499999 0.261907940625 0.720382609375 0.272302675 0.7037951109375 0.2760326109375 0.6881257890625 0.27424527187500003 0.6692184906249999 0.2685134421875 0.6640575281250001 0.253102390625 0.6804528078125001
0 0.2851515765625 0.6081168828125 0.273610284375 0.624536915625 0.2759005078125 0.6378427234374999 0.2736035296875 0.6548022859375 0.2849244765625 0.6624010140625 0.29839968125 0.6503169828125 0.304852815625 0.6345049453125 0.3141737953125 0.612626140625 0.3072254953125 0.5994506734375 0.2985559078125 0.5925094421875 0.2851515765625 0.6081168828125
0 0.315550353125 0.5455386046874999 0.3082370578125 0.5623059484375 0.3050799171875 0.5802208140625 0.304790625 0.5920689140625 0.3150358875 0.6030235875 0.32306276718750004 0.5998722375 0.333816703125 0.579283675 0.34292216249999996 0.5598055093750001 0.340632903125 0.542176075 0.3301012421875 0.5300986296875 0.315550353125 0.5455386046874999
0 0.35670402968750003 0.45804813906249997 0.34308417812499997 0.47605622031249994 0.338063034375 0.4974821234375 0.334548621875 0.5107508046875 0.3409940375 0.5295277640625 0.3477297109375 0.5321329968749999 0.3579060265625 0.530917009375 0.3662231640625 0.5115939359375 0.377192625 0.48860473281249994 0.3774838484375 0.46810938437500005 0.37390435 0.45191290781250004 0.35670402968750003 0.45804813906249997
0 0.4668484984375 0.511504121875 0.45222673281250003 0.523420684375 0.43789040156250003 0.540783646875 0.430434390625 0.554827790625 0.42398125468750003 0.570639828125 0.42211435625 0.5871217375 0.43213343125000003 0.596886765625 0.4360856953125 0.5997015875 0.4469076125 0.5956073078124999 0.45264330468749997 0.5834737734375001 0.4693455609375 0.5613219109375 0.4819625375 0.5415459375 0.47680736250000005 0.521336021875 0.4668484984375 0.511504121875
0 0.461760340625 0.512112115625 0.469360034375 0.49646754687500005 0.4617670953125 0.4818467453125 0.45087430156249997 0.48241761250000004 0.43711366093750004 0.489055246875 0.42571605 0.5038748515625 0.41897555156250005 0.5228877421875 0.41524561562500006 0.5385570609375 0.4133068765625 0.5558391828125 0.4209735859375 0.5610125234375001 0.42928686562499996 0.558983946875 0.432441109375 0.554039953125 0.4373166390625 0.5428617234375 0.4462056078125 0.5301078203125 0.45538001250000004 0.522800315625 0.461760340625 0.512112115625
0 0.46063308125 0.4254721609375 0.4526809390625 0.414852425 0.44063965468750005 0.423903071875 0.42931388437500007 0.437922465625 0.4162677921875 0.4538524671875 0.4046546578125 0.4710727125 0.4025722390625 0.489955259375 0.40249750312500004 0.503726346875 0.41582420156250005 0.5148608609374999 0.42449765 0.504507596875 0.4364690234375 0.48760991249999996 0.4471501546875 0.47214518749999995 0.4576885703125 0.4539572625 0.464858184375 0.438790346875 0.46063308125 0.4254721609375
0 0.5166201890625 0.340958990625 0.5235043687500001 0.3203456765625 0.513904709375 0.3065127125 0.50416136875 0.2942801734375 0.48710376718750004 0.30313860312499996 0.47792839843749996 0.314769734375 0.4662424609375 0.337113815625 0.4564914 0.3594702703125 0.4546963421875 0.37515196875 0.45455073125 0.3853996421875 0.45282751406250005 0.4002811265625 0.46006318124999995 0.4102557421875 0.4660823734375 0.4122158546875 0.47941196875000003 0.41037949687499997 0.4878708578125 0.398103246875 0.49790831718749995 0.3768695640625 0.5078739359375 0.35643609062500003 0.5166201890625 0.340958990625
0 0.44086381250000006 0.3185872703125 0.43620959531250003 0.301423115625 0.42517408437500004 0.299270784375 0.4166462484375 0.299376375 0.40425931718749997 0.3158998890625 0.3940791421875 0.3344103734375 0.389919125 0.350557346875 0.3871930328125 0.3636709375 0.388336696875 0.376809278125 0.39148707968749996 0.3891597828125 0.40515846250000004 0.39714505624999996 0.41318630624999997 0.38967008281250004 0.42078503593749994 0.3783491375 0.4218626484375 0.36634594374999996 0.42788666875 0.3466879359375 0.4377066734375 0.3365021390625 0.44086381250000006 0.3185872703125
0 0.4908847328125 0.17442108437499998 0.49676410468750004 0.1606871234375 0.5018551578125 0.1471082578125 0.501357096875 0.131091625 0.48903327343749997 0.12172500312500001 0.47147471718749995 0.1275376734375 0.46237118906249997 0.138368590625 0.45319389218749995 0.15864696875 0.4473125875 0.1810281765625 0.446019453125 0.19543200624999998 0.44673303593749997 0.20904799999999998 0.44393413906249996 0.227285428125 0.4525632625 0.23571245 0.46234899531250007 0.23781195 0.47116419374999996 0.2345055078125 0.48084051875 0.2259201375 0.48406853437499997 0.21152868125 0.4846442265625 0.20080335468750002 0.48672568125 0.18624443125 0.4908847328125 0.17442108437499998
0 0.5075873765625001 0 0.495648425 0.0221636765625 0.4904146546875 0.0330193453125 0.4850372046875 0.0454754390625 0.479874309375 0.059854518749999995 0.47850257812499997 0.10532393437500001 0.496726303125 0.105299575 0.5076200625 0.1004050828125 0.5195195953125 0.0843076109375 0.5231796203125 0.06079125625 0.528990046875 0.0348866359375 0.534082065625 0.0169841453125 0.5397468796875 0.0013272000000000002 0.538958265625 0 0.5075873765625001 0
0 0.5819440124999999 0 0.5745018953125001 0.0066737953124999996 0.564537240625 0.02278364375 0.5531377015625 0.046250498437499996 0.54618264375 0.06334040156250001 0.54367014375 0.0827006 0.5544163625 0.09670103125 0.5661673859375 0.103822109375 0.5809309046875 0.0989523671875 0.5961264328125 0.0849577265625 0.61075109375 0.060070290625 0.624660240625 0.030214107812500002 0.634483140625 0.0070574374999999995 0.6225518890624999 0 0.5819440124999999 0
0 0.6301601453125001 0.11127732500000001 0.6437799984375 0.09326924375 0.6369753796875 0.07849334999999999 0.6275194015625 0.0630599609375 0.610460834375 0.0762420140625 0.590749946875 0.0930901953125 0.573189459375 0.1075501140625 0.5537640046875001 0.1298446921875 0.5402859015625 0.1548995984375 0.54185771875 0.1762075359375 0.5521029796875 0.18716220625 0.571238175 0.181039353125 0.5870802734375 0.1598427953125 0.5959692421875 0.14708889218750001 0.610591971875 0.1308487046875 0.6301601453125001 0.11127732500000001
0 0.677101090625 0.1016492234375 0.6588308796875 0.0851986515625 0.64155775625 0.0964577171875 0.6189790203125 0.11937266718749999 0.6014894109375 0.1373559984375 0.5895170734375 0.15857730625 0.573600240625 0.1935449484375 0.5781117421874999 0.20798590625000002 0.5867094890625 0.2157273515625 0.6043389218749999 0.21343809375 0.6203955750000001 0.194164521875 0.6425461593749999 0.163079978125 0.6629016859375 0.1476771296875 0.675806025 0.124700303125 0.677101090625 0.1016492234375
0 0.708258271875 0.17294820625000001 0.70704373125 0.15628645624999998 0.705327271875 0.14090256875 0.691284090625 0.12912293125000002 0.66949560625 0.1432355390625 0.6504303203124999 0.15720543125 0.6356639093750001 0.17504604375 0.6220450203125 0.1887305 0.6079950859375 0.207216234375 0.5956616140625 0.24108585625 0.6016070375 0.25249342812500003 0.61278623125 0.253045334375 0.6250401437499999 0.254564921875 0.6415259125 0.239137321875 0.6561486421875 0.222897134375 0.675931371875 0.205248740625 0.6921307421875 0.1886983671875 0.708258271875 0.17294820625000001
0 0.799113196875 0.23053718750000002 0.7746781796875 0.22237417812500002 0.7437900265625 0.2300232046875 0.7185637953125 0.234986159375 0.6938365906249999 0.251642121875 0.675417871875 0.258410096875 0.6612242562499999 0.27849625625 0.6606456703125 0.30219245781250004 0.6637242125 0.31534317343749996 0.6820681953125 0.3223462828125 0.702348984375 0.320714521875 0.726429621875 0.311260475 0.750509296875 0.306130053125 0.7815420953125 0.292556975 0.797957953125 0.2692823390625 0.799113196875 0.23053718750000002
0 0.8737406953125 0.3340578328125 0.8804821593750001 0.31072131875000003 0.8709543421875001 0.2960881421875 0.8558345140625001 0.2919880734375 0.8332596390625 0.297608525 0.8086052390624999 0.30914065156250004 0.7815878109375001 0.3124908046875 0.7572926140625 0.320021865625 0.7349313328125 0.33188892812500004 0.724752121875 0.3460757890625 0.721738665625 0.3623902296875 0.7224706546874999 0.38986117343750004 0.7527618140625 0.3920533953125 0.77268533125 0.3857754484375 0.795332046875 0.3793547859375 0.819483559375 0.3734241484375 0.8415565125000001 0.3690815640625 0.8685768375 0.3527605359375 0.8737406953125 0.3340578328125
0 0.947317671875 0.4245240015625 0.95972105625 0.398501415625 0.9497660531250001 0.37137501875 0.9272659140625 0.3632243859375 0.8974534453125 0.3675174671875 0.87638336875 0.37362794843749997 0.8514435359375 0.3797136765625 0.8185496296875 0.383826915625 0.7877313874999999 0.399322978125 0.7755464203125 0.4099740515625 0.7728902390625 0.430934678125 0.7744620531249999 0.4522426140625 0.7852810765625 0.46111920937499995 0.8062773812499999 0.4644561921875 0.838884890625 0.459220178125 0.865759603125 0.45314682656249994 0.8970778359375 0.44502014687499997 0.930043584375 0.44010669375000006 0.947317671875 0.4245240015625
0 1 0.4369998796875 0.9831454765625001 0.43948552812499997 0.954479565625 0.4439460796875 0.927461171875 0.45161985624999995 0.8929906265625001 0.4560432828125 0.8648975140624999 0.4627493796875 0.842749825 0.48086305156250003 0.83966163125 0.510948578125 0.846608003125 0.5327712953125 0.8706139046875 0.5370883328125 0.8963410921875001 0.5351711359375 0.9193460484375 0.5290730328125 0.9619852249999999 0.5285450828125 0.993805378125 0.5191405375 1 0.5172777875000001 1 0.4369998796875
0 1 0.5325215609375 0.9806884124999999 0.5315471296875 0.9534554609375 0.5372979203125 0.9287301843750001 0.5453066359375 0.915109365625 0.5676383406250001 0.91209494375 0.58827640625 0.9190403500000001 0.614422746875 1 0.6166472781250001 1 0.5325215609375
0 0.4424508546875 0.014793521875000002 0.436356925 0.026604495312499997 0.43011834843749996 0.04433951875 0.42989993125000003 0.05971102968749999 0.452688396875 0.0603371890625 0.4645122296875 0.062334428124999994 0.473472075 0.0531039359375 0.47992617343750005 0.032968275000000005 0.47957179375000003 0.015351215625000001 0.46058124375 0.015550021875 0.4424508546875 0.014793521875000002
0 0.443081984375 0.076769596875 0.4303261515625 0.076527875 0.4212235890625 0.08303516718750001 0.41426853125 0.1001250703125 0.4150539578125 0.11294085000000001 0.43461730625 0.11498759218750002 0.448446890625 0.1205206171875 0.4592678453125 0.1207499640625 0.4662229 0.10366006093749999 0.4713158828125 0.0814339453125 0.460925975 0.076403321875 0.443081984375 0.076769596875
0 0.4152656203125 0.1278347109375 0.40695137656249997 0.134186909375 0.4010001640625 0.14872108125 0.39741294531250004 0.1671136 0.42113051874999996 0.178955115625 0.43610666406250004 0.184655609375 0.4435626765625 0.17061146562500001 0.4537438171875 0.1477773546875 0.443928634375 0.1363450296875 0.4275904078125 0.13287770625 0.4152656203125 0.1278347109375
0 0.38288617812500003 0.07446296718749999 0.37571753124999996 0.0853062609375 0.3676168796875 0.0979050703125 0.3622384640625 0.11468478906249999 0.3635238796875 0.134869953125 0.3732681859375 0.142778865625 0.3886045 0.14015467343750002 0.3947731671875 0.11457261249999999 0.3965691890625 0.09456729375 0.40245145625 0.06786245937499999 0.39327994843749997 0.062199093750000004 0.38288617812500003 0.07446296718749999
0 0.3543465828125 0.15514833125 0.341733465625 0.1576298078125 0.33614049218750003 0.172486540625 0.331979509375 0.1929571390625 0.327533096875 0.2079813390625 0.33240283593750003 0.22274485624999998 0.33691433593750003 0.2371858140625 0.35267880156250003 0.24273121718750001 0.3623570578125 0.22549859687499998 0.368739315625 0.20616314687499998 0.3751943796875 0.1817038609375 0.3792844859375 0.1577098515625 0.3716177765625 0.1525365125 0.3543465828125 0.15514833125
0 0.378780384375 0.2843441640625 0.377277515625 0.2752068859375 0.365954640625 0.27625540625 0.3594315953125 0.284220409375 0.3515187328125 0.30309448906249997 0.35082420000000003 0.31971520781249996 0.360352984375 0.330024759375 0.3693798453125 0.3416121765625 0.3791979203125 0.34007362812499997 0.3863685 0.32058308750000003 0.3883062734375 0.3076245890625 0.384295728125 0.29622939062500003 0.378780384375 0.2843441640625
0 0.3650100953125 0.3342180421875 0.35834722812500003 0.32648897187500003 0.3536202046875 0.31444865312500003 0.34688453125 0.3118434203125 0.33907124375 0.321241378125 0.3365597078125 0.3362779546875 0.33856449843749997 0.344137365625 0.34343327343749996 0.3632245078125 0.35353581875 0.37145598281250003 0.36586253750000003 0.36785173125 0.372960309375 0.353485028125 0.3728913640625 0.34131436718749997 0.3650100953125 0.3342180421875
0 0.352460134375 0.3748119265625 0.3483767859375 0.3685405640625 0.343218715625 0.36130152187500003 0.3413585734375 0.34751806093750004 0.33627234375000004 0.3394788046875 0.327959065625 0.34150738281250004 0.3210049765625 0.3542736609375 0.318350721875 0.3665870375 0.3141926359375 0.3740867609375 0.314548946875 0.3830565703125 0.32099532656249996 0.397509903125 0.3323881125 0.40430842031249997 0.345718671875 0.39814843906249997 0.35066604218749997 0.386169996875 0.352460134375 0.3748119265625
0 0.3159944484375 0.3281396953125 0.3208719078125 0.30831421875 0.3249591203125 0.29729108125 0.32109129062499997 0.28861908281250004 0.3054685765625 0.290120503125 0.2945010484375 0.30446245625 0.2885508 0.31467300468750004 0.283530621875 0.3317752828125 0.27779396562500003 0.3482324421875 0.2900459484375 0.35839927656250004 0.3014387328125 0.3651977921875 0.3104005109375 0.3473200515625 0.3159944484375 0.3281396953125
0 0.33202684531250004 0.4047096484375 0.324431975 0.3987360953125 0.3160497515625 0.3885940125 0.31476240624999996 0.37705609687499997 0.3076675265625 0.378451928125 0.3039415859375 0.3890738359375 0.3037929453125 0.40004529843750003 0.299705734375 0.411068434375 0.304290040625 0.42038555625 0.30987722500000003 0.43147056875 0.32012441875 0.43377799218749996 0.32944057187500003 0.433517309375 0.3338161125 0.4149696984375 0.33202684531250004 0.4047096484375
0 0.317832265625 0.42911943125 0.30658219375 0.4250441140625 0.3037890859375 0.4173397953125 0.30264638593750004 0.39987782968749996 0.292826378125 0.4100636265625 0.2882372484375 0.422364628125 0.28895083125 0.43598062187500003 0.293463296875 0.4460979546875 0.2984776859375 0.45493742187499997 0.3062871109375 0.46283396093749996 0.314313990625 0.45968261093749996 0.319333203125 0.4469039578125 0.32420873437500003 0.4357257296875 0.317832265625 0.42911943125
0 0.29654280625 0.454925046875 0.29088474531249997 0.440316621875 0.2845073109375 0.4380339484375 0.27569114843750003 0.4456640140625 0.2718184953125 0.4586101359375 0.26615367968750003 0.4742670828125 0.27095254375 0.4855071875 0.2794075734375 0.49052543593750003 0.289511084375 0.494433284375 0.29925828593750003 0.4893713234375 0.3057094890625 0.4822065359375 0.3061424640625 0.4687580109375 0.29654280625 0.454925046875
0 0.2189628890625 0.4474309671875 0.209861290625 0.44961463437500004 0.2054148765625 0.4646388359375 0.204839184375 0.4753641625 0.20906525 0.48435872343749997 0.20934972031250002 0.49412874531249995 0.21006619999999998 0.49477386562500003 0.2157271546875 0.4964114171875 0.22676363125000001 0.49424012343749996 0.2283441296875 0.47663544375000005 0.230641109375 0.4596758796875 0.2275625640625 0.44652516562500005 0.2189628890625 0.4474309671875
0 0.21421945937500003 0.5088922625000001 0.2072692296875 0.50436404375 0.19859578125 0.5147173078125 0.19479497031249998 0.5268632171875 0.19321543593749999 0.5401442750000001 0.1945027828125 0.551682190625 0.199374453125 0.557798459375 0.2051072484375 0.5586357984375 0.212203090625 0.5529163421875001 0.214929184375 0.539802753125 0.21779799375 0.5294123625 0.21851736875 0.517086609375 0.21421945937500003 0.5088922625000001
0 0.24193599843750002 0.5840124671875 0.23978849375000003 0.57342985625 0.23979042343749998 0.5647826078125 0.23728371093749998 0.5582010625 0.23054803750000002 0.5555958296875 0.22108723593750002 0.5617805625 0.218864028125 0.5692926625 0.21706993593749999 0.5806507328125 0.21470208125 0.594086884375 0.2180689546875 0.599713125 0.22337070468750003 0.6053517421875 0.2313956546875 0.6108476406250001 0.2392089390625 0.60144968125 0.24401262968749998 0.5910716640625 0.24193599843750002 0.5840124671875
0 0.22265326093749999 0.6090302453125 0.2163486328125 0.6016237359375001 0.21563408437499998 0.592331365625 0.214775853125 0.5846394218750001 0.2101168109375 0.5890933875 0.2096848 0.5982182890625001 0.20853534687500003 0.6110216937499999 0.208389734375 0.6212693687499999 0.21419244062499998 0.62995374375 0.22157275312500002 0.6340043093750001 0.22752107187499998 0.6324410109375 0.23512076718750002 0.6167964421875001 0.231969415625 0.6087695625 0.22265326093749999 0.6090302453125
0 0.2232212328125 0.6328939109375 0.21182748281250002 0.630419021875 0.206957740625 0.615655503125 0.206815990625 0.60860868125 0.201295821875 0.6183415765625 0.2000754921875 0.62762156875 0.19706300000000002 0.6396123859375 0.20042890624999998 0.6495622515624999 0.207378171875 0.6584140953125 0.21690985000000002 0.6557527750000001 0.22235914218750003 0.6424964671875 0.2232212328125 0.6328939109375
0 0.180810121875 0.5748141078125 0.173927871875 0.586780175 0.1680485 0.600514134375 0.18008592343750002 0.6087579828125 0.1893302390625 0.6092975125 0.1970726484375 0.5963761421875 0.20194914375 0.5808742890625 0.20080644531249997 0.5634123234375 0.1895554109375 0.5636606328125 0.180810121875 0.5748141078125
0 0.1616614171875 0.6414677046875 0.1505511703125 0.653086459375 0.147896915625 0.6653998359375 0.154487459375 0.67609093125 0.1650933734375 0.676559103125 0.1689640984375 0.6722602281250001 0.17556091406250002 0.6548477671875 0.176495809375 0.640121375 0.170763978125 0.6349604109375 0.1616614171875 0.6414677046875
0 0.1412253640625 0.696583384375 0.144734953125 0.704932825 0.15271483125000002 0.7068766531249999 0.1568738828125 0.6950533046875 0.1619639703125 0.6857980625 0.1599591796875 0.67793865 0.1520769484375 0.67516595 0.14426462499999998 0.6802402843750001 0.1412253640625 0.696583384375
0 0.1303506546875 0.7317145875 0.126262478125 0.7470613484374999 0.1395911078125 0.7495486140625001 0.145111278125 0.7398157203125 0.1491276125 0.7252691718750001 0.1461199453125 0.7156418671875 0.14017162656249998 0.7172051671874999 0.1303506546875 0.7317145875
0 0.1200967078125 0.7596725328125 0.11615125 0.77774249375 0.12826147968749999 0.7808625046875 0.13435540937499998 0.7690515328124999 0.1419541390625 0.7577305859375 0.138015434375 0.745535175 0.1301322390625 0.7470860984375001 0.1200967078125 0.7596725328125
0 0.1027207640625 0.8077874921875001 0.11397179843750001 0.8075391843749999 0.1268023671875 0.7940098203125 0.1284537421875 0.7799285499999999 0.1125659609375 0.7874877625 0.1017906921875 0.8008957609375 0.1027207640625 0.8077874921875001
0 0.27289456093750003 0.35079207968750004 0.273543059375 0.3349429140625 0.2789923515625 0.32168660937500004 0.2880949140625 0.31517931718750003 0.2865202046875 0.306842253125 0.2590717296875 0.3149936828125 0.25663106875 0.3335536703125 0.2531875328125 0.3503457640625 0.2579155203125 0.35806245937500003 0.25898734375 0.3720010125 0.26278333125 0.381473225 0.274751809375 0.3775464140625 0.27582942187500004 0.365543221875 0.27289456093750003 0.35079207968750004
0 0.28479409375000003 0.3346946078125 0.28658915 0.31901291249999997 0.2769137890625 0.323274659375 0.27325473125 0.342467390625 0.2755430234375 0.3644204484375 0.279481728125 0.37661585937500003 0.2837806 0.38048658125 0.29266860625 0.3720563046875 0.29238510156249997 0.35796265781250003 0.2848620734375 0.35118889375 0.28479409375000003 0.3346946078125
0 0.2650065390625 0.373961125 0.25705343125 0.3676650125 0.2578446453125 0.354539046875 0.2574883359375 0.3455692390625 0.2524011421875 0.34185360781249996 0.2499624109375 0.3517663453125 0.24866927656249999 0.3661701765625 0.2506731015625 0.3783532125 0.25196044687499997 0.38989112812500004 0.2543234765625 0.3980731 0.2640706765625 0.393011140625 0.26787148906249997 0.38086523125 0.2650065390625 0.373961125
0 0.247099390625 0.3362149921875 0.242940340625 0.34803833906250004 0.23620080781250002 0.3627276046875 0.2316825515625 0.3785520171875 0.23748525781250002 0.38723639374999996 0.2500974078125 0.3890785390625 0.249382859375 0.379786171875 0.25490399375 0.36572965 0.250391528125 0.35561231718749997 0.250608015625 0.3488880546875 0.2513982640625 0.3400857140625 0.25476899531249997 0.3284174578125 0.247099390625 0.3362149921875
0 0.242157809375 0.32225168593750003 0.23456101093749998 0.3249253828125 0.22939908125000003 0.3349808390625 0.22653027187500002 0.3453712296875 0.230542746875 0.3481191796875 0.2337659359375 0.3553458453125 0.24164913437500002 0.353794921875 0.23928706875 0.3412893265625 0.24674115156249998 0.33589243125 0.2493226 0.328702890625 0.242157809375 0.32225168593750003
0 0.21643351718749998 0.31119800937500003 0.213062784375 0.322866265625 0.21657140937500002 0.3355393296875 0.22782244375 0.335291021875 0.2351347734375 0.3228473046875 0.234562940625 0.31627813437499996 0.230552396875 0.3048829359375 0.22181000312500002 0.303065540625 0.21643351718749998 0.31119800937500003
0 0.2032514640625 0.2941394421875 0.20926776249999998 0.30907042812499996 0.21908583906249998 0.30753188124999997 0.2266117625 0.3013347734375 0.22668649843750002 0.2875636875 0.22332155625 0.273290196875 0.2156529171875 0.2767641078125 0.2097754734375 0.2818508171875 0.2032514640625 0.2941394421875
0 0.1957284359375 0.28736567812499997 0.216299484375 0.269562190625 0.21744893906249999 0.2567587859375 0.21350926874999998 0.2488869984375 0.20562800312500001 0.241790675 0.196525440625 0.2482979671875 0.1894995078125 0.2618644578125 0.1957284359375 0.28736567812499997
0 0.1926296265625 0.3650110734375 0.1981507609375 0.350954553125 0.204030134375 0.3372205953125 0.1964352640625 0.3312470421875 0.187403578125 0.341277746875 0.1828154109375 0.3492551234375 0.1768651625 0.359465671875 0.179370909375 0.3703708421875 0.1891161796875 0.37395613125 0.1926296265625 0.3650110734375
0 0.1884998171875 0.3405343640625 0.1929726140625 0.3339019890625 0.1987004703125 0.330731484375 0.201295828125 0.32673915937500003 0.2010488484375 0.3203541390625 0.1966472703125 0.31705717187500004 0.189953209375 0.3210232796875 0.18450000312499998 0.330270603125 0.1800827328125 0.335453953125 0.17850835625 0.3405321328125 0.17766536718749998 0.3457691828125 0.1802033421875 0.3515520984375 0.18290900625 0.347992209375 0.1884998171875 0.3405343640625
0 0.19632006562499998 0.2991074296875 0.1918756828125 0.302101115625 0.1870168125 0.3072199640625 0.185815234375 0.3114679078125 0.184351353125 0.316145903125 0.1804444796875 0.322288490625 0.177890253125 0.32748375625000004 0.177171403125 0.3329991390625 0.177487559375 0.33861365625 0.1835472625 0.33257735 0.1869435515625 0.32630814531249996 0.192133896875 0.31998873906249997 0.197668625 0.316477784375 0.2010374296875 0.30968415781249997 0.200031209375 0.30428109375 0.19632006562499998 0.2991074296875
0 0.1976742 0.2914991328125 0.192527403125 0.2881974 0.1874206234375 0.2910943359375 0.18558413125 0.2957699453125 0.1843412328125 0.2996475703125 0.1826567375 0.30346069375 0.177259615625 0.3087611265625 0.17389136875 0.3130568875 0.1718060375 0.31967369375 0.17169405937499999 0.326734853125 0.1754607265625 0.33045949218750004 0.17833203749999998 0.326715634375 0.1806931328125 0.32117991562500003 0.18399239218750002 0.316822040625 0.1869749375 0.3093475109375 0.19204132812500002 0.3019171484375 0.19792118125 0.2978841546875 0.1976742 0.2914991328125
0 0.1861004765625 0.2700852921875 0.1910690953125 0.26789674531249996 0.191525084375 0.2653092796875 0.1924927734375 0.2578527 0.1952133875 0.24914298124999998 0.19351728906250001 0.24311874375000003 0.183952846875 0.246665603125 0.17885915937500002 0.25273892343750004 0.1750620359375 0.2618118140625 0.1739150515625 0.26877383906249996 0.17585980625 0.2736895015625 0.1788674203125 0.2775634734375 0.18245609375 0.2749652078125 0.1861004765625 0.2700852921875
0 0.1942666796875 0.2862657375 0.1945987140625 0.28256731562500004 0.192598434375 0.279100678125 0.192144303125 0.27336192656249997 0.191565659375 0.26901008437499996 0.186845696875 0.270090059375 0.1833806046875 0.27546452499999996 0.1780248 0.281135278125 0.17649137343750002 0.288249021875 0.1742256328125 0.29936700625 0.1744724296875 0.3065846484375 0.1810563671875 0.30135348125 0.18366611875 0.29470919218749997 0.1858064171875 0.28914122343750004 0.190844021875 0.28701479218750003 0.1942666796875 0.2862657375