0 0.069866871875 0.609087875 0.12822212187499998 0.6446147484375 0.16032093281249998 0.6270456796875 0.1499158875 0.598514221875 0.0732509609375 0.5414585921875 0.0396618015625 0.5360397140625001 0.0269817390625 0.5710092421875 0.069866871875 0.609087875
0 0 0.6178346343750001 0.01145474375 0.6288053953125 0.0498119609375 0.6531645828125 0.088698959375 0.67962825 0.1288930421875 0.6686146015625 0.118487996875 0.6400831453125 0.042352853125 0.5851319937499999 0.0016784906249999998 0.58570390625 0 0.5884962046875 0 0.6178346343750001
0 0 0.6801578328125 0.0081201578125 0.6880974234375 0.0637274828125 0.729776409375 0.091489015625 0.71204601875 0.0919271671875 0.6839178687499999 0.012803956250000002 0.629897965625 0 0.6284923625000001 0 0.6801578328125
0 0.1139400703125 0.4470724 0.111622921875 0.47200350156250004 0.146695053125 0.547317465625 0.174258575 0.5629360906249999 0.20495867343750002 0.5526117078125 0.20510718125 0.5275999453125 0.17793968124999998 0.44528328281249996 0.1378941078125 0.431285165625 0.1139400703125 0.4470724
0 0.181026753125 0.4276775265625 0.21402925156250002 0.48623631874999995 0.2533049 0.492909090625 0.262417609375 0.465103584375 0.22199813281249997 0.37708208593750003 0.1852302703125 0.3590363359375 0.15881795 0.3778592953125 0.181026753125 0.4276775265625
0 0.20687453281249998 0.3212730640625 0.2572187734375 0.4273842859375 0.28642115 0.4409790953125 0.30820655 0.4251111984375 0.296071015625 0.368370928125 0.2620089484375 0.3056031796875 0.2251915828125 0.29589468281250003 0.20687453281249998 0.3212730640625
0 0.14390288906249998 0.8349124109374999 0.160870728125 0.8084414578124999 0.14853718437500002 0.7850502078125 0.0369265140625 0.7683902671875 0.11359144218749999 0.825445896875 0.14390288906249998 0.8349124109374999
0 0.2384045859375 0.8561479249999999 0.2817278703125 0.8660984062500001 0.3240410890625 0.8635026765625 0.3228898890625 0.8290610875000001 0.23137625781249999 0.806894325 0.21517834374999997 0.8406906203125001 0.2384045859375 0.8561479249999999
0 0.27878193281249997 0.9055995375 0.2723750203125 0.8886830453125001 0.23637708281249997 0.877962640625 0.21102432968749998 0.9009945593750001 0.2490424 0.9368073875 0.27878193281249997 0.9055995375
0 0.2758433703125 0.8981935312499999 0.2490424 0.9368073875 0.27877456093749997 0.9525066765625001 0.316129084375 0.9174125140625 0.29969840312499996 0.8990808046875 0.2758433703125 0.8981935312499999
0 0.344893309375 0.9591354750000001 0.3555953703125 0.9376434078125 0.32316478593750003 0.9197589765625 0.2951631125 0.9322685015625 0.279014703125 0.9577275437500001 0.31120514374999997 0.9703911046875 0.344893309375 0.9591354750000001
0 0.2132645921875 0.75201655 0.28468118124999997 0.7796901359375 0.32429597499999996 0.7749092640625 0.32994033749999996 0.737593271875 0.2950514703125 0.7227445703125001 0.2295615109375 0.7015457453125 0.20965510781250002 0.7206106890624999 0.2132645921875 0.75201655
0 0.2985914390625 0.5831963859375 0.340417003125 0.6170660609375 0.393424909375 0.6398853984375 0.4179582359375 0.6178653890625 0.40702340625 0.587229453125 0.320525346875 0.5423167296875 0.2935832421875 0.559035209375 0.2985914390625 0.5831963859375
0 0.356040959375 0.5032508546875001 0.3336095890625 0.511815975 0.32626956875 0.5285342703125 0.333704928125 0.54327150625 0.40361264375 0.5841924921875 0.4261419078125 0.59081473125 0.44249020000000006 0.5773236296875 0.44023639687499994 0.5609715328125 0.423574690625 0.5480602296875 0.3843347734375 0.5209330109375 0.356040959375 0.5032508546875001
0 0.436912678125 0.4397396921875 0.413697409375 0.4377916625 0.3972976125 0.45995725624999995 0.404247871875 0.47720706875 0.4386247640625 0.4998152046875 0.473670490625 0.5206406328125001 0.5009623296875 0.532862765625 0.5133834515625 0.5156104265625 0.5138539375 0.499721175 0.49722656875000004 0.4810268765625 0.436912678125 0.4397396921875
0 0.3457205859375 0.3409073484375 0.33424299375 0.3101130109375 0.32264777968749997 0.2832909875 0.30834544375 0.253114621875 0.2936559078125 0.2406381890625 0.26733170624999997 0.239659075 0.250733559375 0.24771812343750002 0.2546410046875 0.2706390359375 0.268894390625 0.29322172343749997 0.2767976796875 0.30833788125 0.3038148234375 0.3668239828125 0.31242128281250003 0.3743744375 0.34920905156250004 0.3710430140625 0.3516002015625 0.364263128125 0.3457205859375 0.3409073484375
0 0.36875540625 0.21487162343750002 0.3557392359375 0.189804334375 0.34084879218749997 0.1794895328125 0.3146250453125 0.177429603125 0.30133418125 0.1986262796875 0.3167878921875 0.240775534375 0.32935074375 0.27884057812499996 0.343486509375 0.305395578125 0.3672186546875 0.3153162109375 0.38841280624999996 0.3092356890625 0.3889837453125 0.2922656234375 0.3770897296875 0.252417871875 0.36875540625 0.21487162343750002
0 0.44897415625 0.22870805624999999 0.437599575 0.18056473281250002 0.428831659375 0.1368565671875 0.4211979515625 0.1080127890625 0.40614093906250004 0.09407661875 0.38396198125000003 0.0918056171875 0.36591109843749997 0.091134225 0.360548934375 0.10828037187499999 0.367709028125 0.1367522484375 0.3727017328125 0.16694386562500002 0.38210670156250004 0.198384146875 0.3839758609375 0.2161680046875 0.3995154140625 0.24385976875 0.422027509375 0.253373503125 0.445277115625 0.2495385390625 0.44897415625 0.22870805624999999
0 0.49663794687499996 0 0.496188903125 0.0029687234375 0.496856334375 0.035631309374999996 0.5302910984375 0.071840825 0.5369915062499999 0.083658590625 0.55759755 0.0974396359375 0.574227475 0.0998657609375 0.591043696875 0.0867535828125 0.5981338625 0.0646032390625 0.5804384015624999 0.035746734375 0.557661840625 0.0074242765625 0.551468453125 0 0.49663794687499996 0
0 0.7076756359374999 0.177132703125 0.6887257906250001 0.15365230000000002 0.6694917546875 0.13052284218750002 0.644375546875 0.10030577656249999 0.6229512671874999 0.0817945765625 0.604332003125 0.0818250765625 0.5868469468749999 0.0967199640625 0.5778678968750001 0.12024611874999999 0.5914696171875 0.14172001875 0.627348190625 0.1806522765625 0.6538681859375 0.21200610625 0.6731365578124999 0.22935256874999999 0.6939117296874999 0.23048680625 0.7116638078124999 0.2181324703125 0.7179013999999999 0.1970349671875 0.7076756359374999 0.177132703125
0 0.7704073421875 0.254661525 0.753045021875 0.233047753125 0.7366503390625 0.2226770015625 0.7228279890625 0.222524403125 0.70987281875 0.23469564062499998 0.70310118125 0.25071204062499997 0.7118055390625 0.273449853125 0.7357532015625 0.294585528125 0.7508591609375 0.3161153765625 0.776879446875 0.33660510781249997 0.797688953125 0.33195635156250003 0.8102938140625 0.315433878125 0.8084246546875 0.2976500203125 0.7930173359375 0.27936261562500003 0.7704073421875 0.254661525
0 0.83940075 0.3703825375 0.8276484640625 0.3858521703125 0.8333958453125 0.3998035875 0.850525478125 0.41309381093750003 0.86247355625 0.427998896875 0.87639380625 0.44333885312500004 0.9001431203125 0.450367984375 0.9209208484375001 0.43523405000000004 0.9173637109375001 0.41666437500000003 0.900670225 0.39326789375 0.8758038718750001 0.36848287812499997 0.858355709375 0.361326596875 0.83940075 0.3703825375
0 0.9743480375000001 0.480241775 0.9599916390625 0.47500807656250005 0.9366098015625001 0.4694386796875 0.9034675703125 0.46061411406249997 0.891132290625 0.4634089640625 0.8851788890625001 0.4841555203125 0.8875331453124999 0.49942680156249997 0.9204573015624999 0.5133044953125 0.9442066140625001 0.5203336281250001 0.9813103515625 0.5271364359375 0.9884812453125 0.52306495 0.9972250515625 0.5074834203125 0.9921293390624999 0.49464078906250003 0.9743480375000001 0.480241775
0 0.9571133749999999 0.52265019375 0.9292188171875001 0.51691295 0.9096636953124999 0.516185609375 0.88673261875 0.51388663125 0.8710874984375 0.5198120281249999 0.864232575 0.5340177453125 0.8687885906249999 0.5522341359375 0.8835498968750001 0.5589578859375 0.9034553265625 0.5640364609375 0.9215062062499999 0.5647078546875 0.9716312281249999 0.56404160625 0.976631603125 0.54542870625 0.9703158406249999 0.5321791796875 0.9571133749999999 0.52265019375
0 0.7183563515625 0.41182194843750003 0.6937665203125001 0.43549050312500004 0.7441019437499999 0.478575646875 0.7587425328124999 0.48345840000000007 0.7751079937500001 0.4670758015625 0.771031421875 0.4568016984375 0.7586987 0.443328375 0.7366227515625 0.4237083859375 0.7183563515625 0.41182194843750003
0 0.8931068249999999 0.5806428578125 0.8840667734375 0.5669304859375 0.875460315625 0.5593800328125 0.862691440625 0.5560129640625 0.8555205499999999 0.5600844515625 0.8247669109375 0.5607481734374999 0.802387046875 0.5606388 0.7925408140625 0.571841121875 0.7912177546875 0.5887832140625 0.8029992625 0.60006693125 0.8199133796875 0.6021421109375 0.85420954375 0.6066713921875 0.8597929109375 0.6007332734374999 0.8881236187500001 0.5963642625000001 0.8931068249999999 0.5806428578125
0 0.7517699890625 0.50163643125 0.7418601953125 0.49186839843749997 0.698259515625 0.4548180234375 0.6835356406249999 0.4481245875 0.6705976421875001 0.457404325 0.662623125 0.4701223328125 0.6807375640625 0.4917640796875 0.6980509359375 0.505784171875 0.719759409375 0.523944425 0.7296030859375 0.5290102765625 0.7429746765624999 0.5258924546875 0.752720459375 0.5157709484375 0.7517699890625 0.50163643125
0 0.6114281874999999 0.365908834375 0.5901043593749999 0.3463168203125 0.57616694375 0.33386836249999996 0.5549435703125 0.31319553125 0.5379289984375 0.31220116875000004 0.5258435718750001 0.3204280671875 0.5196574859374999 0.3328510765625 0.528195271875 0.35196752187499997 0.553563890625 0.3713484640625 0.5844128671875 0.40214027343750003 0.6009080046874999 0.4114302109375 0.619762509375 0.4034550859375 0.6300766734375001 0.392631684375 0.62347671875 0.3797331046875 0.6114281874999999 0.365908834375
0 0.4919019828125 0.4015698296875 0.52113165625 0.4200098296875 0.54666684375 0.44301213749999996 0.565584909375 0.45600736406250003 0.5858432015624999 0.449169003125 0.59224748125 0.4288224234375 0.565075703125 0.3992302453125 0.5323206734375 0.3727057453125 0.505264078125 0.3525389875 0.49105708124999997 0.35381815 0.477266509375 0.3641507296875 0.46964229843750005 0.381219971875 0.4919019828125 0.4015698296875
0 0.6751953562499999 0.5569708375 0.6918742296875 0.56699064375 0.7063825859375 0.5624690328125 0.719136846875 0.5524594265625 0.7147932546875 0.539644771875 0.7033963890625 0.5269292921875001 0.6893413515625 0.518453146875 0.6697055015625 0.4996469484375 0.648614359375 0.48837848125 0.6337041921875 0.49722334999999995 0.6228044781250001 0.5116401421875 0.63578886875 0.526222253125 0.6546064828125 0.5402982953125 0.6751953562499999 0.5569708375
0 0.835323140625 0.6070317828125 0.823223103125 0.60188200625 0.8122083234374999 0.6040029375 0.7977171375000001 0.6056330484375 0.7803179234375001 0.6060704453125 0.7644229499999999 0.6065637921875 0.7542435765625 0.6105233812499999 0.74966218125 0.6219215250000001 0.7542727984375001 0.6372767296874999 0.7649347109375 0.6470727390625 0.782684234375 0.6509865765625 0.8122178218749999 0.6499159578125 0.8278629421874999 0.6439905609375 0.8433071546875001 0.6402267968750001 0.8474549578125 0.6226667359375 0.835323140625 0.6070317828125
0 0.5961393484374999 0.555093253125 0.61298479375 0.5687344249999999 0.6355458375 0.5858418390625 0.6518400671875 0.5972934046875 0.665160153125 0.602850078125 0.6790168421875 0.597219678125 0.688946478125 0.5849576 0.6816286234375 0.5691184921875 0.6617747015625 0.5553654203125 0.6415533 0.5401526171875 0.6238552828125 0.527564284375 0.6086119765625 0.5291664203125 0.5945372124999999 0.539849946875 0.5961393484374999 0.555093253125
0 0.5495035234375 0.4749094578125 0.539610896875 0.46224992656249997 0.5350492296875 0.45448839999999996 0.5243873156250001 0.44469239062500004 0.5143427328125 0.44178817031250006 0.48307477499999996 0.41821111718750004 0.464742259375 0.40162249843750003 0.44520430624999996 0.398003659375 0.4296570828125 0.4191164140625 0.4378445609375 0.4338816234375 0.46423232187499996 0.4558310921875 0.4875626546875 0.4700749828125 0.5059123390625 0.483772103125 0.527103934375 0.49395975625000005 0.5352939703125 0.49245679375 0.5436187953125 0.484090021875 0.5495035234375 0.4749094578125
0 0.6108701640625 0.6239678843750001 0.6271154453125 0.627825771875 0.6416409671875 0.620412665625 0.6460386234375 0.608284653125 0.6399066 0.5957649968750001 0.6293279703125 0.587779671875 0.60937359375 0.575107415625 0.5814644234374999 0.555993496875 0.567808640625 0.5594622671875 0.5543683765625 0.5741460796875 0.55974828125 0.5866377609375 0.5765937250000001 0.6002789328125 0.5961634578125 0.61438295 0.6108701640625 0.6239678843750001
0 0.7355504093749999 0.6575266609375 0.7181855296874999 0.6521810625 0.7063181796875 0.6553548328125001 0.6990124953125 0.66629013125 0.6813437015625 0.6804551515624999 0.667587465625 0.6850047328125 0.6644270265625 0.6946481453125 0.6693390031249999 0.70676090625 0.6805521296875 0.71874651875 0.6958615531250001 0.7218465625 0.70831445625 0.7150794 0.7236410484375 0.715287946875 0.7537970796875 0.6885727703125 0.7490198953125 0.6695961968749999 0.7355504093749999 0.6575266609375
0 0.5275067531250001 0.6044471234375 0.5229253593750001 0.6158452671875 0.53769818125 0.6301323828125 0.55437705625 0.6401521875 0.574248146875 0.651013759375 0.5912112125 0.66068261875 0.6023264421875 0.6574808734375 0.6107345546875 0.6509247828125 0.6176366859375 0.6404878296875001 0.6131282609375 0.6278767234375 0.5976522671875 0.6211553125 0.5805054640625 0.6107565859374999 0.5614869453125 0.5988421734375 0.5486519578125 0.590772925 0.5376200109375 0.5957853531249999 0.5275067531250001 0.6044471234375
0 0.48429510000000003 0.644414353125 0.49052757812500003 0.6558531953125 0.507189284375 0.6687645 0.5432884890625 0.68637545625 0.5566085765625 0.691932128125 0.572753403125 0.6968708312499999 0.5859755953125 0.6872401453125 0.5891532015625 0.6747052375 0.5830211750000001 0.6621855796875 0.5697354265625 0.6508459125 0.5587378171874999 0.6500753453125 0.5320731703125 0.6351651609375 0.5243780953125 0.6245757109375 0.5101882671875 0.6229633765625 0.49878884531249995 0.6265160703125 0.48429510000000003 0.644414353125
0 0.6421445765625 0.7680894265625 0.65631979375 0.7563250859374999 0.6630570953125 0.74609168125 0.6672538453125 0.7361252984375 0.6440846312499999 0.7197689125 0.63176651875 0.7196722640625 0.6168391828125 0.73140863125 0.598535890625 0.7415733609374999 0.5895820140625 0.751673709375 0.595897778125 0.7649232359375 0.6122924609375 0.7752939875 0.63273449375 0.7691854921875 0.6421445765625 0.7680894265625
0 0.6037177796875 0.7782287109375 0.5848658328125 0.7699356640625 0.5721974109375 0.7654877828125 0.562686875 0.7676646625 0.5597101734375001 0.778037940625 0.5400692109375 0.7917680890625001 0.5288535249999999 0.79605065 0.5283830390625 0.8119399015625 0.543173028125 0.8233355187500001 0.5571619515624999 0.82710948125 0.5657538 0.8212832625 0.5832534671875 0.8197650484375 0.6012064515625 0.805249084375 0.60842885 0.7925031015624999 0.6037177796875 0.7782287109375
0 0.49372524687499997 0.6624288265625 0.47380264843750003 0.6602417484374999 0.46094793437500003 0.6713321703124999 0.45823825781250005 0.684246 0.4685988109375 0.697284453125 0.507873065625 0.7186286749999999 0.52881480625 0.7233842796875 0.5444770937500001 0.714567384375 0.5445801046875001 0.6972183984375 0.5389992921875 0.68688834375 0.5241749687499999 0.681275721875 0.49372524687499997 0.6624288265625
0 0.4474313234375 0.7463864953125 0.4694754921875 0.755521309375 0.48307977031249993 0.7607270328125 0.5073167375 0.7489754171875 0.5037424328125 0.7332972390625 0.4883007765625 0.72079283125 0.45978888749999997 0.7081638015625 0.44036855625 0.7005726484375 0.4243387921875 0.70792980625 0.4157958921875 0.7213497078125 0.4259898765625 0.7307667921875 0.4474313234375 0.7463864953125
0 0.3929277875 0.754373290625 0.40696565781249994 0.7657409328125 0.43444123437500004 0.778692934375 0.45247495000000004 0.782255825 0.47667560781249996 0.7782031703125 0.4763126625 0.7585592937500001 0.46065293125 0.7511080140625 0.43488249999999995 0.736050334375 0.41987443437499994 0.72970784375 0.40725496406249995 0.7328536406249999 0.39364812968749996 0.7439160874999999 0.3929277875 0.754373290625
0 0.41977829218749996 0.775674778125 0.3955953859375 0.762483728125 0.366130471875 0.751988353125 0.345722775 0.7523138515625 0.334556040625 0.7641900921875 0.337294940625 0.7780296109375 0.3545421953125 0.7873475234375 0.370368496875 0.79842016875 0.39436766562500003 0.8108813515625 0.4193713640625 0.8125343828125 0.437456584375 0.8074227796875 0.4373758546875 0.7893439234375 0.41977829218749996 0.775674778125
0 0.40768263749999994 0.8489743687500001 0.3889114171875 0.8587601781249999 0.392284815625 0.8765999859375 0.42199958437499996 0.8925274109375 0.4449306625 0.8948263875 0.46523790312499996 0.8955817046875 0.4741654484375 0.8807300421875001 0.4654439234375 0.860883728125 0.43860284375 0.8519320140625 0.40768263749999994 0.8489743687500001
0 0.4963126265625 0.872515865625 0.480532715625 0.8853050734375 0.48495959375000003 0.8999304109375 0.5170140078125 0.9177524421875001 0.5310200984375 0.9186349078125 0.54843648125 0.9153060125 0.554923928125 0.8996405578125 0.5451978734375 0.89060239375 0.5267305671875 0.8808775843750001 0.4963126265625 0.872515865625
0 0.5795601515625 0.8998338546875001 0.562812603125 0.9013800421875 0.5473168859374999 0.9138183015625 0.5572927953125 0.928288515625 0.5885118031250001 0.9442718890625 0.597270221875 0.9420670343750001 0.613348934375 0.9423035562500001 0.6219090031250001 0.9259921562500001 0.6139885484375001 0.913767496875 0.5970916 0.9088008203125 0.5795601515625 0.8998338546875001
0 0.6380468921875 0.868749665625 0.6208142484375 0.8728084296875 0.6167007828125 0.8845854953125001 0.6236853796874999 0.8960523125 0.6453277359375 0.909510384375 0.6599022078125001 0.9096909562500001 0.6744766796875 0.9098715296875 0.6866625578125001 0.9005638140625001 0.6765029109375 0.8853637328125 0.6592556546874999 0.8760458218749999 0.6380468921875 0.868749665625
0 0.68625563125 0.937423421875 0.6749077140625 0.9323016203125001 0.6589466234375 0.9280927859375 0.64241715 0.9245858437500001 0.631635059375 0.9350303234374999 0.6346581515625 0.9485188953125 0.64281385 0.9527989296875001 0.6539608609374999 0.9600823593750001 0.6665288265625 0.965611059375 0.6722787640625 0.9632943046875001 0.683376828125 0.96298405625 0.69038115 0.955291203125 0.693073659375 0.945268871875 0.68625563125 0.937423421875
0 0.7325247125 0.90516176875 0.7224801296875001 0.902257546875 0.7100126171875 0.895648034375 0.6992159124999999 0.8927158374999999 0.6840387234375 0.8990201546875 0.6806112609375 0.9061230140625 0.686209240625 0.9135615671874999 0.6917067671875 0.9220809390625 0.700881609375 0.9289294984375 0.7099731671875 0.9339673765625 0.7199516328125 0.9321694171875 0.7293788859375 0.928181853125 0.7381373046874999 0.9259769984374999 0.7418489578125 0.9185231937499999 0.7325247125 0.90516176875
0 0.7066118218749999 0.945772415625 0.6967166390624999 0.9493810578125 0.6871889328125 0.9544494374999999 0.686402475 0.96020445625 0.6896436421875001 0.9686399031249999 0.6982501015625 0.9761903562500001 0.709497565625 0.9823929734375 0.7218156765625 0.982489621875 0.7298391453125 0.9773652937499999 0.7391831125 0.9715670484375 0.7411406703125001 0.95862524375 0.7253804859375 0.9522547781249999 0.7066118218749999 0.945772415625
0 0.3434185625 0.9503394999999999 0.32737163125 0.96058815625 0.319715640625 0.9671722203125 0.32624947656250003 0.9753686171875 0.3416421859375 0.9802793453125 0.3572701375 0.977245446875 0.37612464375 0.9692703203124999 0.38964819375 0.956397190625 0.3818453578125 0.9402002171875001 0.3586987640625 0.926686196875 0.34417323906249997 0.9340993015624999 0.3434185625 0.9503394999999999
0 0.37993675 0.9607357015625 0.3716119234375 0.9691024734375 0.36086416718750003 0.9737639546875 0.3529583234375 0.9749159687500001 0.35843868125 0.9863268375 0.376555678125 0.9917004109375 0.392869634375 0.9839923078125 0.41023706875 0.9730697328125 0.416908253125 0.9581341468750001 0.4079514859375 0.9462324593749999 0.392541609375 0.9442132296875 0.3824455203125 0.9499835015625001 0.37993675 0.9607357015625
0 0.4435738578125 1 0.453556115625 0.9942028828125 0.46021013125000004 0.98215879375 0.44914896249999997 0.9604178734375 0.4320682765625 0.954721328125 0.42374345 0.9630881 0.4088161140625 0.974824465625 0.3991879546875 0.9809736609374999 0.39689725781249996 0.98667273125 0.3968457515625 0.9953472265625001 0.40447664687499996 1 0.4435738578125 1