0 0.7184952531250001 0.7873763078125 0.661121321875 0.7167338015625 0.6255264125 0.7262750140625001 0.6903952906249999 0.8124843374999999 0.711642790625 0.8097897 0.7184952531250001 0.7873763078125
0 0.6061904 0.78061321875 0.5983782703125 0.801712028125 0.640936865625 0.8851851484375001 0.679537709375 0.8969866109375 0.698659646875 0.8834302890625001 0.6402784171875 0.784907871875 0.6061904 0.78061321875
0 0.5329307671875 0.9267107546875 0.40789636093750004 0.8680602343749999 0.391701059375 0.9121256343749999 0.51502235 0.976379503125 0.5329307671875 0.9267107546875
0 0.3835636296875 0.8585786046875 0.2856378515625 0.8092372062500001 0.26809425 0.84880565625 0.368121775 0.8957260734375 0.3835636296875 0.8585786046875
0 0.231031965625 0.7874365953125 0.1517840140625 0.74380558125 0.12168541718749999 0.77545085 0.2087931296875 0.824548384375 0.231031965625 0.7874365953125
0 0.0327059953125 0.750289478125 0.129965475 0.7483679999999999 0.1386103484375 0.711184853125 0.0334118125 0.7168062171875 0.0327059953125 0.750289478125
0 0.244379925 0.70369570625 0.3100100984375 0.7339726984375 0.33408897656250003 0.70865648125 0.2728685171875 0.6817700421875 0.244379925 0.70369570625
0 0.39798221875 0.73125415625 0.5035615375 0.7778295609375 0.5230244765625 0.7408902765625001 0.4223228 0.691721384375 0.39798221875 0.73125415625
0 0.5409328906249999 0.691221528125 0.434314609375 0.6524979484375 0.4135033703125 0.6849402812500001 0.5235717 0.7257398296875001 0.5409328906249999 0.691221528125
0 0.5653527703125001 0.64252235 0.4541423640625 0.6054583671875 0.44165881249999994 0.6373831796875 0.5525837 0.6753810546875 0.5653527703125001 0.64252235
0 0.46595176406250005 0.5712850781250001 0.461407271875 0.5995100046874999 0.5618789078125 0.6271637171875 0.5678509968750001 0.5942693328125 0.46595176406250005 0.5712850781250001
0 0.58401463125 0.58593566875 0.5822538859375 0.5649736875 0.5652891734375001 0.5536599546875001 0.4930682421875 0.5315798 0.47433493281250005 0.5483184859375 0.49677214062499997 0.5684536125 0.546267965625 0.577149521875 0.58401463125 0.58593566875
0 0.6344055609375 0.6683156421875001 0.707502825 0.7544691484375 0.741808503125 0.7380265828125 0.665026784375 0.654889834375 0.6344055609375 0.6683156421875001
0 0.6477724890625 0.606525284375 0.717574659375 0.6962289125 0.7563435203125 0.6778363109375001 0.6872557296874999 0.5966375125 0.6477724890625 0.606525284375
0 0.7413384421875 0.5841697875 0.70425243125 0.5446576296875 0.678042890625 0.5490741984375 0.6698727437499999 0.563149171875 0.7198077359374999 0.6202622515625 0.7406048421875 0.62993513125 0.762299703125 0.6204094 0.76320711875 0.6065999109375 0.7413384421875 0.5841697875
0 0.7225459109375 0.47940162031250005 0.7002203390624999 0.48376267500000003 0.693166784375 0.49237853125 0.7327981484375 0.5434412281250001 0.7528680249999999 0.5591065875 0.7750777546875 0.5551244390625001 0.784267975 0.5467475046875 0.7773237843749999 0.529708896875 0.7633388875 0.506788840625 0.7426479609375 0.491347928125 0.7225459109375 0.47940162031250005
0 0.8144610796875 0.44618340156249997 0.8104837781249999 0.4375096421875 0.7296733671875 0.4036883578125 0.7122518390625 0.41369193906249996 0.7085867078125 0.42748695156250005 0.7920808265625 0.46337168906250004 0.8144610796875 0.44618340156249997
0 0.7700961984375 0.37627204375 0.7451834374999999 0.3674124875 0.7286146421875 0.3764338109375 0.7288334796875 0.390173309375 0.7583767625 0.4037631265625 0.794330040625 0.4180697140625 0.8108441546874999 0.4218756234375 0.8204655734375 0.41570212343749996 0.8277829859375 0.40260940625 0.8185219421875001 0.393148884375 0.795082965625 0.3830826234375 0.7700961984375 0.37627204375
0 0.7651470265625 0.3237974515625 0.7462323921875 0.3242294796875 0.7348089875 0.34352464843749997 0.7740026765625 0.36710834999999997 0.8029249093749999 0.3809226140625 0.8164077875 0.3838017828125 0.83100725625 0.38122183125000003 0.8406190140625001 0.36965920625000004 0.8324842234375 0.36012869531249997 0.7968688109375 0.3392962671875 0.7651470265625 0.3237974515625
0 0.5038595625 0.515294096875 0.512087684375 0.5335538843750001 0.5900373875 0.5532422890625 0.600511540625 0.546086534375 0.60740741875 0.5361795078125 0.5988414296875 0.5244455609374999 0.55663583125 0.510713371875 0.5167760734375 0.505570478125 0.5038595625 0.515294096875
0 0.56640625 0.48984375 0.1140625 0.0703125
0 0.5463720546874999 0.43049846093750005 0.6444232624999999 0.4537537796875 0.65806656875 0.42476336875 0.561438859375 0.39880635 0.5463720546874999 0.43049846093750005
0 0.569983296875 0.3610869859375 0.5564200375 0.3878612203125 0.6497239140625 0.41100952343749997 0.6613520421875 0.3827474 0.569983296875 0.3610869859375
0 0.616624784375 0.3668322578125 0.6180969765625 0.34442774374999996 0.5346393015625 0.3301154109375 0.5301495671875001 0.3565267953125 0.616624784375 0.3668322578125
0 0.5261922515624999 0.32842914843750004 0.4452161375 0.3157717640625 0.43719722968749997 0.3420004296875 0.509601 0.3533813734375 0.522784928125 0.3493457734375 0.5261922515624999 0.32842914843750004
0 0.4038928734375 0.37080553906249997 0.47722941093750004 0.3869529546875 0.48877749374999996 0.36090700625 0.424980865625 0.346779975 0.4038928734375 0.37080553906249997
0 0.47458775624999994 0.38973035624999997 0.405326821875 0.3739327203125 0.389908478125 0.397002890625 0.4592599078125 0.41641323437500005 0.47033816249999993 0.40949321406249994 0.47458775624999994 0.38973035624999997
0 0.37020918593749996 0.42234928437499997 0.3700699953125 0.43843939218749994 0.44492052812500005 0.4554978140625 0.4545648328125 0.44545061406249997 0.4597019453125 0.4286478765625 0.383497509375 0.40624610156249996 0.37020918593749996 0.42234928437499997
0 0.3538232765625 0.44467551250000004 0.344735853125 0.46071865 0.3490029046875 0.47412271562499997 0.389188175 0.48730484531249996 0.435533821875 0.49206341093750006 0.439442328125 0.46950749375 0.44103637031250004 0.4682023234375 0.3538232765625 0.44467551250000004
0 0.3446976109375 0.48625034375 0.33138494218750003 0.51220493125 0.40749888125 0.530994003125 0.4225413390625 0.5091533 0.39008614375 0.4960938453125 0.3446976109375 0.48625034375
0 0.4024766125 0.541558040625 0.3343433375 0.522071996875 0.319440071875 0.5278225921875 0.3174457953125 0.5402086374999999 0.325527409375 0.5489532484375 0.3493197625 0.557123559375 0.386772878125 0.5694703859375 0.40095917031250006 0.5621562015625 0.4024766125 0.541558040625
0 0.38704437187499996 0.5803085 0.305365178125 0.5504072390625 0.2844929796875 0.577635684375 0.3687790296875 0.608782071875 0.368483190625 0.607795365625 0.38704437187499996 0.5803085
0 0.3694716578125 0.62019706875 0.2856519921875 0.5914339171874999 0.27415960781250004 0.625115096875 0.358605753125 0.651829134375 0.3694716578125 0.62019706875
0 0.3509870765625 0.6669769234375 0.2685004109375 0.63189936875 0.2502350703125 0.6603729406250001 0.33620566093750004 0.6938268625 0.3509870765625 0.6669769234375
0 0.13926798125 0.6735005015625 0.1331458453125 0.6563923734375 0.11167495937500001 0.6543093609375 0.022540746875 0.6839707500000001 0.040113576562499996 0.7144385609375 0.135554365625 0.687601540625 0.13926798125 0.6735005015625
0 0.196427278125 0.617482603125 0.182439321875 0.59483274375 0.10416756875 0.6143712359375 0.095661375 0.626558909375 0.1106621453125 0.6517590640625001 0.18439191093750001 0.6294875578125 0.196427278125 0.617482603125
0 0.19784021093749998 0.538595646875 0.121479240625 0.5694734328125 0.1326654484375 0.5993330453125 0.21823569062499998 0.5735114640625001 0.21467516406249998 0.5558421078125 0.19784021093749998 0.538595646875
0 0.2702786640625 0.475597684375 0.271246228125 0.47634162812499997 0.2568928375 0.46075011874999994 0.24003353593750001 0.453355065625 0.1992705984375 0.49287561562500004 0.1960686171875 0.5111662421875 0.22831847187499998 0.526851696875 0.2702786640625 0.475597684375
0 0.2827038125 0.446682978125 0.31816253906249997 0.4010594703125 0.2865496140625 0.38915378125 0.2542441765625 0.43618947500000005 0.2827038125 0.446682978125
0 0.355570290625 0.3412435671875 0.3311862578125 0.3310998421875 0.3115809078125 0.338549771875 0.2955813359375 0.3654754140625 0.29792370468749996 0.38322047187499997 0.320282109375 0.388263603125 0.3355160140625 0.3794771859375 0.355570290625 0.3412435671875
0 0.250850515625 0.30071305625 0.27557563749999997 0.3136498390625 0.311072721875 0.31285101875 0.3182702609375 0.29712634531250004 0.2632965671875 0.2834561078125 0.250850515625 0.30071305625
0 0.4447322953125 0.2802216015625 0.4455188671875 0.27374013750000004 0.4497441140625 0.2638286859375 0.44619403750000003 0.251988209375 0.4202612109375 0.24495600781250002 0.383170084375 0.24706 0.3700732078125 0.2762174703125 0.4447322953125 0.2802216015625
0 0.8784900796875 0.3057316984375 0.813475296875 0.2916803671875 0.794548678125 0.32622558281249997 0.8775956718750001 0.345789909375 0.8952240843749999 0.313536575 0.8784900796875 0.3057316984375
0 1 0.20687381093749999 0.9961882093750001 0.20413984843750002 0.9548857312499999 0.20047500468749999 0.9002044343750001 0.20930064062499998 0.8985825999999999 0.2419663859375 0.9905464703125 0.244091046875 0.992164859375 0.23293447031249997 0.9956278812500001 0.219653075 1 0.21607327187499997 1 0.20687381093749999
0 0.775900328125 0.2582342 0.87383313125 0.23888100781250002 0.874414359375 0.2350255421875 0.8692702406249999 0.2244902359375 0.844339778125 0.21417945 0.82741088125 0.214829453125 0.78717691875 0.2213501359375 0.76447398125 0.23502311250000002 0.775900328125 0.2582342
0 0.7355236125 0.23199778124999998 0.657251859375 0.2515362734375 0.666924071875 0.2804848796875 0.75944826875 0.267096315625 0.761682684375 0.24806174374999998 0.7355236125 0.23199778124999998
0 0.5119814953125 0.2752383609375 0.598185221875 0.2747057109375 0.5963231296875 0.2436636015625 0.515287871875 0.2448801515625 0.5119814953125 0.2752383609375
0 0.2935938328125 0.26448674687499996 0.35922464375 0.2706600828125 0.3651935765625 0.24918223125 0.3059841859375 0.23959456562499998 0.2935938328125 0.26448674687499996
0 0.9913085765625 0.177104609375 0.998704453125 0.1314158921875 0.960409065625 0.1179152984375 0.9473992421874999 0.172194640625 0.9913085765625 0.177104609375
0 0.93097841875 0.12818701875 0.890949796875 0.13208170624999999 0.9127548796875 0.1799761078125 0.9490385328125001 0.17269582187500002 0.93097841875 0.12818701875
0 0.8747831250000001 0.1361016484375 0.84412386875 0.140620190625 0.8614322124999999 0.1875879328125 0.898648634375 0.1850741171875 0.8991846140625 0.1794122984375 0.8747831250000001 0.1361016484375
0 0.8325723421875001 0.1881753046875 0.8208988484375 0.14427469843750002 0.7845246968749999 0.1479422796875 0.796619325 0.1924197703125 0.8325723421875001 0.1881753046875
0 0.7841976203125001 0.1998253125 0.7660922546875 0.15351015625 0.73245025625 0.158013040625 0.7480392609375001 0.206695778125 0.7841976203125001 0.1998253125
0 0.725030034375 0.21355316562499999 0.7239684078125 0.1603493046875 0.684190378125 0.16342434687500002 0.6921850546874999 0.217403465625 0.725030034375 0.21355316562499999
0 0.6279081484375 0.216573484375 0.631684353125 0.1670893453125 0.5939667484375 0.1712424515625 0.589052434375 0.21858611875 0.6279081484375 0.216573484375
0 0.5646440546875 0.2182938015625 0.589856346875 0.1749152015625 0.5560681484375001 0.1681701484375 0.537994253125 0.2096980078125 0.5646440546875 0.2182938015625
0 0.5406427984375 0.1639022734375 0.5238844453125 0.16594880625 0.49862690625 0.20752105312500002 0.5342597375 0.21214129062499998 0.5518324515625 0.1722527203125 0.5406427984375 0.1639022734375
0 0.46306367187499997 0.1948557625 0.49180869843749997 0.20050709375000003 0.5191266640625 0.1600129109375 0.4905869796875 0.1517355828125 0.46306367187499997 0.1948557625
0 0.42646327812499996 0.189491584375 0.45445653124999996 0.1976018515625 0.4827873109375 0.159657965625 0.45949614062500005 0.1498483609375 0.42646327812499996 0.189491584375
0 0.4004504046875 0.18467555625 0.4219769875 0.1943938015625 0.45320001562499995 0.1528528671875 0.4249457203125 0.1397333671875 0.4004504046875 0.18467555625
0 0.3556987984375 0.178611821875 0.3900334265625 0.1855239328125 0.41088472343750004 0.1466377296875 0.3856584203125 0.13534023906249998 0.3556987984375 0.178611821875
0 0.3222969390625 0.17646618125 0.35347471874999997 0.13311889375 0.3246287421875 0.11802598125 0.2981634984375 0.165502809375 0.3222969390625 0.17646618125
0 0.7871941421875001 0.11380430625 0.8675158734374999 0.089515 0.834183609375 0.0793243046875 0.7793074203125 0.0966048171875 0.7871941421875001 0.11380430625
0 0.6948404906250001 0.12858940000000002 0.77073163125 0.11683754375 0.761741596875 0.093475053125 0.688070975 0.10187262500000001 0.6948404906250001 0.12858940000000002
0 0.6818410015625 0.11834124374999999 0.6708357890625 0.09570704062499999 0.6240899093750001 0.10202934999999999 0.6051214875 0.11325904687499999 0.6032734093750001 0.1368930296875 0.6847994 0.12820830625 0.6818410015625 0.11834124374999999
0 0.595101296875 0.1245357140625 0.5764321609375 0.1152429484375 0.5426892125 0.1103042484375 0.5230838640625 0.11775417968749999 0.5305494515625 0.134376784375 0.5859233765625 0.136966146875 0.595101296875 0.1245357140625
0 0.5125868390625 0.12081873125 0.525805565625 0.112760603125 0.5196486328125001 0.0996750015625 0.503972690625 0.0962267734375 0.4719699828125 0.10123083906250001 0.4655137671875 0.1086676953125 0.47449335000000004 0.1262013046875 0.5125868390625 0.12081873125
0 0.2429185453125 0.281707215625 0.187955303125 0.2738658578125 0.1769432 0.29424998750000003 0.23220228125000003 0.3030780515625 0.2429185453125 0.281707215625
0 0.2736647359375 0.2319541671875 0.2336709125 0.23182632656250002 0.2198118140625 0.25761385625 0.284770896875 0.264029953125 0.295783 0.2436458234375 0.2736647359375 0.2319541671875
0 0.19930849374999998 0.2562747875 0.20920338906249997 0.24540794375 0.21032059687500002 0.23589065781250002 0.196865175 0.2290881453125 0.1710228453125 0.225668646875 0.155106765625 0.2288689453125 0.147327996875 0.2484490859375 0.19930849374999998 0.2562747875