0 0.609375 0.6145833328125 0.5973011359375 0.5227272734375 0.5532670453125 0.5179924234375 0.5404829546875 0.5823863640625 0.5369318187500001 0.6429924234375 0.5617897734375 0.665719696875 0.6022727265625 0.6666666671875 0.609375 0.6145833328125
0 0.49928977343750003 0.6553030296875 0.5198863640625 0.5274621203125001 0.463778409375 0.5227272734375 0.426846590625 0.6458333328125 0.42755681875 0.6524621203125001 0.45667613593749995 0.665719696875 0.49928977343750003 0.6553030296875
0 0.5731534093749999 0.7727272734375 0.5532670453125 0.7613636359375 0.5298295453125 0.7632575765625 0.5014204546875 0.7859848484375 0.4921875 0.8143939390625 0.515625 0.8465909093749999 0.6789772734375 0.8674242421875 0.6193181812499999 0.8125 0.5731534093749999 0.7727272734375
0 0.5660511359375 0.7660984843749999 0.5255681812499999 0.7613636359375 0.49360795468749996 0.803030303125 0.5191761359375 0.8484848484375 0.6761363640625 0.8664772734374999 0.5660511359375 0.7660984843749999
0 0.39985795468749996 0.6325757578125 0.42613636406250005 0.584280303125 0.43039772656249997 0.5539772734375 0.424715909375 0.5303030296875 0.38352272656249997 0.5265151515625 0.3650568171875 0.5359848484375 0.33664772656249997 0.6003787875000001 0.3238636375 0.6410984843749999 0.34375 0.665719696875 0.38139204531250004 0.6590909093749999 0.39985795468749996 0.6325757578125
0 0.28835227343750003 0.6515151515625 0.31321022656249997 0.6354166671875 0.33522727343750003 0.6013257578125 0.36008522656249997 0.5482954546875 0.35227272656249997 0.5293560609375 0.33522727343750003 0.5132575765625 0.3082386375 0.5170454546875 0.27982954531250004 0.5454545453125 0.2599431828125 0.5804924234375 0.237215909375 0.6259469703125 0.2400568171875 0.64393939375 0.26065340937500003 0.6524621203125001 0.28835227343750003 0.6515151515625
0 0.2088068171875 0.6496212124999999 0.2365056828125 0.6212121203125001 0.2613636375 0.584280303125 0.28125 0.5473484843749999 0.28053977343750003 0.5293560609375 0.2698863625 0.51231060625 0.247159090625 0.5066287875000001 0.2272727265625 0.51231060625 0.1960227265625 0.540719696875 0.1839488625 0.5615530296875 0.17045454531249998 0.5899621203125001 0.15482954531249998 0.6278409093749999 0.15767045468750002 0.6458333328125 0.1761363625 0.6553030296875 0.2088068171875 0.6496212124999999
0 0.1285511375 0.6505681828125 0.15127840937499998 0.6354166671875 0.1605113625 0.61268939375 0.17755681875 0.5795454546875 0.1953125 0.5445075765625 0.17826704531249998 0.5426136359375 0.14346590937499998 0.5445075765625 0.1171875 0.5558712124999999 0.096590909375 0.5767045453125 0.069602271875 0.6079545453125 0.061789771874999996 0.6429924234375 0.067471590625 0.6543560609375 0.1001420453125 0.6609848484375 0.1285511375 0.6505681828125
0 0.0894886375 0.5890151515625 0.11150568125 0.5653409093749999 0.1328125 0.55018939375 0.14346590937499998 0.5520833328125 0.13068181875 0.5284090906250001 0.11150568125 0.5132575765625 0.08380681875 0.5179924234375 0.05255681875 0.5359848484375 0.026278409375 0.5606060609375 0.0014204546874999999 0.5975378796874999 0.0063920453125 0.6505681828125 0.036221590625 0.6496212124999999 0.05255681875 0.63731060625 0.0703125 0.6136363640625 0.0894886375 0.5890151515625
0 0.6534090906250001 0.42613636406250005 0.6413352265625 0.41761363593749995 0.6178977265625 0.42613636406250005 0.6136363640625 0.48579545468749996 0.6171875 0.4895833328125 0.6590909093749999 0.490530303125 0.6534090906250001 0.42613636406250005
0 0.6015625 0.43181818281249995 0.5568181812499999 0.42329545468749996 0.5454545453125 0.47537878750000007 0.5539772734375 0.4924242421875 0.5916193187500001 0.49147727343750003 0.6015625 0.43181818281249995
0 0.5383522734375 0.4270833328125 0.5234375 0.41761363593749995 0.49289772656249997 0.4138257578125 0.47869318125 0.4422348484375 0.47230113593749995 0.47727272656249997 0.5198863640625 0.490530303125 0.5340909093749999 0.459280303125 0.5383522734375 0.4270833328125
0 0.47869318125 0.44412878750000007 0.47443181875 0.42140151562500006 0.432528409375 0.415719696875 0.42258522656249997 0.4299242421875 0.409090909375 0.4583333328125 0.40838068125 0.48106060624999997 0.4609375 0.4820075765625 0.47301136406250005 0.459280303125 0.47869318125 0.44412878750000007
0 0.40980113593749995 0.46212121249999993 0.41761363593749995 0.4422348484375 0.41193181875 0.4299242421875 0.375 0.42518939375000003 0.36008522656249997 0.4412878796875 0.3473011375 0.4678030296875 0.3458806828125 0.48484848437499994 0.3792613625 0.490530303125 0.39559659062499997 0.48295454531250004 0.40980113593749995 0.46212121249999993
0 0.34446022656249997 0.4299242421875 0.3160511375 0.428030303125 0.29616477343750003 0.44318181718750005 0.28409090937500003 0.4649621203125 0.28196022656249997 0.49147727343750003 0.3323863625 0.49147727343750003 0.34872159062499997 0.4649621203125 0.3629261375 0.4375 0.34446022656249997 0.4299242421875
0 0.3068181828125 0.428030303125 0.296875 0.4166666671875 0.27059659062499997 0.4195075765625 0.245028409375 0.41761363593749995 0.2279829546875 0.43181818281249995 0.2194602265625 0.4479166671875 0.2109375 0.4649621203125 0.2116477265625 0.48579545468749996 0.245028409375 0.49147727343750003 0.27414772656249997 0.4820075765625 0.29403409062499997 0.44981060624999997 0.3068181828125 0.428030303125
0 0.213778409375 0.42140151562500006 0.19318181875 0.4195075765625 0.17400568125 0.42045454531250004 0.15411931875 0.434659090625 0.14275568125 0.44886363593749995 0.1399147734375 0.47537878750000007 0.13920454531249998 0.48579545468749996 0.1711647734375 0.48768939375000003 0.1946022734375 0.48295454531250004 0.2116477265625 0.46212121249999993 0.231534090625 0.42613636406250005 0.213778409375 0.42140151562500006
0 0.16264204531249998 0.43087121249999993 0.13068181875 0.42613636406250005 0.10440340937499999 0.43181818281249995 0.0823863625 0.44602272656249997 0.0745738625 0.465909090625 0.0823863625 0.48295454531250004 0.1107954546875 0.48484848437499994 0.13139204531249998 0.47443181718750005 0.14701704531249998 0.45170454531250004 0.16264204531249998 0.43087121249999993
0 0.071022728125 0.4337121203125 0.041903409375 0.44602272656249997 0.026278409375 0.4554924234375 0.034090909375 0.48768939375000003 0.07173295468749999 0.48484848437499994 0.078125 0.4640151515625 0.09588068125 0.4365530296875 0.071022728125 0.4337121203125
0 0.6342329546875 0.3541666671875 0.6150568187500001 0.3541666671875 0.5973011359375 0.3475378796875 0.5731534093749999 0.35795454531250004 0.5603693187500001 0.37215909062499997 0.5681818187500001 0.4015151515625 0.6044034093749999 0.4071969703125 0.6441761359375 0.38731060624999997 0.6505681812499999 0.36742424218749997 0.6342329546875 0.3541666671875
0 0.5326704546875 0.3428030296875 0.5021306812499999 0.3551136359375 0.4921875 0.3740530296875 0.49076704531250004 0.3948863640625 0.5028409093749999 0.40625 0.5355113640625 0.4053030296875 0.5589488640625 0.39204545468749996 0.5816761359375 0.35606060624999997 0.5596590906250001 0.3551136359375 0.5326704546875 0.3428030296875
0 0.7194602265625 0.3702651515625 0.7379261359375 0.34659090937500003 0.7372159093749999 0.3304924234375 0.7102272734375 0.3238636359375 0.6867897734375 0.3257575765625 0.6747159093749999 0.34659090937500003 0.6619318187500001 0.35795454531250004 0.6519886359375 0.36742424218749997 0.6569602265625 0.38257575781250003 0.6633522734375 0.39204545468749996 0.6953125 0.39393939375000003 0.7194602265625 0.3702651515625
0 0.7926136359375 0.3494318171875 0.7805397734375 0.33522727343750003 0.7585227265625 0.33143939375000003 0.7428977265625 0.3399621203125 0.7201704546875 0.36647727343750003 0.7095170453125 0.3948863640625 0.7393465906250001 0.403409090625 0.7613636359375 0.3996212125 0.7848011359375 0.375 0.7926136359375 0.3494318171875
0 0.8245738640625 0.41761363593749995 0.8132102265625001 0.3806818171875 0.7826704546875 0.38920454531250004 0.7563920453125 0.4053030296875 0.7556818187500001 0.42045454531250004 0.7727272734375 0.45170454531250004 0.8153409093749999 0.4583333328125 0.8309659093749999 0.44981060624999997 0.8245738640625 0.41761363593749995
0 0.8579545453125 0.5833333328125 0.9019886359375 0.5767045453125 0.9055397734374999 0.55018939375 0.890625 0.5113636359375 0.8764204546875 0.48768939375000003 0.8465909093749999 0.478219696875 0.82244318125 0.48295454531250004 0.7961647734375 0.4867424234375 0.7919034093749999 0.51893939375 0.8252840906250001 0.5653409093749999 0.8352272734374999 0.5871212124999999 0.83380681875 0.5757575765625 0.8579545453125 0.5833333328125
0 1 0.6458333328125 0.9673295453125 0.5965909093749999 0.9460227265625001 0.58143939375 0.9133522734374999 0.58143939375 0.8721590906250001 0.5823863640625 0.8501420453125 0.5899621203125001 0.8430397734374999 0.6278409093749999 0.9048295453125 0.7613636359375 0.9346590906250001 0.7840909093749999 0.9971590906250001 0.7774621203125001 1 0.6458333328125
0 0.40696022656249997 0.3541666671875 0.38565340937500003 0.375 0.37357954531250004 0.3740530296875 0.3636363625 0.3863636359375 0.3728693171875 0.4043560609375 0.46235795468749996 0.396780303125 0.455965909375 0.36079545468749996 0.442471590625 0.35132575781250003 0.40696022656249997 0.3541666671875
0 0.31107954531250004 0.365530303125 0.2933238625 0.3683712125 0.2769886375 0.3816287875 0.26278409062499997 0.391098484375 0.2535511375 0.3929924234375 0.2613636375 0.4109848484375 0.33096590937500003 0.4053030296875 0.33877840937500003 0.3863636359375 0.328125 0.375 0.31107954531250004 0.365530303125
0 0.2414772734375 0.3712121203125 0.2244318171875 0.36268939375000003 0.2116477265625 0.3617424234375 0.1917613625 0.365530303125 0.17471590937499998 0.3787878796875 0.16264204531249998 0.39772727343750003 0.16193181875 0.4071969703125 0.2123579546875 0.41287878750000007 0.2428977265625 0.409090909375 0.2478693171875 0.38731060624999997 0.2414772734375 0.3712121203125
0 0.026988635937499998 0.39867424218749997 0.00213068125 0.3948863640625 0 0.4450757578125 0.0504261375 0.43087121249999993 0.061079545312500004 0.41761363593749995 0.053977271874999996 0.40056818281249995 0.026988635937499998 0.39867424218749997
0 0.13139204531249998 0.3731060609375 0.12002840937499999 0.3693181828125 0.09517045468749999 0.3702651515625 0.07670454531250001 0.3702651515625 0.0660511375 0.3797348484375 0.063210228125 0.39393939375000003 0.06463068125 0.40625 0.090909090625 0.4053030296875 0.1136363625 0.3948863640625 0.13423295468750002 0.384469696875 0.13139204531249998 0.3731060609375
0 0.18465909062500002 0.358901515625 0.18607954531249998 0.3494318171875 0.1725852265625 0.34375 0.15767045468750002 0.34090909062499997 0.1335227265625 0.3484848484375 0.1186079546875 0.36079545468749996 0.13139204531249998 0.3731060609375 0.15056818125 0.3712121203125 0.18465909062500002 0.358901515625
0 0.19815340937499998 0.321969696875 0.18252840937499998 0.3371212125 0.2009943171875 0.35227272656249997 0.2407670453125 0.33522727343750003 0.231534090625 0.3191287875 0.2130681828125 0.31534090937500003 0.19815340937499998 0.321969696875
0 0.0007102265624999999 0.334280303125 0 0.3570075765625 0.019176137500000003 0.36647727343750003 0.0383522734375 0.3570075765625 0.0213068171875 0.34375 0.007102271875000001 0.33522727343750003 0.0007102265624999999 0.334280303125
0 0.0745738625 0.3125 0.0546875 0.3181818171875 0.057528409375 0.3323863640625 0.093039771875 0.3399621203125 0.088778409375 0.3390151515625 0.1079545453125 0.3323863640625 0.1079545453125 0.3238636359375 0.09943181875 0.3087121203125 0.0745738625 0.3125
0 0.019176137500000003 0.3323863640625 0.015625 0.3390151515625 0.04474431875 0.358901515625 0.0738636375 0.35132575781250003 0.06818181875 0.3333333328125 0.0504261375 0.327651515625 0.019176137500000003 0.3323863640625
0 0.1001420453125 0.3020833328125 0.086647728125 0.3068181828125 0.10369318125 0.3106060609375 0.1129261375 0.3333333328125 0.13423295468750002 0.3257575765625 0.1285511375 0.3125 0.1186079546875 0.30018939375000003 0.1001420453125 0.3020833328125
0 0.1946022734375 0.26893939375000003 0.1839488625 0.27840909062499997 0.18607954531249998 0.28977272656249997 0.1867897734375 0.28977272656249997 0.2322443171875 0.2916666671875 0.2357954546875 0.2803030296875 0.213778409375 0.27272727343750003 0.1946022734375 0.26893939375000003
0 0.125 0.29829545468749996 0.1157670453125 0.3011363640625 0.13778409062500002 0.3229166671875 0.1569602265625 0.31534090937500003 0.1569602265625 0.30397727343750003 0.1448863625 0.29545454531250004 0.125 0.29829545468749996
0 0.06392045468749999 0.2945075765625 0.053267045312500004 0.30492424218749997 0.06036931875 0.32102272656249997 0.096590909375 0.30965909062499997 0.09232954531250001 0.296401515625 0.07954545468749999 0.2869318171875 0.06392045468749999 0.2945075765625