0 0.3653808453125 0.8052130265624999 0.33621460000000003 0.7890901265625 0.3123638515625 0.8078216265625 0.309804578125 0.8328502046875 0.4094024703125 0.9336260953125001 0.428760271875 0.9190944046875 0.447024853125 0.8898649656250001 0.3653808453125 0.8052130265624999
0 0.313787775 0.7666675171875 0.2639777703125 0.71031644375 0.24283268906250002 0.6978042624999999 0.22326424843749998 0.7051970187500001 0.21224251875000003 0.7228354734375 0.22337272812500003 0.7424035640625 0.2784740078125 0.799258065625 0.303817140625 0.7975759296875 0.313787775 0.7666675171875
0 0.18915955 0.6446450859375 0.14090406718749998 0.5962727 0.1189827796875 0.5909835343750001 0.099225815625 0.6031636078125 0.09950069843750001 0.6236565828125 0.15613438125 0.6765635171875 0.1731835703125 0.6732024078125 0.1897072140625 0.66320631875 0.18915955 0.6446450859375
0 0.0228130484375 0.5505104953125 0.032346609375 0.5606721109375 0.054121503125000005 0.5721763828124999 0.11509752656250001 0.582249178125 0.1268554421875 0.5783846390625 0.1330472 0.5535236968749999 0.1250881734375 0.5408422984375 0.1024949421875 0.5351332578125 0.0868939015625 0.5316912265625 0.06402789375 0.527913928125 0.041119757812500005 0.52270884375 0.028647771875 0.524725721875 0.022161120312499998 0.539592153125 0.0228130484375 0.5505104953125
0 0.048741759375 0.5239679421875 0.0664428796875 0.5315251734374999 0.0869360296875 0.5331190140625 0.1083739 0.5332009890625 0.131155653125 0.5341227125 0.1435012546875 0.5278224734375 0.149400221875 0.5153917406249999 0.14960875468749998 0.50010595625 0.13703039687500002 0.48734100625 0.10931440625 0.486839684375 0.08581858437499999 0.48407029843749994 0.06608163125 0.48575190625 0.048234117187499995 0.48440977968750004 0.038660535937500004 0.49524509375000003 0.0390818171875 0.5095229640625 0.048741759375 0.5239679421875
0 0.1313399609375 0.48448596093749996 0.149083209375 0.49347097812499996 0.20174316874999998 0.48993854687500005 0.2199677296875 0.4817060390625 0.224270046875 0.45986882968750004 0.21070484218750002 0.44718796093749996 0.18819586875 0.44433449375 0.1709781671875 0.44198445625 0.15401323281249998 0.4482011390625 0.1362078484375 0.4482868 0.1259201984375 0.45727445156249996 0.1223940875 0.4718886453125 0.1313399609375 0.48448596093749996
0 0.18594939375 0.446434396875 0.2080592046875 0.446936246875 0.23174355000000002 0.444918315625 0.250451525 0.44189300156250005 0.26181027968750004 0.43567684375000004 0.264138903125 0.4140077953125 0.24322447343750003 0.39813608437500003 0.202490940625 0.40351512500000003 0.1863864703125 0.4053643671875 0.1716680109375 0.409481146875 0.1657269140625 0.42048409531250003 0.1660639390625 0.43190639218750004 0.17398083749999999 0.4431600015625 0.18594939375 0.446434396875
0 0.5231650640625001 1 0.5231490421875 0.9997977234375 0.5379296375 0.9866102640625 0.53091533125 0.9724170015625001 0.48870731875000006 0.9278234921875 0.46743585468750004 0.91102795 0.4475725171875 0.908426196875 0.433863021875 0.92438515 0.42395452499999997 0.9462228843749999 0.45358417968750003 0.9780514421875001 0.47410071406250004 1 0.5231650640625001 1
0 0.64040908125 0.9168068500000001 0.6530895984375 0.8995041921875 0.62704398125 0.7991413265625 0.6146320265624999 0.7696628078125001 0.58563429375 0.75925105625 0.5661501062500001 0.7694993875 0.5679595046875 0.8084695156249999 0.590896078125 0.8928750046875 0.6056166453125 0.9111829437500001 0.64040908125 0.9168068500000001
0 0.4759214765625 0.7180234 0.49019864375 0.7101272140625 0.4930528140625 0.695093146875 0.486983225 0.6793880156250001 0.4206695890625 0.6225345671875 0.40555196718750003 0.6242997296875 0.3945923765625 0.63286750625 0.3847460171875 0.6456345625 0.391718196875 0.6584000390625 0.456645821875 0.7129859484375001 0.4759214765625 0.7180234
0 0.29244153125 0.6243943453125 0.3046407375 0.6243092109374999 0.31587310468749996 0.6138096921875 0.3221712359375 0.6037305749999999 0.2791870171875 0.5663600843750001 0.2618008046875 0.558298896875 0.243303465625 0.5684631484375 0.24143614531250002 0.5834131359375 0.25697504531250004 0.59592584375 0.271884134375 0.6094464640624999 0.29244153125 0.6243943453125
0 0.29677755 0.5142860515625001 0.2710773828125 0.51504435625 0.260013525 0.5312550234375 0.286766890625 0.5661913968750001 0.323723653125 0.5892845453125 0.338967659375 0.59180274375 0.3491710515625 0.5799595171874999 0.3530541984375 0.56626915625 0.337788075 0.5518247046875 0.29677755 0.5142860515625001
0 0.34408620624999997 0.5417455875 0.363257590625 0.5544259312500001 0.38156640625 0.5490489968750001 0.3881573265625 0.526539671875 0.370245565625 0.51184350625 0.3430108890625 0.494124659375 0.3214245171875 0.477833071875 0.305634953125 0.4791783578125 0.2984763578125 0.49362491718749996 0.2951808984375 0.5048795796875 0.31878309531250004 0.5224307921875 0.34408620624999997 0.5417455875
0 0.44061296875 0.5831424593750001 0.42637792812499997 0.5924664328125 0.41913507812499995 0.604057415625 0.4274511375 0.61766264375 0.44844982499999997 0.6363899281250001 0.47805736093749995 0.6562922343750001 0.505418425 0.67829444375 0.5314956375000001 0.6679615046875 0.5357979546875 0.6461242953124999 0.518201103125 0.630924175 0.4966989875 0.6174881625 0.476456496875 0.602036325 0.45549994062500004 0.5847368265624999 0.44061296875 0.5831424593750001
0 0.62628356875 0.7510164421875001 0.6403764296875 0.792757009375 0.6514866296874999 0.822823565625 0.67330365 0.835755621875 0.697932715625 0.8322258234375 0.7050070515625 0.8149236921874999 0.69881108125 0.7949352000000001 0.6831436890625 0.7557144109375 0.668904434375 0.7201889484375 0.6564103328125 0.7102795734375 0.6303952578125 0.7115418328125 0.6179032624999999 0.7240571765625 0.62628356875 0.7510164421875001
0 0.7241457859375 0.7035541921874999 0.698004453125 0.65717191875 0.6493718 0.6617353406250001 0.666152425 0.7051554078125 0.6921517015624999 0.7592410484375 0.71354955 0.780319953125 0.7342733515625001 0.7785542640625 0.755941871875 0.7752767078125 0.7551635578125 0.7600750046875 0.7425630828124999 0.735383803125 0.7241457859375 0.7035541921874999
0 0.5247763515625 0.620401578125 0.5518846468749999 0.6338370640625001 0.5702777171875 0.6313157046875 0.5787380671875 0.616281109375 0.5688674828125 0.5946971953125 0.505347984375 0.5543050765624999 0.4871634453125 0.541540653125 0.473830996875 0.5479249703125 0.46272501093749996 0.5627078515624999 0.46847969375 0.5789169375000001 0.49073800468749995 0.5956284015625 0.5247763515625 0.620401578125
0 0.5453074171875001 0.5785737703125 0.576048196875 0.5921768890625 0.5982001343750001 0.5941065265625001 0.607835853125 0.574200534375 0.601451359375 0.558999359375 0.5547303890624999 0.529104125 0.5259211765625 0.5139050546874999 0.5106771718750001 0.51138685625 0.49455269218750003 0.5237345640625 0.48940991875 0.53944075 0.5140410906249999 0.5583356703125 0.5453074171875001 0.5785737703125
0 0.3402948109375 0.369883578125 0.3471384984375 0.355940975 0.334560140625 0.343176025 0.30923701875 0.3343596953125 0.29199930625000003 0.342508121875 0.25212834375000004 0.3659444375 0.2619568 0.38610056406250004 0.279154490625 0.3989490703125 0.2992063515625 0.3967635046875 0.3402948109375 0.369883578125
0 0.4152457359375 0.5071124499999999 0.4206612859375 0.48947452187499996 0.351766259375 0.4457234 0.33498985000000003 0.4471527671875 0.32277063125 0.45773636562500003 0.328882346875 0.474869284375 0.36730937343750003 0.5030855453124999 0.3964334921875 0.51778065625 0.4152457359375 0.5071124499999999
0 0.452111921875 0.46007587031249997 0.40436197500000004 0.42883692812499996 0.38800473750000003 0.42211945 0.3705985140625 0.42455672812499995 0.36331353437499997 0.434719925 0.3639233375 0.44421047812500003 0.37578762656250003 0.455127765625 0.42614108125000005 0.485190634375 0.4403982390625 0.48779291406249997 0.454422640625 0.4713300046875 0.452111921875 0.46007587031249997
0 0.41032518749999997 0.42976023281250003 0.44276688281250004 0.445126934375 0.46449965000000004 0.45520341875000003 0.47814700625000006 0.4483151453125 0.4870065171875 0.43563216875000005 0.47478519218750004 0.42379105156249997 0.44091535937500004 0.40472902343749995 0.4285476390625 0.3991030078125 0.416095665625 0.39062142031249997 0.40209127499999997 0.3965858625 0.3918457546875 0.4070013 0.395143321875 0.41817135624999996 0.41032518749999997 0.42976023281250003
0 0.7858602296874999 0.706464446875 0.78132304375 0.68681175 0.7738253203125 0.6674112937500001 0.7453268 0.6068588359375 0.7341344515625 0.596361421875 0.7084764140625001 0.5985475140625 0.695458871875 0.6044278765625 0.69963901875 0.62315674375 0.7183312 0.675479328125 0.7344177640625 0.70655326875 0.74857065625 0.7167984406250001 0.7739980453124999 0.717971878125 0.7858602296874999 0.706464446875
0 0.7473099953125 0.5513528515624999 0.7389539125 0.5587445546875001 0.7388717625 0.5783136984375 0.7745372828125 0.6468342375 0.8023112203125 0.6606996796875 0.827170934375 0.6538103515625 0.8323558328124999 0.6395319546875 0.8189570328125001 0.610137515625 0.7902699890625 0.5543723734375 0.7739970078125 0.5505104671875001 0.7473099953125 0.5513528515624999
0 0.6760220984374999 0.5159167375 0.668923534375 0.4988678984375 0.5938346421875 0.45755300156249995 0.5766169421875 0.45520296406250005 0.5623197625 0.47359761562499997 0.5690191625 0.488294834375 0.6409168609375 0.5332215031249999 0.6633837078125 0.5346471828125 0.6760220984374999 0.5159167375
0 0.4665049609375 0.4116236875 0.490610584375 0.42388362968750004 0.5067571828124999 0.42346217499999994 0.5204245484375 0.40607543437500004 0.514796253125 0.39414970781249997 0.5023442765625 0.3856681203125 0.4655139015625 0.3668583328125 0.439119675 0.35527050937500004 0.4265012953125 0.363502490625 0.41961547968749996 0.37601730624999996 0.42797366718749996 0.39105032031250003 0.4665049609375 0.4116236875
0 0.41293187500000006 0.30597218593750003 0.410306246875 0.29522200625 0.3931506859375 0.2838012890625 0.3751567765625 0.2886742671875 0.356260278125 0.2964868984375 0.3441253171875 0.3099260734375 0.34280355 0.321012575 0.362017065625 0.3351207046875 0.3801373578125 0.3345310875 0.41293187500000006 0.30597218593750003
0 0.41870445937499995 0.2892580890625 0.43103005000000005 0.2934563171875 0.44091853593749997 0.282117046875 0.4622921625 0.26884498125 0.47782895625000005 0.25893297187500003 0.47112955625 0.24423575312499998 0.45307139999999996 0.235754690625 0.44221607656249995 0.2366795765625 0.4268256765625 0.2403764796875 0.40702658437499994 0.25112876562499997 0.40116974375 0.2649872890625 0.3999322359375 0.2789293640625 0.41870445937499995 0.2892580890625
0 0.5014616968750001 0.3781093109375 0.5129689515625 0.3881027640625 0.5261971328125 0.3893613375 0.54051643125 0.3828929375 0.548746128125 0.37121787500000003 0.5374273953125 0.35643710156249997 0.5015417375 0.336115446875 0.4889433703125 0.33384896406250003 0.47728971875 0.3300706109375 0.4675897546875 0.3366225625 0.459003021875 0.3473737984375 0.4632874375 0.358459771875 0.4793718953125 0.3671089953125 0.5014616968750001 0.3781093109375
0 0.6529012140625 0.48114799843749995 0.67732174375 0.49290398281250003 0.694140284375 0.4929024015625 0.705204140625 0.4766917359375 0.69613188125 0.45981105937500005 0.6692542375 0.44301604375 0.643762603125 0.4284885625 0.6103761875 0.4146337296875 0.59507004375 0.42118620937499995 0.5898430171875 0.43403681718750003 0.5928678046875 0.44713861718750003 0.6131102937499999 0.46259045312499997 0.6529012140625 0.48114799843749995
0 0.8698054890625 0.5452102390625 0.83685615 0.490285375 0.8033654671875 0.48407343125 0.7874295109375 0.491633821875 0.7907070671875001 0.5133023421875 0.82071798125 0.5804057015625 0.843164815625 0.5923298453125 0.8728123734375 0.591235221875 0.881587628125 0.5756966718750001 0.8698054890625 0.5452102390625
0 0.52774434375 0.29717292500000003 0.54347176875 0.30489831562499997 0.5635457453125 0.31463900312500004 0.585654440625 0.32560908125 0.6003961343750001 0.322950325 0.6096548078125 0.31261896718750004 0.605958078125 0.29909729375 0.58915955 0.2886004078125 0.559447746875 0.27634099375 0.5392273734375 0.2728154109375 0.5275958421875 0.2809633109375 0.52774434375 0.29717292500000003
0 0.5666147687499999 0.35159330781250003 0.5829698984375 0.33588606875 0.578685484375 0.32480009375 0.53979715625 0.30330289375 0.521424096875 0.2953257875 0.5010994578125 0.29944309687500004 0.49568390625000003 0.317081025 0.5102359609375 0.32967781406249996 0.5506988234375 0.3486552328125 0.5666147687499999 0.35159330781250003
0 0.6453068640625 0.30490554531249997 0.6580095 0.2995291390625 0.662669696875 0.2875856484375 0.6562852015625 0.2723844734375 0.6191611921875 0.257035009375 0.5815546078125 0.2454482390625 0.5684949390625 0.2499008125 0.5615048546875 0.27005851875000003 0.5746287703124999 0.278959984375 0.6076581531249999 0.2918909890625 0.6453068640625 0.30490554531249997
0 0.7436809390625 0.34185089375 0.7714811859374999 0.345207790625 0.787521409375 0.33000450937500003 0.7859447703125 0.31009957187500004 0.770720775 0.29708290625 0.718542125 0.28339781249999996 0.6975455453125 0.28709524375 0.6777664640625 0.287349065625 0.667773709375 0.306331225 0.6783362453125 0.31783655 0.7029452984375 0.3248052171875 0.7436809390625 0.34185089375
0 0.845357846875 0.44602809375 0.8831339968749999 0.47453836875000005 0.9110406171875001 0.49267709374999996 0.9342215312500001 0.4959504359375 0.9520048015624999 0.48393852343750005 0.9518984265625001 0.469156696875 0.9251671781249999 0.44614657500000005 0.8996334156250001 0.43019131093749996 0.8746873390625 0.41180034687499995 0.8607450859375 0.4086941109375 0.8440529328125 0.41297905312500005 0.8352776765625001 0.4285176046875 0.845357846875 0.44602809375
0 0.99204216875 0.44378863749999997 0.9876734984375 0.42984708749999995 0.9738355125 0.4190979625 0.9499184109375 0.402050703125 0.9320909078125 0.39021011250000004 0.9173503328124999 0.382400640625 0.8930140578125 0.37350022968749996 0.8715983046875 0.3853445078125 0.8677572859374999 0.40046265625000005 0.8836953515625 0.41532698437500004 0.92808559375 0.4444665484375 0.9429104265625 0.45513159375 0.9638869937500001 0.461932628125 0.9828677499999999 0.45697556875 0.99204216875 0.44378863749999997
0 1 0.38454769375 0.9829857078125 0.37156005937500003 0.96807661875 0.3580394375 0.9444744234375 0.3404882265625 0.9247996078125 0.33309915625 0.9031310890625001 0.3363767125 0.8942715765625 0.3490596890625 0.8979261781250001 0.361153575 0.9185257015625 0.3775292421875 0.9495613765625001 0.40112687343750003 0.9577510546875001 0.41044873906249996 0.9707907140625001 0.41649462968749995 0.9871058234375001 0.421784321875 1 0.41620245312500004 1 0.38454769375
0 0.388145734375 0.1796704390625 0.382705959375 0.1629573953125 0.35500997968750003 0.1519576078125 0.335146640625 0.14935585625 0.3134159828125 0.16170409218749998 0.32263463593749997 0.1723696640625 0.3530605078125 0.186476740625 0.3700054296875 0.190758521875 0.388145734375 0.1796704390625
0 0.3157446046875 0.14003504375 0.3030619796875 0.1349129859375 0.2817283765625 0.12718812031249999 0.2670099171875 0.13130490156250002 0.2588423578125 0.1339092875 0.27131645 0.154317128125 0.29995715 0.1638050484375 0.320239659375 0.15825995312500002 0.3157446046875 0.14003504375
0 0.23418485625000002 0.058238679687499996 0.20317129843749998 0.0465673015625 0.203424065625 0.055134024999999996 0.22990465625 0.0920021390625 0.251238259375 0.0997270046875 0.2648856140625 0.09283873125 0.2594879671875 0.07755347500000001 0.23418485625000002 0.058238679687499996
0 0.2993410265625 0.087040340625 0.2761601109375 0.08376700000000001 0.254345196875 0.093259659375 0.26333319843749997 0.1072847625 0.284267640625 0.11265800937499999 0.300141459375 0.11416829531249999 0.3145650203125 0.10005700625 0.2993410265625 0.087040340625
0 0.34026518906250003 0.09929870156250001 0.31002994687499996 0.1028290265625 0.3038160703125 0.1157637171875 0.3202996921875 0.1267645578125 0.350557053125 0.13516048593750002 0.3698105875 0.128271684375 0.3650848828125 0.11340630625 0.34026518906250003 0.09929870156250001
0 0.45064994687500004 0.140946234375 0.43637067187499995 0.1264177015625 0.41176161875000006 0.1194490328125 0.39166763125 0.1202068109375 0.3807922953125 0.1316301609375 0.38946539062499996 0.1461592203125 0.433434353125 0.16102091406250002 0.448656240625 0.15161286093749998 0.45064994687500004 0.140946234375
0 0.5134953984374999 0.15849375937500002 0.5141252109375001 0.1574858484375 0.4664816359375 0.14102873437500002 0.45125975 0.1504367859375 0.4520801921875 0.1670662765625 0.500437834375 0.1853710515625 0.51723425625 0.173443221875 0.5134953984374999 0.15849375937500002
0 0.5957449921875 0.20778681875 0.606221165625 0.1940118484375 0.60426748125 0.18368154375 0.586082940625 0.17091712187500002 0.559227415625 0.1660483578125 0.54347998125 0.16882143125 0.5306930875 0.1713422625 0.5246055968750001 0.188560315625 0.540102371875 0.1996452359375 0.5809844046875 0.2104758109375 0.5957449921875 0.20778681875
0 0.7409421968750001 0.2445597921875 0.7632826578125 0.2417021109375 0.772372821875 0.225659603125 0.765904071875 0.2076028546875 0.7190588234375 0.1958489765625 0.702954353125 0.19769821875 0.6768971515625 0.197532690625 0.672426321875 0.2136587515625 0.6781388749999999 0.22844005312500001 0.6947688890625 0.23322578906250002 0.7409421968750001 0.2445597921875
0 0.9343560828124999 0.22958844687500002 0.8858320359375 0.22799723906249997 0.8621476921875001 0.23001517031250002 0.8434397140625001 0.2330404859375 0.8351561343749999 0.2522778078125 0.8391173859375 0.2653761578125 0.859694790625 0.2698255734375 0.9291532796874999 0.27679002812500003 0.9510945796874999 0.271580728125 0.9573084546875 0.25864603750000004 0.95146951875 0.23958137656249998 0.9343560828124999 0.22958844687500002
0 1 0.23730981562500003 0.9764556171875001 0.236975409375 0.96621009375 0.24739084843749998 0.9721332874999999 0.269311084375 0.9928370765625001 0.2780438609375 1 0.2780431875 1 0.23730981562500003
0 0.9550156390625 0.21446872031250003 0.992776875 0.218331965625 0.9558201140625 0.1952388171875 0.9550156390625 0.21446872031250003
0 0.9318768515625001 0.21262316406249998 0.93834964375 0.18432205625 0.8993266765625 0.1600499171875 0.8868589046875 0.20691622812500002 0.9318768515625001 0.21262316406249998
0 0.7885248515625001 0.14897395 0.780439440625 0.132009190625 0.7589173140625001 0.12907164531249998 0.7428971015625 0.1337764609375 0.7179552375 0.1602349328125 0.719594015625 0.1710691921875 0.7352793125 0.177366796875 0.7524127578125 0.17686126093750001 0.7885248515625001 0.14897395
0 0.73454101875 0.1411681640625 0.7478734671875 0.134783846875 0.744218865625 0.1226899609375 0.7202817546875 0.11614116562500001 0.704345796875 0.1237015578125 0.6815661515625 0.1452045515625 0.6808320718750001 0.1538553546875 0.689294528125 0.161245478125 0.7135044171875 0.1658625265625 0.72051661875 0.157631071875 0.73454101875 0.1411681640625
0 0.7148440875000001 0.12185284062499999 0.7090472765625 0.10421596875000001 0.6868532109375 0.1008585453125 0.6684180109375 0.10195211875000001 0.6500470578125 0.11639972812499999 0.643329753125 0.13462569375 0.67264239375 0.14453348906250002 0.68557568125 0.1357975515625 0.7043036703125 0.12227377187499999 0.7148440875000001 0.12185284062499999
0 0.6652689453125 0.106991675 0.673709284375 0.102455546875 0.67349864375 0.0953166109375 0.6648055375 0.0912860171875 0.64095268125 0.0875928 0.6272210703125001 0.0916255 0.6109080671875 0.108760525 0.6084109328125 0.12471842343749999 0.6347209031250001 0.13345067500000002 0.646121784375 0.128662303125 0.650004928125 0.1149719421875 0.6652689453125 0.106991675
0 0.6267176421875 0.0969167734375 0.639420278125 0.091540365625 0.6414982390625 0.0837293140625 0.6328051328125001 0.079698721875 0.6089522765625001 0.076005503125 0.588607628125 0.090621275 0.5781735828125 0.1058240296875 0.5827729046875 0.11640604843749999 0.605051228125 0.122619046875 0.6115178718750001 0.11825107812499999 0.615715921875 0.1040567609375 0.6267176421875 0.0969167734375
0 0.6002391593749999 0.082473375 0.59578623125 0.065676253125 0.5741798515625 0.0598831296875 0.5578026015625001 0.06366411562499999 0.5420772859375 0.078363440625 0.548714546875 0.1021313390625 0.5679902 0.107168790625 0.5756322125 0.097929425 0.5878935578125 0.0887736125 0.6002391593749999 0.082473375
0 0.46165499062500004 0.035117328125 0.44970644687499994 0.0213444671875 0.4321317109375 0.018070596875 0.41701408906250004 0.019835759375 0.39832822968750004 0.0347873265625 0.40112236718750005 0.05124865625 0.42407263124999994 0.057881528125000005 0.4418980265625 0.0472974015625 0.46165499062500004 0.035117328125
0 0.384702990625 0.053601853125 0.39583109375 0.0507452265625 0.40802819375 0.028235375 0.4242169203125 0.02924170625 0.42778515781250004 0.0160553 0.40523405468749996 0.011774046875 0.3831463609375 0.023198450000000002 0.36960537968749996 0.04486855 0.384702990625 0.053601853125
0 0.39889379687500004 0.0204253765625 0.39397956875 0.0103473125 0.3761741828125 0.0104329734375 0.36342941875 0.0143815921875 0.3502654828125 0.0264770578125 0.3493007515625 0.03848739375 0.3752536875 0.0462958125 0.382308015625 0.03949214375 0.3871780078125 0.0257177015625 0.39889379687500004 0.0204253765625
0 0.687715609375 0.0277085296875 0.672274825 0.03148606875 0.657556365625 0.0356028484375 0.6569908 0.0499648 0.6689593546875 0.0532391953125 0.7210316296875 0.052142464062500005 0.687715609375 0.0277085296875
0 0.6733038015624999 0.0328297734375 0.6839906124999999 0.0261937421875 0.664197671875 0.013012890625 0.6506041984375 0.01233890625 0.6557711937499999 0.030983693750000003 0.6733038015624999 0.0328297734375
0 0.6387971171875 0 0.62824161875 0.0032703359374999996 0.6350252750000001 0.020823128125 0.6518016859375 0.019393760937499997 0.6585411078125001 0.0130940515625 0.664197671875 0.013012890625 0.6421363078125 0 0.6387971171875 0