0 0.49226855 0.40853083906250004 0.5363919859374999 0.45714292656250005 0.571697940625 0.43040513437500005 0.53473789375 0.345450625 0.5018251578124999 0.304464434375 0.4676122203125 0.326126409375 0.4580102046875 0.358410278125 0.49226855 0.40853083906250004
0 0.5029019031249999 0.46621813437500004 0.41940424375 0.367245115625 0.37751224687499996 0.380263934375 0.3593802765625 0.40662545312500004 0.3621855703125 0.4126732265625 0.45724662499999996 0.4991744234375 0.5029019031249999 0.46621813437500004
0 0.334885725 0.1948661359375 0.33137853125 0.23453553125 0.35392448125 0.2541315515625 0.3899812359375 0.25898086249999996 0.4110465453125 0.24853308125 0.42223978124999995 0.22855030781250002 0.44132624531250003 0.1706818125 0.4641759921875 0.09287584374999999 0.334885725 0.1948661359375
0 0.4622285828125 0.09515073125 0.336954190625 0.19141374375 0.33844880312500003 0.2435444796875 0.387303984375 0.2627990515625 0.41956602343749994 0.23789023125000003 0.4622285828125 0.09515073125
0 0.31639526406249996 0.4247200875 0.28071565625 0.43842519375 0.276350578125 0.46977192656250005 0.308280875 0.49809122656250004 0.3657975484375 0.5386558421875 0.3865031765625 0.537262309375 0.41986172499999996 0.51279940625 0.41253885625000003 0.4895802671875 0.3932789421875 0.465800265625 0.34587995 0.43793736250000004 0.31639526406249996 0.4247200875
0 0.270145175 0.48012910625 0.24054641718749997 0.47913280468749997 0.2163161328125 0.4925870625 0.20305093593749998 0.5105004953125001 0.20988258593750003 0.5273861875 0.2527744828125 0.554642928125 0.2878662640625 0.5744340171875 0.32684937187499996 0.584153596875 0.35193405 0.5735002671875 0.3582535234375 0.5509221156249999 0.3551956328125 0.5306641515625 0.30657558281249997 0.4980111015625 0.270145175 0.48012910625
0 0.28810838125 0.57207900625 0.2520411484375 0.5506644921875 0.2117124296875 0.531810540625 0.1733381046875 0.521725165625 0.14240770625000002 0.5336814249999999 0.1314565890625 0.5513091859375 0.13828823750000002 0.5681948796875 0.1711904953125 0.59261586875 0.19738914531250001 0.6100171249999999 0.2184684265625 0.6216562765625 0.25988666875 0.62991268125 0.2798589625 0.624540715625 0.2964136828125 0.6079650359375 0.29676638125 0.5878673171875 0.28810838125 0.57207900625
0 0.1509621125 0.5782559109375 0.131342515625 0.5635301578125 0.104057834375 0.562248184375 0.074341509375 0.5679511234375 0.0497515421875 0.59045963125 0.0507339796875 0.6031265234375 0.075476440625 0.6291361109375 0.11470515781249999 0.6420224140624999 0.14308984062500002 0.6492720359375 0.1714675390625 0.6454781921875 0.20227338593750002 0.6291777062499999 0.21590874218749997 0.6187752234375 0.1826433109375 0.597886753125 0.1509621125 0.5782559109375
0 0 0.6265248765625 0.0223981953125 0.67318116875 0.0627269140625 0.6920351218749999 0.09793276875 0.6996052390624999 0.13398603125 0.6989328171875 0.1601672171875 0.6887254046875 0.16880076875 0.66586158125 0.1675657359375 0.6389845015625 0.1594094328125 0.6460948359375001 0.1333423171875 0.644081275 0.102276890625 0.6351281046875 0.073158871875 0.623900046875 0.0457461453125 0.6127521125000001 0.0254036921875 0.610613128125 0 0.624800121875 0 0.6265248765625
0 0.6635800484375001 0.49782587500000003 0.6695398406249999 0.4843019703125 0.6412447796875 0.4261792390625 0.6058142734375 0.4485728015625 0.6047212578125001 0.45364861718749994 0.6391006609375001 0.502591675 0.6635800484375001 0.49782587500000003
0 0.5829226125 0.460117965625 0.5501693578125 0.478693340625 0.5516430125 0.4976936765625 0.5882084484375001 0.5364851015625 0.6221722859375001 0.5061346703125 0.5829226125 0.460117965625
0 0.51148774375 0.560488221875 0.5382951796875 0.577523684375 0.5625219734375 0.5585476921875 0.570429175 0.5427489015625 0.5501938078124999 0.5173454765625001 0.5219231953125 0.4978748796875 0.48796285 0.5337470453125001 0.51148774375 0.560488221875
0 0.43122142500000005 0.5634216671875001 0.4435356203125 0.5825369484375 0.4697342703125 0.5999382046874999 0.4855731234375 0.6069927578125001 0.518565003125 0.5805406375 0.51051229375 0.5588648 0.49783841874999996 0.5488037671875 0.4757836859375 0.5355411921875 0.43122142500000005 0.5634216671875001
0 0.4013840421875 0.570302109375 0.37569756875000004 0.5923647 0.38569419374999997 0.6062439187499999 0.410308609375 0.6223875453125001 0.4313843984375 0.6285049640625 0.46060251875 0.6054251140625 0.4591323546875 0.5919465140625 0.44219350156250004 0.5789243078124999 0.41928787031250003 0.5683825375 0.4013840421875 0.570302109375
0 0.3607166 0.5936328078125 0.3174929640625 0.6196041875 0.3329756296875 0.6412347265625 0.3545426359375 0.653685590625 0.379392184375 0.6564307390625 0.402768075 0.640175553125 0.414694646875 0.6241712140625 0.3883749359375 0.607947465625 0.3607166 0.5936328078125
0 0.371477996875 0.6611860625 0.34930220625 0.6491009921875001 0.3156736 0.6317450375 0.28583621875 0.6386254796874999 0.2601497421875 0.660688071875 0.27027091875 0.67891151875 0.28635537968749997 0.6891327953124999 0.301952115625 0.698542359375 0.32387880468749997 0.701938975 0.3448195609375 0.6871469640625001 0.36880773125 0.6760477171875 0.371477996875 0.6611860625
0 0.2951414234375 0.7147870671875001 0.3079223859375 0.7015836578125 0.272342878125 0.6809808578125 0.2470021125 0.6719022640625 0.224473628125 0.6799149109375 0.198053815625 0.69799906875 0.20402757968750002 0.7065621 0.22011902656250001 0.7278268453125001 0.23717544687499997 0.7341498109375 0.2615372671875 0.7360832484375 0.27846215 0.72701851875 0.2951414234375 0.7147870671875001
0 0.1972099015625 0.7117633421875 0.1741901984375 0.71344254375 0.150814303125 0.7296977296875 0.1528967421875 0.7483322718750001 0.169835596875 0.761354478125 0.1960237703125 0.76219053125 0.22147511562500002 0.75352641875 0.24643175 0.733007128125 0.22230855156249998 0.7231969453125 0.1972099015625 0.7117633421875
0 0.10697839375 0.7505131703125001 0.11686443906249999 0.7821350953125 0.1351349328125 0.782204740625 0.1664354921875 0.77775943125 0.1862797390625 0.7625215046875 0.15691611249999998 0.7481267234375 0.1407071 0.73356121875 0.10697839375 0.7505131703125001
0 0.6816223984375 0.5223374640625 0.6372882828125 0.5257759921875 0.609166671875 0.549301759375 0.6175895421875001 0.57848855 0.635863528125 0.584079928125 0.6619271484375 0.5805717546875 0.6737326625 0.565744921875 0.69016981875 0.55586848125 0.697343684375 0.5360912578125 0.6816223984375 0.5223374640625
0 0.6441443812500001 0.581313821875 0.6061297406249999 0.562174196875 0.5792117250000001 0.5628814421875 0.5507199546875 0.5788962578125 0.5462233375000001 0.5948552953124999 0.558170865625 0.611981359375 0.57644834375 0.623094471875 0.6089664703125 0.617917575 0.625759815625 0.59346515 0.6441443812500001 0.581313821875
0 0.7549325171875 0.49817409687499997 0.7220407390625 0.490318309375 0.695620928125 0.508402465625 0.6950191296875 0.519811728125 0.6985612515625 0.5353596703125 0.711961478125 0.5383556671874999 0.7287722875 0.5415119109375001 0.74985156875 0.5531510625 0.770916878125 0.54270328125 0.7906365765625 0.5231211265625 0.7829540265625 0.5089562375 0.7549325171875 0.49817409687499997
0 0.775731259375 0.45142919062500003 0.7549080671875 0.45952196250000005 0.733728684375 0.482190715625 0.757492203125 0.5010551484375 0.7906295906249999 0.5120776593749999 0.8084123578125 0.5113355921875 0.8253337484375001 0.496749128125 0.8283671874999999 0.478354959375 0.8085019796875 0.460462484375 0.775731259375 0.45142919062500003
0 0.7586468984375 0.4009323546875 0.7601310328124999 0.436497890625 0.7685434234375 0.44911948125 0.7993597484375 0.44938419375 0.8299269718750001 0.44096045312500004 0.8206462171875 0.4034509984375 0.8095426031249999 0.37256066250000003 0.7917598359375 0.3733027296875 0.7586468984375 0.4009323546875
0 0.805065753125 0.22721191875 0.7639070921875 0.244209171875 0.747110253125 0.2631398609375 0.742475115625 0.25266773593749997 0.7451698296875 0.27645821718749997 0.7404555484374999 0.3334244015625 0.760690915625 0.3588278265625 0.7851668093749999 0.348540290625 0.8083040796875001 0.3401618484375 0.8289957359375 0.3166813828125 0.8289782718750001 0.28907271562500003 0.821765984375 0.24811086875 0.805065753125 0.22721191875
0 0.7832449593749999 0.0061126828125 0.726257925 0.03262058125 0.712394425 0.0674650078125 0.728199540625 0.21374040781249998 0.7537963953125 0.24255092656250002 0.7765704890625 0.23770500156250002 0.8123676640624999 0.21730065625 0.8403717078125 0.20047412812499998 0.850831609375 0.176512921875 0.8534739312499999 0.1174773984375 0.7832449593749999 0.0061126828125
0 0.5208965437499999 0.6078636359375 0.44028800625000003 0.6474599984375 0.44164060312500003 0.667637840625 0.45650400468749996 0.673068971875 0.46636560156250007 0.6660387609375 0.4953590671875 0.672922590625 0.5272614234375 0.6570680203125 0.5339510578125 0.6420008171875 0.5208965437499999 0.6078636359375
0 0.42033317812500004 0.6804406328125 0.40388205 0.6682301390625 0.34129490625000003 0.699207690625 0.3438650703125 0.7186539437499999 0.35275470625 0.71552204375 0.36980763437499997 0.7163232749999999 0.3906378109375 0.7192739718750001 0.40732057812500005 0.7125642546875001 0.4170541296875 0.69566808125 0.42033317812500004 0.6804406328125
0 0.34192115156249997 0.726450565625 0.32644198125 0.710341759375 0.2983133859375 0.7228240593749999 0.258016103125 0.7536657078125 0.263502140625 0.761417028125 0.28360597187500003 0.7714327578125 0.3050449328125 0.7740176609375 0.3240417765625 0.7670222734375 0.3345121546875 0.75962626875 0.34473343437500004 0.74354180625 0.34192115156249997 0.726450565625
0 0.12738022499999999 0.8465216265625 0.1467367484375 0.8304719890625 0.16889507343750002 0.8149483890625 0.166203853125 0.79667964375 0.15024394375 0.7908025921874999 0.099704425 0.8045983015625 0.12738022499999999 0.8465216265625
0 0.24597895468750003 0.787412753125 0.22295924843749998 0.78909195625 0.1981131953125 0.791868540625 0.175100475 0.8045912109375 0.180223340625 0.815875046875 0.18997435625 0.8265875421875 0.2039833640625 0.8292177453124999 0.2198117375 0.8197070999999999 0.2416068890625 0.8077160171875001 0.249396525 0.7986164671875 0.24597895468750003 0.787412753125
0 0.2447788515625 0.815753009375 0.2639037375 0.8186235828124999 0.2885041828125 0.812680275 0.2998254609375 0.802563465625 0.3084659984375 0.7907431093749999 0.302371175 0.78335758125 0.2668091328125 0.79036345 0.249396525 0.7986164671875 0.2447788515625 0.815753009375
0 0.3117625109375 0.8031243281249999 0.33295935781249997 0.808064240625 0.349157890625 0.8060645453124999 0.3630353625 0.7933070546875001 0.362658215625 0.7747526359375 0.3197872765625 0.7806263 0.3117625109375 0.8031243281249999
0 0.1450628921875 0.8800874671875001 0.1573770859375 0.8992027484375 0.1623684125 0.895098890625 0.17015455625 0.88047760625 0.17793720625 0.8603345859375 0.1566227953125 0.8620939109375 0.1450628921875 0.8800874671875001
0 0.2502788609375 0.8455912640625 0.230427625 0.8497857249999999 0.2335926015625 0.84677925 0.207055225 0.8715626437499999 0.2119359734375 0.88520149375 0.231908265625 0.879829528125 0.2551665953125 0.8702735796875001 0.2546683890625 0.85289666875 0.2502788609375 0.8455912640625
0 0.167722915625 0.887462515625 0.1741809125 0.8913155250000001 0.2034060171875 0.8792791421875 0.2156992546875 0.865264021875 0.211302740625 0.8469151500000001 0.1824408078125 0.8554190171875 0.167722915625 0.887462515625
0 0.254052621875 0.8422189937500001 0.25784384375 0.8664553921874999 0.24518394062499999 0.8784812953125 0.25918945625 0.8755897671874999 0.2759932796875 0.8677025421875 0.2781758203125 0.8520291765625 0.27621793125 0.8377388625 0.254052621875 0.8422189937500001
0 0.3398014859375 0.8415151359375 0.3391927015625 0.8418809312500001 0.34321905468749997 0.8527188515624999 0.357228065625 0.8553490531250001 0.37171431875 0.8422257671875 0.3866848078125 0.824392459375 0.3777881828125 0.8164808921875 0.3398014859375 0.8415151359375
0 0.2730704203125 0.8683540078125 0.2824477828125 0.8660338187500001 0.3009568984375 0.8582267187499999 0.306916690625 0.8447028156249999 0.3010639859375 0.834962278125 0.280725025 0.8383450265624999 0.2730704203125 0.8683540078125
0 0.2175465625 0.8972970421875001 0.2320432953125 0.9007389546875 0.2493383390625 0.899185178125 0.2554191875 0.88448376875 0.25224373437500003 0.8709250453124999 0.215343065625 0.87984000625 0.2175465625 0.8972970421875001