0 0.528125 0.8703125 0.1203125 0.11875
0 0.57109375 0.82578125 0.1078125 0.1046875
0 0.60390625 0.7859375 0.1125 0.10625
0 0.625302646875 0.78293338125 0.6676379453125 0.7878598578125 0.65799541875 0.73847988125 0.639014790625 0.7046411171875 0.6059744453125 0.7027357171874999 0.625302646875 0.78293338125
0 0.6669103703125 0.74640041875 0.6957762140625 0.743874603125 0.6749711656249999 0.6647124796874999 0.6392601 0.6644072140625 0.6669103703125 0.74640041875
0 0.6969674671874999 0.6977993546875 0.7438923125 0.6965098875 0.7200985249999999 0.6251665453124999 0.6749335015625 0.624949525 0.6969674671874999 0.6977993546875
0 0.7982149781250001 0.6189028875 0.742186615625 0.562803596875 0.7162043765624999 0.5747537296874999 0.76996895625 0.6346205859375 0.7982149781250001 0.6189028875
0 0.5551313812500001 0.5427095796875 0.5371531921875 0.562673896875 0.60901181875 0.618029403125 0.622123321875 0.5975749625 0.5551313812500001 0.5427095796875
0 0.5862230937499999 0.6459998 0.6007166875000001 0.623300753125 0.5322806734375 0.5693607875 0.513329603125 0.588099565625 0.5862230937499999 0.6459998
0 0.5300678999999999 0.6910980312499999 0.548682121875 0.658696421875 0.547833203125 0.6601092578125 0.479990071875 0.612294290625 0.4579263015625 0.636213471875 0.5300678999999999 0.6910980312499999
0 0.503918546875 0.7189720765625001 0.519261059375 0.6948601953125 0.5201719609375 0.6947665453125 0.4512670265625 0.637339959375 0.4311840671875 0.657962521875 0.503918546875 0.7189720765625001
0 0.4895300859375 0.7244280234375 0.4205011890625 0.6643630593750001 0.39620868124999997 0.6863021078125 0.46969505468749995 0.7503273375 0.4895300859375 0.7244280234375
0 0.4515390265625 0.7535195031249999 0.3930609359375 0.6972302140625 0.3681405 0.7187919625 0.428502375 0.77621314375 0.4515390265625 0.7535195031249999
0 0.31886033281250004 0.6699522640625 0.268537196875 0.6313824234375 0.2498691 0.6496502546875 0.2975835 0.6911394203125 0.31886033281250004 0.6699522640625
0 0.3446296890625 0.646977675 0.288849253125 0.5961551375 0.2656886375 0.616210403125 0.32175204218750003 0.66656199375 0.3446296890625 0.646977675
0 0.3533668 0.63812605625 0.3704340875 0.6182553859375 0.373794715625 0.6183517375 0.316475453125 0.567245553125 0.2969584375 0.5869262234375 0.3533668 0.63812605625
0 0.37923318125 0.61072295625 0.40006803281250003 0.59311606875 0.40188983437500003 0.592928771875 0.34165192499999997 0.538145965625 0.3165104984375 0.561497853125 0.37923318125 0.61072295625
0 0.4117857765625 0.5892602578125 0.42960495468750004 0.5724052625 0.42988792656249997 0.5719343171875 0.3671032625 0.521390025 0.348497146875 0.5409770453125 0.4117857765625 0.5892602578125
0 0.43664422968750005 0.5663793187499999 0.45832800156250003 0.54735959375 0.46049475468749995 0.5480205390624999 0.39350054375 0.49879273281250003 0.37592929375 0.5209244828124999 0.43664422968750005 0.5663793187499999
0 0.48774095624999997 0.524010409375 0.424452328125 0.47572719843750005 0.401636665625 0.49663070468750004 0.46445637343749996 0.541427296875 0.48774095624999997 0.524010409375
0 0.5085839156249999 0.49358893281249994 0.45587303281249997 0.45614828125000006 0.4390887171875 0.47554800625000004 0.490605728125 0.5135532515625 0.5085839156249999 0.49358893281249994
0 0.5201776921875 0.48709474531249997 0.5373069625 0.468543265625 0.5400396640625 0.4682623203125 0.485100040625 0.42884153437499994 0.4677497828125 0.4491831484375 0.5201776921875 0.48709474531249997
0 0.4918213015625 0.429034234375 0.545443084375 0.4663812375 0.548582721875 0.46826772187500004 0.5620683875 0.4500908375 0.5047410218749999 0.4117992390625 0.4918213015625 0.429034234375
0 0.5922790078125 0.4567056921875 0.607807465625 0.43655137499999996 0.60711755625 0.43485489062499993 0.536285690625 0.39485870312500004 0.5247457875 0.41548666875 0.5922790078125 0.4567056921875
0 0.604651615625 0.46029406875 0.675607446875 0.502928634375 0.6787470843750001 0.5048151187500001 0.697547253125 0.47637107343749996 0.6218779109375 0.437314075 0.604651615625 0.46029406875
0 0.7996648859375 0.6108004578124999 0.8231354140624999 0.5973411359374999 0.8252401875 0.596682890625 0.7699987609375001 0.5378515765625 0.7411248125000001 0.553191978125 0.7996648859375 0.6108004578124999
0 0.8478699015625001 0.5718218187499999 0.793981359375 0.5093165843749999 0.7663012828125 0.5240923921875 0.8168642421874999 0.5807535781250001 0.8171472156249999 0.58028263125 0.8478699015625001 0.5718218187499999
0 0.9035857343749999 0.5758145109374999 0.9201490578125 0.5582049203125 0.84608863125 0.5079361718750001 0.8260056718750001 0.5285587328125 0.8902051999999999 0.5767482953124999 0.9026748343750001 0.5759081609375001 0.9035857343749999 0.5758145109374999
0 0.883923303125 0.5274646703125 0.9269322984375 0.5597168124999999 0.9611233671875 0.5796199046875 0.98003939375 0.5666288265625 0.9791284921875001 0.566722475 0.9016454546875 0.5150381875 0.883923303125 0.5274646703125
0 1 0.482267940625 0.9871003671875 0.4766484609375 0.948346690625 0.4700281984375 0.9428731796875001 0.48340468124999997 0.9551757000000001 0.49848845624999993 1 0.5154761531250001 1 0.482267940625
0 0.921205621875 0.476795228125 0.9215937265624999 0.4590811828125 0.8935229250000001 0.44606038124999997 0.8346054734375 0.4388620140625 0.8382679078124999 0.458368896875 0.8499155625 0.4660084875 0.907666078125 0.4808383359375 0.921205621875 0.476795228125
0 0.8170962062499999 0.4623129546875 0.8248604343749999 0.45223579531249997 0.8179613375000001 0.4352709390625 0.7785527937500001 0.42120649062500004 0.75182676875 0.4173263609375 0.7360584875 0.4193893359375 0.7362983109375 0.43748067968750004 0.7501747015625 0.447100403125 0.8170962062499999 0.4623129546875
0 0.6243870015625 0.3933126078125 0.671330678125 0.4119046203125 0.6853391390625 0.41134813281250004 0.68518013125 0.4144574546875 0.6952431875 0.3948650296875 0.67822715625 0.3833588203125 0.6450978890625 0.37306734375 0.6228643859375 0.3673997828125 0.6150651125000001 0.383224640625 0.6243870015625 0.3933126078125
0 0.5588884671875001 0.362930740625 0.5669707140625 0.34663493437500004 0.5569589140625 0.33485048281249996 0.5345394625 0.32522535625 0.5151006421875 0.3205960359375 0.4986074078125 0.326710225 0.5038437140625 0.3407530578125 0.5310036140625 0.35386750624999996 0.5588884671875001 0.362930740625
0 0.48356407968750004 0.3247219859375 0.493999028125 0.313044690625 0.48580903124999997 0.30107294218749997 0.465494353125 0.29078957031249997 0.4471254421875 0.2829572796875 0.43355085468750004 0.29274808750000003 0.4392911234375 0.30452983749999996 0.464063278125 0.318773478125 0.48356407968750004 0.3247219859375
0 0.453498878125 0.3861376390625 0.43319230624999994 0.3630396796875 0.418423846875 0.3733950828125 0.38967386249999997 0.39137386093750004 0.394282240625 0.405039396875 0.4105463796875 0.41352993125 0.42483781406250004 0.4125024953125 0.453498878125 0.3861376390625
0 0.3721753203125 0.44752086718750006 0.40328611406250003 0.421346009375 0.40294115937499997 0.42049776562499996 0.3847662984375 0.403808453125 0.367928109375 0.4090743984375 0.3495780296875 0.42112358437499997 0.343821546875 0.4349710125 0.357821903125 0.4472291140625 0.3721753203125 0.44752086718750006
0 0.2728089734375 0.48203857031249997 0.287499240625 0.49599315624999996 0.3053103109375 0.49195275 0.3368280421875 0.4679453234375 0.338083896875 0.4686999171875 0.3399138046875 0.45569803125 0.318847234375 0.44239898593750004 0.2985513890625 0.45199709375 0.29798544374999997 0.4529389859375 0.269111496875 0.4682793875 0.2728089734375 0.48203857031249997
0 0.479138946875 1 0.4848485046875 0.9754403453125 0.42395573124999997 0.9132133546875 0.42367275781249997 0.9136843000000001 0.40416384843750003 0.92055038125 0.39460475625 0.9378817265625001 0.4491239421875 1 0.479138946875 1
0 0.33779494374999997 0.8261892171874999 0.31640225312500003 0.8319234078125 0.30740910625 0.8483128625 0.3223742375 0.874611090625 0.37570494375 0.925243628125 0.40829258125 0.8980332296875 0.40920348281249996 0.8979395796875 0.33779494374999997 0.8261892171874999
0 0.2602661375 0.7475565625 0.23444290781250002 0.7563973734375 0.233957775 0.7785399328125 0.28540469687500003 0.8280405765625 0.30481658125 0.8256030078125001 0.3158525203125 0.8072361203125 0.3148796359375 0.80601058125 0.2602661375 0.7475565625
0 0.1662872453125 0.65647580625 0.141789959375 0.6545758109375 0.130816003125 0.6742618859375 0.17604562968749998 0.7213087484375 0.200887871875 0.7240569875 0.20560949062499997 0.70766483125 0.208784171875 0.7038036171875001 0.1662872453125 0.65647580625
0 0.1495272515625 0.6374317640625 0.157237603125 0.6132208265625 0.15752057656250001 0.61274988125 0.1095069921875 0.5973608421875001 0.0701253875 0.590363284375 0.06307800625 0.609203815625 0.0827916921875 0.6261767781249999 0.122518253125 0.6340225796875 0.1495272515625 0.6374317640625
0 0.1684945328125 0.5930638078125 0.171871375 0.56753098125 0.17152641875000002 0.5666827375000001 0.0800725828125 0.5553178921875 0.0777387140625 0.5705808578125 0.08548673125 0.586132878125 0.10175086874999999 0.5946234125000001 0.1550789546875 0.5997452937500001 0.1684945328125 0.5930638078125
0 0.211164059375 0.5661424609375 0.23183179687500002 0.5644594859375001 0.2359254859375 0.547690034375 0.237526296875 0.5492928703125 0.2236849484375 0.533925446875 0.18750496562500002 0.5301335625 0.1579492109375 0.5309628921875 0.148549128125 0.5451849140625 0.1585258828125 0.562717065625 0.211164059375 0.5661424609375
0 0.25317871875 0.53177693125 0.268195109375 0.5266982796875 0.2692731234375 0.5106807203125 0.27121888906249997 0.5131318 0.25919934218749996 0.49757707812499996 0.221383503125 0.4979300578125 0.1901649578125 0.4958373609375 0.18402847656250002 0.5145842453125 0.2010445078125 0.5260904546875 0.25317871875 0.53177693125
0 0.3195869203125 0.2795069109375 0.32775390937500004 0.29065850000000004 0.35935579375 0.310315865625 0.378457778125 0.310196815625 0.3804943953125 0.295575178125 0.3519136515625 0.27618343125 0.33752528437499996 0.27043720000000004 0.3273620015625 0.2710208765625 0.32119876875000003 0.2708858421875 0.3195869203125 0.2795069109375
0 0.3069772875 0.2777286171875 0.320454265625 0.27311465625000003 0.3217398125 0.26206739687499997 0.2957104328125 0.243528196875 0.2836052671875 0.23893083593750003 0.26698056718749996 0.24432961406249998 0.277132571875 0.26158020937500004 0.30821124375000003 0.27913909375 0.3069772875 0.2777286171875
0 0.315648828125 0.234099134375 0.3518292984375 0.25405444843749997 0.3645524 0.2492105234375 0.36480745312499996 0.2433424203125 0.365462875 0.24373623906250003 0.3618622796875 0.234882390625 0.3442427515625 0.2236264703125 0.3303897890625 0.2179789265625 0.31873094218750003 0.2161028859375 0.3114912640625 0.2246876109375 0.315648828125 0.234099134375
0 0.381497759375 0.2551550734375 0.378507546875 0.266070121875 0.385757509375 0.275778653125 0.42285782968749996 0.29271845937499996 0.4230763046875 0.29284973281250004 0.4360516375 0.28659627187500003 0.43726966875000006 0.278630628125 0.430216615625 0.268594384375 0.406849240625 0.25700699375 0.393433225 0.25162199687500003 0.381497759375 0.2551550734375
0 0.267411959375 0.2015472890625 0.27396336875 0.209944034375 0.3029679453125 0.22402654531250002 0.303087965625 0.22432167500000003 0.31698596874999996 0.2105941375 0.3098344609375 0.2007217515625 0.2912735171875 0.19202235625 0.278839228125 0.18945736875000002 0.2689591140625 0.1915492703125 0.267411959375 0.2015472890625
0 0.215952390625 0.150110053125 0.23764131093750002 0.1892346078125 0.251503646875 0.197340925 0.2611477921875 0.1969206640625 0.2684574703125 0.189909771875 0.2668784671875 0.181155553125 0.24968933437500002 0.16324483437499998 0.22218313906249998 0.14716346875 0.215952390625 0.150110053125
0 0.8396938828125 0.3340797859375 0.8747327203124999 0.34424195156250004 0.8858399421875 0.338511871875 0.8862113734375001 0.3372223703125 0.8858183390625 0.325792384375 0.8622416125000001 0.311323521875 0.82561275 0.3071642984375 0.82178143125 0.3175687171875 0.8228715281250001 0.328509934375 0.8396938828125 0.3340797859375
0 0.7969326609375 0.32200036718749997 0.8114463234375 0.32134244375 0.8160624703125 0.3123172046875 0.8156032765625 0.31173875624999997 0.8139115328125 0.291057421875 0.763841328125 0.2797294328125 0.7447738546875 0.2846094765625 0.740124625 0.299060484375 0.751341215625 0.3079178421875 0.7969326609375 0.32200036718749997
0 0.9148662968749999 0.385601184375 0.91456991875 0.385423103125 0.8979561765625 0.37816338125 0.8843609046875001 0.3799782046875 0.87781379375 0.418399328125 0.89481168125 0.42770508124999995 0.9106317046875001 0.42420166718749996 0.9148662968749999 0.385601184375
0 0.8621896687499999 0.41687733906249996 0.8681948796875 0.3914421875 0.8663072390625001 0.37578625468750004 0.8658772984375 0.3758304578125 0.8446092640625 0.36758937187499996 0.8365535953125001 0.37696822343749997 0.8327019109375 0.396133946875 0.833817434375 0.413746234375 0.8499134703125 0.4191822046875 0.8621896687499999 0.41687733906249996
0 0.807031403125 0.4106606046875 0.814891175 0.4063071546875 0.8269906015625 0.378785596875 0.8266439234374999 0.36528710000000003 0.8143875359375 0.3588089390625 0.7983042140625 0.3567085015625 0.780148715625 0.39632307187500004 0.7878672734375 0.40428874531250003 0.807031403125 0.4106606046875
0 0.6716880984375 0.355961303125 0.6859346390625001 0.3557479453125 0.70959283125 0.33517159531249996 0.709600484375 0.3230747578125 0.7095712296875 0.32245210625 0.6948108093750001 0.3147932953125 0.680472678125 0.31918712031249996 0.66832621875 0.3273181203125 0.659573484375 0.33718574375 0.65769979375 0.3463461375 0.6716880984375 0.355961303125
0 0.679642053125 0.31989817343750004 0.6854144609375 0.3109626125 0.6845545796875 0.3110510171875 0.6784514749999999 0.303753471875 0.665394278125 0.2986307390625 0.6483264015625 0.30622494218749996 0.6300819 0.32249077187499997 0.63191485625 0.330852984375 0.647756484375 0.34006905781249996 0.658016540625 0.337762915625 0.679642053125 0.31989817343750004
0 0.656382071875 0.296846090625 0.6573539109375 0.2838159140625 0.6389911515625 0.27611035 0.6256464625 0.2801934890625 0.6054901296875 0.2956131078125 0.6047726984375 0.3048631796875 0.6163899734375 0.31305368906250003 0.6317469765625 0.3150202453125 0.656382071875 0.296846090625
0 0.5995587312499999 0.2980998828125 0.6256464625 0.2801934890625 0.6252241749999999 0.26814085312499997 0.6250906140625 0.2683631375 0.6119163921874999 0.2607498015625 0.594422403125 0.26233978750000003 0.576252953125 0.277138034375 0.5748677140625 0.2874995265625 0.5855208046875 0.29662337031249997 0.5995587312499999 0.2980998828125
0 0.6022656343749999 0.26069922343749996 0.5997356140625001 0.25282578125 0.5991428578125 0.2524696171875 0.5849459390625 0.24454431875 0.5682494953125 0.2508490203125 0.5528683 0.2636921875 0.551232478125 0.2717853640625 0.565191528125 0.280777878125 0.5738195890625 0.28051649375 0.5937253390625 0.2628285578125 0.6022656343749999 0.26069922343749996
0 0.544286034375 0.2618633375 0.5640124296875 0.24648791874999998 0.5698306328125 0.2354621265625 0.57009775625 0.235017559375 0.5604966203124999 0.22682832656250002 0.546963684375 0.223840028125 0.531987 0.2299679234375 0.5207423906249999 0.24196870625 0.5296260953124999 0.2594080109375 0.544286034375 0.2618633375
0 0.66539056875 0.2341883640625 0.6727618875 0.228633815625 0.6722734390625 0.2274327171875 0.6671841421875 0.21106318124999998 0.63262993125 0.2081505328125 0.6213471765625 0.2101447125 0.6210724015625 0.2226861171875 0.6309572015625 0.22771789843749998 0.66539056875 0.2341883640625
0 0.6727860812500001 0.2138240921875 0.6842189375000001 0.2088947453125 0.6756188953125 0.1882979890625 0.6751596984375 0.1877195390625 0.6411231921875 0.186630640625 0.6250818406249999 0.18848838750000002 0.6181112046874999 0.1933760859375 0.6187713625 0.20436150312499998 0.6269071453125 0.2089474390625 0.6727860812500001 0.2138240921875
0 0.660979321875 0.1770813578125 0.6497589046875001 0.17427241875 0.6287999656250001 0.16954495 0.6158559609375 0.17296123593749999 0.6040097046875 0.17522189999999999 0.6014224125000001 0.18758395 0.617681265625 0.193420284375 0.6225022 0.1887535984375 0.6384977546874999 0.1889860859375 0.6435107624999999 0.1853424125 0.6601575875 0.187176365625 0.6604412484375 0.1840189125 0.660979321875 0.1770813578125
0 0.624767684375 0.16954239843750002 0.648293553125 0.170669121875 0.65874185625 0.1754344171875 0.6610582 0.1695653546875 0.6555936499999999 0.16053373906249999 0.65556439375 0.1599110890625 0.63586601875 0.154428365625 0.6069722546875 0.1555219296875 0.6033622624999999 0.167572015625 0.6079834734375 0.17397915 0.6177677953125 0.1738074453125 0.624767684375 0.16954239843750002
0 0.668699234375 0.1360370265625 0.670151871875 0.13630478906250001 0.6559091593749999 0.1304697265625 0.6449685796875 0.130551753125 0.635231290625 0.1501140171875 0.6420607140625 0.157545440625 0.6584404140625 0.1598239609375 0.668699234375 0.1360370265625
0 0.687644625 0.11323401250000001 0.68508535 0.1047379171875 0.6851146046875 0.10536056875 0.6736436046875001 0.10028331093750001 0.6639343359375001 0.0989874328125 0.65285254375 0.11138858125 0.6531705265625 0.1242861515625 0.67297320625 0.1289239421875 0.687644625 0.11323401250000001
0 0.69772915 0.10719196875 0.70861504375 0.099816221875 0.708051540625 0.10008270781249999 0.717993615625 0.084878996875 0.7022982640625 0.078776171875 0.6949307703125001 0.078282303125 0.6822208078124999 0.0866797890625 0.6779430078125 0.09984129375 0.69772915 0.10719196875
0 0.720306134375 0.085058353125 0.7272144328125 0.0849737765625 0.7513619765625 0.072460890625 0.750722525 0.0673325921875 0.721410296875 0.050325103125000006 0.702814734375 0.05911912968750001 0.703855209375 0.0781989984375 0.720306134375 0.085058353125
0 0.6089822125000001 0.048119245312499996 0.614847446875 0.056484009375 0.6453782703125001 0.068778059375 0.6545113203125 0.06700489062500001 0.656931971875 0.06029089375 0.65650203125 0.06033509687500001 0.6566686749999999 0.05468704375 0.6487249625 0.0511241234375 0.6404136484375 0.0428022875 0.6255781765624999 0.0366110609375 0.6147838765625 0.0398063375 0.6089822125000001 0.048119245312499996
0 0.663701646875 0.044996228124999996 0.6728435875 0.05260701250000001 0.6839762406250001 0.0535480015625 0.69035411875 0.048304140625000005 0.6909468750000001 0.0486603046875 0.6851108953125 0.0409181921875 0.66802524375 0.029744490624999998 0.6498545578125 0.0230619421875 0.640158003125 0.025101596875 0.6405841171875 0.031105815624999998 0.663701646875 0.044996228124999996
0 0.655750284375 0.053530146875 0.6587852937500001 0.05989180468750001 0.667058465625 0.0582070375 0.6692705046875 0.053182909375 0.660796371875 0.044460706249999996 0.654722525 0.0377858109375 0.6373824625 0.030392209375 0.6292682828125 0.0385257625 0.6408728421875 0.0433807359375 0.6478065734375 0.049967228125 0.655750284375 0.053530146875
0 0.65385758125 0.022441843750000003 0.6734643640625 0.0321050359375 0.688400315625 0.043499746875 0.700350878125 0.0403941484375 0.6994490265625 0.036524367187500004 0.659496425 0.013728565625 0.658369421875 0.0142615375 0.65385758125 0.022441843750000003
0 0.5020986749999999 0.1394005890625 0.5412906375000001 0.1460074859375 0.5498347578125 0.1378297328125 0.5446725453125 0.12239895 0.524617146875 0.116021675 0.511894471875 0.1210836265625 0.49912982499999997 0.12218739375000001 0.4975525140625 0.13152587031250002 0.5020986749999999 0.1394005890625
0 0.472198753125 0.1374693078125 0.48334794375 0.1356974109375 0.488899025 0.1251161859375 0.48537556249999997 0.11755343124999999 0.46768061093749996 0.10873644687499999 0.444555428125 0.10694287031250001 0.43776415 0.10951804843749999 0.43783155 0.12014730468749998 0.4489896296875 0.1277593609375 0.472198753125 0.1374693078125
0 0.3911131 0.10659775 0.4166054859375 0.1158644015625 0.43046788124999996 0.11360501249999999 0.4304093703125 0.11235971250000001 0.42951134687500003 0.1024415125 0.41896256249999997 0.092472734375 0.406322590625 0.0839702640625 0.390535646875 0.082047909375 0.3833067765625 0.0967641265625 0.3911131 0.10659775
0 0.39985806562500004 0.17931776093750001 0.4172858921875 0.18857931249999998 0.42727882343749995 0.1867177375 0.4458616734375 0.17458817499999998 0.44657774375 0.162916996875 0.4464620828125 0.1628475015625 0.43234021718750004 0.153454621875 0.4177349625 0.15829301406250001 0.4021616953125 0.17011316406250002 0.39985806562500004 0.17931776093750001
0 0.41873223125000003 0.1519339078125 0.40515732499999996 0.144987425 0.3932652734375 0.149338325 0.37448652656250003 0.1664932890625 0.387969840625 0.17762024062499998 0.3983927125 0.17571446562499998 0.42319062343749997 0.1579406765625 0.41816872812500006 0.15220039531250001 0.41873223125000003 0.1519339078125
0 0.3969172359375 0.1412464234375 0.39662085625 0.141068340625 0.382186071875 0.1342102640625 0.367092365625 0.1378475578125 0.35067193125 0.1530916453125 0.3575306109375 0.16114572031250002 0.3716397609375 0.16720306875 0.38301410625 0.161028421875 0.396112040625 0.148628546875 0.3969172359375 0.1412464234375
0 0.33876728125 0.0836162140625 0.34859739843750004 0.081354275 0.35174436875000004 0.07477415937500001 0.3409577171875 0.0658725984375 0.3331055984375 0.058129210937499995 0.31718891875 0.0503807203125 0.3087363890625 0.05437800625 0.30807746874999997 0.064873378125 0.3143141359375 0.0719486390625 0.33876728125 0.0836162140625
0 0.274745678125 0.051198871874999996 0.28036033125 0.057295318750000004 0.29964148125 0.066157778125 0.3042413484375 0.062596246875 0.31021828125 0.055268417187499995 0.3067533296875 0.0489509625 0.2924063125 0.04396083125 0.2807394140625 0.043908978125 0.274745678125 0.051198871874999996
0 0.2354074390625 0.041478725 0.25326520625 0.0506960734375 0.2655291421875 0.0414666875 0.25671620625 0.032197203125000004 0.24321635156250002 0.023783137500000003 0.2329270421875 0.025466628125 0.23207605 0.034938984374999996 0.2354074390625 0.041478725
0 0.21741895156250002 0.0349120703125 0.2315748828125 0.030402351562500003 0.23028888906249997 0.0244865375 0.21026870625 0.0121546625 0.20138399062499998 0.026178484374999998 0.21741895156250002 0.0349120703125