0 0.36332825468749996 0.1658650703125 0.400463590625 0.24894995625 0.437315078125 0.24894649375000003 0.3969691703125 0.14888538125 0.37574823749999997 0.14598894375 0.36332825468749996 0.1658650703125
0 0.47005599531250003 0.201464346875 0.48306270781249994 0.183106390625 0.46355869375000003 0.0914625734375 0.4293275859375 0.0700726015625 0.40734857812499997 0.0782178796875 0.4382410375 0.18849340312500001 0.47005599531250003 0.201464346875
0 0.5786321921875001 0.0793059515625 0.68422628125 0.168319290625 0.71127470625 0.129947034375 0.6087856125 0.0359646640625 0.5786321921875001 0.0793059515625
0 0.7052758703124999 0.183775615625 0.7870944140625 0.25678080312499996 0.8142813 0.2231012328125 0.729806028125 0.1518905625 0.7052758703124999 0.183775615625
0 0.8341972359375 0.2919716203125 0.899452340625 0.354626821875 0.9367157515625 0.3318499296875 0.8652835390625 0.2618802171875 0.8341972359375 0.2919716203125
0 1 0.375196053125 0.9217082734375 0.355866915625 0.903734259375 0.389545621875 1 0.4099044171875 1 0.375196053125
0 0.7996303609375001 0.36940439999999997 0.7440727421875 0.3231727328125 0.7142620140625 0.3413942484375 0.7664377140624999 0.383209575 0.7996303609375001 0.36940439999999997
0 0.6583945890625 0.30302978281250004 0.5684674015625 0.2307154578125 0.5401070546875 0.2613586875 0.6246515593749999 0.3349157015625 0.6583945890625 0.30302978281250004
0 0.5099536359375 0.304699975 0.6029165890625 0.3696989234375 0.6314153953125 0.34374838125 0.5356572546875 0.2758512640625 0.5099536359375 0.304699975
0 0.4737615703125 0.345419440625 0.5715897078125 0.41000387031249996 0.5919106421875 0.38239785 0.49460000312499997 0.31698524687499996 0.4737615703125 0.345419440625
0 0.55133800625 0.43995623437500003 0.563032796875 0.41386925 0.47314195625 0.3611538421875 0.45885966875 0.3913816859375 0.55133800625 0.43995623437500003
0 0.441089884375 0.39524793125 0.437365275 0.41595136562499996 0.45082371875 0.43127038281249996 0.5148690171875 0.47129032656250003 0.5372962953125 0.459970534375 0.5208349703125 0.43471431875000005 0.47527634374999994 0.413504253125 0.441089884375 0.39524793125
0 0.4137374921875 0.30263285624999997 0.3654291234375 0.2004959953125 0.328036734375 0.20749932968749998 0.38068480625 0.307675834375 0.4137374921875 0.30263285624999997
0 0.384833509375 0.3588581421875 0.34062679687499997 0.254144959375 0.298418596875 0.26187672968750003 0.344136484375 0.35818998125 0.384833509375 0.3588581421875
0 0.288669709375 0.35623524375 0.314265546875 0.40399962343749996 0.3407251109375 0.4065170734375 0.3522597390625 0.3950362828125 0.3188081921875 0.3269451578125 0.3012232546875 0.3122191859375 0.2778021890625 0.3158052921875 0.2733515328125 0.328909378125 0.288669709375 0.35623524375
0 0.279705903125 0.46229738749999993 0.3023994734375 0.463863215625 0.3114426328125 0.45736653125000004 0.2863776734375 0.3977864015625 0.2710461546875 0.377460359375 0.24856254687499998 0.37555851875 0.23751736562499998 0.38127141249999996 0.239815021875 0.3995267328125 0.2473912484375 0.4252853640625 0.263380746875 0.445555346875 0.279705903125 0.46229738749999993
0 0.1823251609375 0.4705943265625 0.1839220046875 0.48000193593749996 0.2532252765625 0.5335860609374999 0.2726422984375 0.5284323671875 0.279752953125 0.5160560140625 0.20839148281250003 0.4597841515625 0.1823251609375 0.4705943265625
0 0.20708395624999998 0.5496059890625 0.2288548125 0.5646115593750001 0.2471939296875 0.5601859499999999 0.25053859218749996 0.546857975 0.22551927656249998 0.5260848546875 0.19449389374999998 0.502960359375 0.17952752656249998 0.495009965625 0.16863613125000002 0.49848290312500004 0.1581794078125 0.509235609375 0.164676325 0.52077070625 0.1847112984375 0.536560421875 0.20708395624999998 0.5496059890625
0 0.19828306406250001 0.6015734921875 0.2166650140625 0.6060516515625001 0.232693134375 0.5903705453125 0.2009388484375 0.5574463656249999 0.17657751093750002 0.5366171859375 0.164299234375 0.530346496875 0.149529490625 0.52905991875 0.13725261718749998 0.5377408499999999 0.14264354375 0.5490520562500001 0.1716535625 0.578392584375 0.19828306406250001 0.6015734921875
0 0.5002303515625 0.4842281078125 0.49700857656249997 0.46446091406249995 0.42681068125 0.42526850781250003 0.41484138125000003 0.429469525 0.40561634687500003 0.43725419375 0.41085348593750004 0.45080535624999996 0.4480668125 0.4749932453125 0.485237303125 0.4902773640625 0.5002303515625 0.4842281078125
0 0.4328125 0.4921875 0.1125 0.0921875
0 0.43721971249999997 0.5551313609374999 0.3485284375 0.507290928125 0.3278467453125 0.5317623671875 0.41446377500000003 0.5818440125000001 0.43721971249999997 0.5551313609374999
0 0.39644799218750004 0.6160666578125 0.41647877656250004 0.5937151625 0.332345375 0.5472067984375 0.3137986890625 0.5714963328125 0.39644799218750004 0.6160666578125
0 0.3528827609375 0.598445446875 0.3456620171875 0.6197055140625001 0.42257163750000004 0.6551306015625 0.43374415624999996 0.6307811921875001 0.3528827609375 0.598445446875
0 0.4302944234375 0.6589456640625 0.505235371875 0.69212991875 0.5197695203125 0.66887041875 0.4527784546875 0.6391377953124999 0.43899926718750004 0.6396236359375 0.4302944234375 0.6589456640625
0 0.55939436875 0.649666621875 0.492735971875 0.6150885234375 0.47484019375 0.6372581140625 0.5328066578125 0.6674155609375 0.55939436875 0.649666621875
0 0.49600645937500004 0.6130894703124999 0.5588186546875 0.6462748625 0.5796826296875001 0.62798135 0.517718059375 0.5912829281249999 0.5052262546875 0.595099890625 0.49600645937500004 0.6130894703124999
0 0.605270815625 0.6085971671875 0.6095696890625 0.593091340625 0.5416846703125 0.5572414265625001 0.5297685828125 0.564450146875 0.52045764375 0.5793507625000001 0.5882674703124999 0.620712375 0.605270815625 0.6085971671875
0 0.6268768421875001 0.591272671875 0.6398068875 0.5781281890625001 0.6391544609375 0.5640764625 0.60375025625 0.5409427890625 0.56021540625 0.52435123125 0.550602178125 0.545126978125 0.5487246484375 0.54597510625 0.6268768421875001 0.591272671875
0 0.6464519156249999 0.5534763640625 0.6660285078125 0.5318517296875 0.5973710578125 0.49400314375 0.5771883703125 0.5112063671875 0.6051576437499999 0.5322208546875 0.6464519156249999 0.5534763640625
0 0.604956371875 0.48509892499999996 0.6657247015625 0.5215551875 0.6816085140625 0.5198577890625 0.68674058125 0.50840994375 0.6811976140625 0.497871621875 0.6603305984375 0.48382179374999995 0.6273492593750001 0.4622020953125 0.6117533046875 0.465595371875 0.604956371875 0.48509892499999996
0 0.6298921281250001 0.4516630140625 0.7010491531249999 0.5016855437500001 0.728257390625 0.4807870078125 0.654904596875 0.428887075 0.6549349765625 0.429916728125 0.6298921281250001 0.4516630140625
0 0.6571899875 0.41768176874999996 0.7307091171875 0.4671589640625 0.7505272374999999 0.43759989062500004 0.6758726265624999 0.3899398421875 0.6571899875 0.41768176874999996
0 0.6871522390625 0.377280059375 0.7577495 0.43251149531250005 0.7827619671875 0.4097355546875 0.7083792671875 0.355170721875 0.6871522390625 0.377280059375
0 1 0.41295380000000004 0.9997169578125 0.41189562031250004 0.9005823015625 0.413116296875 0.8933456078124999 0.4257757015625 0.894831228125 0.443885409375 0.9150313875 0.45145451875 1 0.446397509375 1 0.41295380000000004
0 0.8236354671875 0.4650909203125 0.8312845796874999 0.49058935468750003 0.911946221875 0.4919748421875 0.9233169765625 0.48240401874999994 0.915349625 0.45418005156249996 0.83836785 0.45661000781250005 0.8236354671875 0.4650909203125
0 0.8018532328125 0.5409241765624999 0.883604025 0.5308621984374999 0.8805272140625 0.4991248234375 0.7911895890625 0.5019193484375 0.790055628125 0.51990816875 0.8018532328125 0.5409241765624999
0 0.7155779875 0.5830270828125 0.7148359390625 0.5820580640624999 0.7246648703125 0.6008332375000001 0.739035725 0.61233981875 0.78863836875 0.5847161234375 0.7964652078125 0.56787746875 0.769373934375 0.5443796062499999 0.7155779875 0.5830270828125
0 0.6960925375 0.6077406812499999 0.65003380625 0.6426322109375 0.677488128125 0.66231425 0.7208665171875 0.625242521875 0.6960925375 0.6077406812499999
0 0.5984191984375 0.6907280984375 0.619346975 0.7068372359375 0.6402124734375 0.70471539375 0.6626357421875 0.682848215625 0.6649659453125001 0.66510155625 0.6446746437499999 0.654443484375 0.6276857296875 0.6589876859375 0.5984191984375 0.6907280984375
0 0.6890806656249999 0.7569810375 0.66854631875 0.73808573125 0.6340520171875 0.7296700125 0.6230298828125 0.7429960203125 0.672592275 0.7704286953125 0.6890806656249999 0.7569810375
0 0.49650166718750005 0.7265939640625 0.49406437187499996 0.7326509999999999 0.48741782499999997 0.7411311515625 0.48778239375 0.7534870015624999 0.5110115125 0.766991496875 0.54738334375 0.7745590859375 0.5675804640625 0.749784853125 0.49650166718750005 0.7265939640625
0 0.0841263203125 0.589688328125 0.1432890265625 0.6200879359375 0.1705116953125 0.591618390625 0.0953580796875 0.5512265578125 0.0699825640625 0.57781831875 0.0841263203125 0.589688328125
0 0 0.6733127343749999 0.0381936703125 0.677213490625 0.048214759375 0.6460805640625 0 0.6319601296874999 0 0.6733127343749999
0 0.170927153125 0.662119571875 0.0713223546875 0.65546644375 0.0697630640625 0.6590401046875 0.0720051640625 0.670547825 0.0934175125 0.6869597578125 0.1099378046875 0.690713425 0.15048850625000001 0.69482824375 0.1759566875 0.687497115625 0.170927153125 0.662119571875
0 0.20313758124999998 0.6979122671875 0.2837992234375 0.6992977546875 0.281949034375 0.6688321953125 0.1891123078125 0.6578175296875 0.18202751718750002 0.67562520625 0.20313758124999998 0.6979122671875
0 0.430254171875 0.7140020328125 0.34684990625 0.6922053671875 0.340614259375 0.7226716875 0.419203175 0.7424700578125 0.430254171875 0.7140020328125
0 0.6384177328125 0.7809101796875 0.5766210140625 0.7579606921875001 0.565296590625 0.7771618296875 0.620007 0.801747321875 0.6384177328125 0.7809101796875
0 0 0.7496815203125 0.027147232812499998 0.7541965296875001 0.0184811234375 0.70229051875 0 0.7011101984375 0 0.7496815203125
0 0.0438034765625 0.7544978046875 0.074587528125 0.758068428125 0.0700250984375 0.70822134375 0.0334261734375 0.701017184375 0.03144306875 0.706347359375 0.0438034765625 0.7544978046875
0 0.098053615625 0.7151234703125 0.09796703125 0.760549521875 0.1340510046875 0.7664212328125 0.13388011093750002 0.72032895625 0.098053615625 0.7151234703125
0 0.147795253125 0.716390725 0.1532964484375 0.7658137453125 0.18695755625 0.7701714828124999 0.184499753125 0.7191128390625 0.147795253125 0.716390725
0 0.2084997828125 0.7184443359375 0.1957550609375 0.7701100875 0.2349735671875 0.7774351375 0.2412221265625 0.7232261375 0.2084997828125 0.7184443359375
0 0.3030940359375 0.7406639265625 0.286639065625 0.7874845796875001 0.3241463765625 0.793235021875 0.34114668125000003 0.7487764703125 0.3030940359375 0.7406639265625
0 0.364647709375 0.7553761812500001 0.329067296875 0.79075126875 0.359958440625 0.8060115187499999 0.388164684375 0.7705765546875 0.364647709375 0.7553761812500001
0 0.3737535796875 0.8141263437499999 0.3904705859375 0.8164869250000001 0.42562718437499997 0.7828683515625 0.39240431875000004 0.769183090625 0.3651064578125 0.8031643359375 0.3737535796875 0.8141263437499999
0 0.4567006125 0.804306525 0.43039772187500003 0.7914079984375 0.39352992656249997 0.8234519640625001 0.418954815625 0.8388338624999999 0.4567006125 0.804306525
0 0.490665528125 0.8189608015625 0.46572521250000004 0.8038816984375 0.42853918125 0.8332001328124999 0.44849781093749996 0.84870368125 0.490665528125 0.8189608015625
0 0.5145455546875 0.8303453546874999 0.49626773750000003 0.8153867625 0.45535702499999997 0.8474311078125 0.4792530015625 0.867416321875 0.5145455546875 0.8303453546874999
0 0.556202875 0.847785040625 0.5248271578125 0.8322219984375 0.4946218625 0.8643864734375001 0.51606459375 0.881828059375 0.556202875 0.847785040625
0 0.5879112625 0.8585026078125001 0.5465767359375 0.89230346875 0.570533475 0.9143479921875001 0.608384846875 0.87533860625 0.5879112625 0.8585026078125001
0 0.12263695937500001 0.79870508125 0.038765590625 0.8013779546875 0.0683245390625 0.8198484359375 0.12580339375 0.8173597453125 0.12263695937500001 0.79870508125
0 0.2156704015625 0.8083266609375 0.139323584375 0.8000360109375 0.1419606328125 0.824929234375 0.215294440625 0.8358851640625 0.2156704015625 0.8083266609375
0 0.225574525 0.821590134375 0.23034658125 0.8463014546875 0.27713596875 0.852293296875 0.298364515625 0.84635563125 0.306266546875 0.824005275 0.2252707171875 0.81129359375 0.225574525 0.821590134375
0 0.31096189375 0.8380566234375 0.3265897484375 0.8518646750000001 0.3579047046875 0.865368409375 0.37877020156249996 0.863246565625 0.37586124375 0.8452581265625 0.32304431562499997 0.8284251671874999 0.31096189375 0.8380566234375
0 0.3897027140625 0.8630032671875 0.37484880781249996 0.8673655625000001 0.3774091453125 0.8815988156250001 0.391658475 0.8889867796875001 0.42386586406250004 0.8924361328125 0.432026890625 0.8869236734375001 0.4278913109375 0.8676634203125 0.3897027140625 0.8630032671875
0 0.6918232875 0.7773922140625 0.7428842078125 0.79919191875 0.7587968843749999 0.782352503125 0.70770558125 0.7595231453125 0.6918232875 0.7773922140625
0 0.649247709375 0.8174922703125 0.6878456890625 0.8279669171874999 0.7079068546875 0.8066450749999999 0.6468218078125 0.783634953125 0.6309091312499999 0.8004743671875 0.649247709375 0.8174922703125
0 0.7273649640625 0.8132451656249999 0.7149946828125 0.8211807437499999 0.7114522890625 0.8300845812500001 0.722688609375 0.8401378234375001 0.74676535 0.8501292906250001 0.7629674015625 0.851157425 0.775548828125 0.8342577546875001 0.7273649640625 0.8132451656249999