0 0.2247634234375 0.526395309375 0.219201490625 0.502512409375 0.2079942484375 0.477484825 0.1955326640625 0.44767570156250003 0.184869975 0.42740486874999994 0.15522384218750002 0.42163186562500005 0.1406313671875 0.43249285000000004 0.137032065625 0.4541607390625 0.14800796562500002 0.4858130734375 0.15652399374999998 0.526854978125 0.17317825 0.5587056046875001 0.1871097515625 0.5667724796875 0.21205171093750003 0.56480083125 0.227618371875 0.5463934921875 0.2247634234375 0.526395309375
0 0.2288639234375 0.5224952609375 0.240691025 0.536746609375 0.2497082375 0.5478726984375 0.269777496875 0.5490059796875 0.28018885781249997 0.548072209375 0.28693917343750003 0.5405238703124999 0.2837306171875 0.5209516625 0.2763941296875 0.489559209375 0.27217638593750004 0.461735246875 0.259935534375 0.43146887187500005 0.232619596875 0.4149468484375 0.2186901328125 0.41446042031249997 0.2035324375 0.42128271875 0.19951659375 0.43411592343749994 0.19855196875 0.443163646875 0.20797573749999998 0.4612231015625 0.20903736875 0.47726075312500005 0.21270561250000003 0.49295698125 0.224148440625 0.508924703125 0.2288639234375 0.5224952609375
0 0.29517275625 0.5555146265625 0.30281879218749996 0.5687550734375 0.30829562187500004 0.569811225 0.32697861875 0.5734907859375 0.334271234375 0.5689885203125 0.3439671828125 0.56067815 0.348201384375 0.5508797078125001 0.350748353125 0.5336707281249999 0.3475247125 0.514530440625 0.33825966093750004 0.482638190625 0.3327310734375 0.4552009015625 0.31881738125000003 0.4356873109375 0.2996524140625 0.4272339921875 0.2824835421875 0.426634440625 0.273465640625 0.4341035921875 0.27074556250000004 0.4469820484375 0.2705265140625 0.462542528125 0.273961315625 0.475635915625 0.2773882328125 0.4982428828125 0.281380415625 0.5139504234375 0.2873988609375 0.5366478906250001 0.29517275625 0.5555146265625
0 0.37639864843750004 0.5700271953125 0.3926258625 0.569728965625 0.402291646875 0.5622824375000001 0.409238040625 0.5491191203125 0.410059721875 0.5348770296875001 0.4068138 0.5070870046875 0.3948221640625 0.46039630625 0.38689023906250003 0.4367671234375 0.3727876671875 0.4319501703125 0.35414991875 0.42697484531249996 0.3409057 0.4347288609375 0.3350740734375 0.45312048125000004 0.3385914875 0.473135921875 0.3437508875 0.5018576625 0.34903095156249997 0.527124034375 0.3573773140625 0.5481730015624999 0.3639006953125 0.5656987250000001 0.37639864843750004 0.5700271953125
0 0.43198863750000005 0.566346615625 0.450438190625 0.5674233359375 0.463930934375 0.561840240625 0.46758547031250003 0.54077790625 0.46629039531250005 0.5221374140624999 0.4583519640625 0.47083132968749997 0.45674083281250005 0.44266594374999996 0.441983178125 0.42874470625 0.41813220781249993 0.42445222656250003 0.40595751093750004 0.4387303109375 0.40271021406249996 0.44813077031250004 0.40349315625 0.4628613453125 0.40814042031250003 0.48767316875000005 0.4133299859375 0.51553106875 0.42049336249999997 0.5425929968750001 0.422850759375 0.558675896875 0.43198863750000005 0.566346615625
0 0.516695265625 0.574061565625 0.526827934375 0.5718207171875 0.5354163140625 0.5673637015625 0.5393639390625 0.5657717625 0.5427922296875 0.5511882484374999 0.5406014359375 0.511758971875 0.5395778515625 0.485343896875 0.5386218 0.466282796875 0.53613654375 0.4445736078125 0.5336433984375 0.4323779984375 0.51565353125 0.4274252984375 0.5027863906250001 0.4243812796875 0.4855493015625 0.435022996875 0.4840797375 0.4492424640625 0.48525414843750003 0.47133832499999995 0.48714397031249995 0.5008107875000001 0.4898023421875 0.526850503125 0.494163028125 0.55986883125 0.500724459375 0.56701713125 0.5096741453125 0.5707892453125 0.516695265625 0.574061565625
0 0.5647670828125 0.562766828125 0.573008553125 0.568244003125 0.58587569375 0.5712880218749999 0.601146171875 0.5705239359375 0.6075122125 0.5646919703125 0.61135494375 0.5475282390625 0.6127871421875 0.5250909546875 0.6134364 0.48792309375 0.616496190625 0.4560287890625 0.60633404375 0.44053823750000004 0.5903934046875 0.4326299609375 0.5722074609375001 0.4332922375 0.56292595 0.4390223921875 0.5614190234375 0.44502404218749997 0.5595199390625 0.462255646875 0.5607618796875 0.491705484375 0.55978936875 0.5102667890625 0.5605795062500001 0.534079025 0.561302115625 0.5505372828125 0.5647670828125 0.562766828125
0 0.0885423265625 0.1755287203125 0.06792356875 0.162267703125 0.049820237499999996 0.16985203437500002 0.010114309375 0.28522644375 0.01540945625 0.31006089375 0.056323029687500005 0.3365716125 0.07590312187500001 0.3238494765625 0.0947684921875 0.28515549687499997 0.1150057296875 0.22575191874999997 0.1083774546875 0.19265440312499998 0.0885423265625 0.1755287203125
0 0.201080784375 0.30573347812499996 0.20991837812499997 0.2848521390625 0.22216129375000002 0.2593327890625 0.231639571875 0.22939241406250002 0.23951322656250001 0.1989635578125 0.23689222031249998 0.1811416609375 0.21751678281250003 0.1601399953125 0.19632555625 0.14469674999999999 0.18103999843750002 0.1458927578125 0.16795380937499998 0.15840921875 0.13804221562500002 0.25336815 0.1299652828125 0.2803303234375 0.1316446328125 0.29725444218749997 0.1504626890625 0.3156419515625 0.1731608359375 0.32508355 0.18467976875 0.3202964234375 0.201080784375 0.30573347812499996
0 0.23326440937499998 0.2943163609375 0.25012373593750004 0.3130679203125 0.2672243921875 0.32490873750000004 0.277236396875 0.326123259375 0.2927560859375 0.30893485 0.3484105375 0.191955134375 0.3472964578125 0.16813158749999998 0.3263918109375 0.144481834375 0.2975387828125 0.1348253046875 0.28355618437499996 0.14514822031250002 0.278937709375 0.1566630375 0.2717349046875 0.1771690171875 0.2636356921875 0.19548145156250002 0.25112127968750003 0.22877538749999998 0.238893446875 0.2538628140625 0.22844334531250002 0.283769253125 0.23326440937499998 0.2943163609375
0 0.37778665624999996 0.3166611109375 0.3843710578125 0.3138639078125 0.39671166874999997 0.2948346890625 0.42142375000000004 0.23731716875000003 0.4391815484375 0.20247654375000002 0.448772603125 0.17859438125 0.453014690625 0.15928235625 0.44948939218749995 0.148780496875 0.4366904671875 0.1344952109375 0.41885931875000004 0.11570971562500001 0.4043573875 0.11304105625000001 0.39301156718749997 0.122158709375 0.3846742328125 0.1376526125 0.338568890625 0.26945210468749997 0.338086234375 0.2832735875 0.348677903125 0.29575200156250003 0.3669687421875 0.310661515625 0.37778665624999996 0.3166611109375
0 0.4701708625 0.29956218125 0.47669492968749994 0.2984926625 0.5284829921875 0.227217421875 0.5463384875 0.19886693125 0.5534960453125 0.17965671562500002 0.5595991640625 0.1534905109375 0.5590345828125 0.1417946984375 0.5419719796875 0.11957645624999999 0.528005153125 0.11087221249999998 0.514429796875 0.1095332546875 0.5042217140624999 0.1139337078125 0.4936968859375 0.1274045109375 0.44555409843750005 0.22432148125 0.437733578125 0.24394099218749998 0.43367248593749996 0.25806996249999997 0.43494528125 0.26806071249999996 0.44291525624999994 0.2813124734375 0.458011934375 0.2948131015625 0.4701708625 0.29956218125
0 0.5886880171875 0.3049982359375 0.6772559 0.20214132343750002 0.7058696671875 0.1629228703125 0.7092304296874999 0.1409853796875 0.70381461875 0.11960630000000001 0.6921534296875 0.1006038171875 0.6669391671875 0.0889121140625 0.6531074 0.0949158203125 0.6314249453125 0.12140287812499999 0.5523260796875 0.24102348125 0.54820465625 0.25688013593750003 0.5487089046875 0.270303634375 0.55629460625 0.28527176718749997 0.5621629078125 0.2936932046875 0.572890325 0.30228432656250004 0.5886880171875 0.3049982359375
0 0.9052925296875 0.2849180484375 0.91754264375 0.268480359375 0.923405125 0.230629653125 0.934458546875 0.1834463625 0.9408338484375 0.1309103328125 0.9420555734375 0.0959247046875 0.9432011953125 0.081693925 0.8691386828125 0.0942432859375 0.8476187015625 0.2089554203125 0.8353075671875001 0.2457160359375 0.8387718468750001 0.2765408234375 0.8456644171875001 0.2927820953125 0.86106275625 0.297644296875 0.8750978 0.295107275 0.8917847046875 0.2909330671875 0.9052925296875 0.2849180484375
0 0.876146040625 0.4694204421875 0.890868396875 0.41933813750000004 0.90120571875 0.3833734875 0.9071055625 0.35374059999999996 0.9040557218749999 0.3203356 0.8876252296875 0.31716714375 0.8479162328125 0.31188844375 0.8281931953124999 0.3194162125 0.8210808890625 0.3373306625 0.8166355234375 0.35317600625 0.8150452984375001 0.37085084375 0.8087762640625 0.40176818281250004 0.79406830625 0.47001380781249996 0.7931862921875 0.4859835859375 0.799905753125 0.49789433125000004 0.8100757843749999 0.5038713015625 0.8323975484374999 0.505515690625 0.8535743765625 0.5027956171875 0.8668940109375001 0.492881996875 0.876146040625 0.4694204421875
0 0.7819929937500001 0.64862561875 0.8042695078125 0.6515657734375 0.8194121234375 0.6451753953125 0.8295002312499999 0.6256350703125 0.8389411453125 0.587476878125 0.8484495890625 0.5566726625 0.8465145171874999 0.5284959640625 0.8317188124999999 0.5249521515625 0.80748356875 0.5223760453125 0.7820423734374999 0.5357584046875 0.7818685734375 0.5500231203125 0.7792311093750001 0.569823628125 0.7740847265624999 0.596455690625 0.7696616453125 0.6209507734375 0.7692544031249999 0.6326126484375 0.7724105109375 0.6443989593749999 0.7819929937500001 0.64862561875
0 0.7576466671875 0.7978348984375 0.7725177859375 0.7992191046875 0.7855810062499999 0.796648146875 0.7927759265625001 0.7856557515625 0.802088290625 0.760466509375 0.806541540625 0.7351075875 0.804380221875 0.713409709375 0.7839345765625 0.7044792203125 0.7651761640625 0.7029592640625 0.7558494046875001 0.709985184375 0.755834321875 0.7104171046875 0.75382965625 0.730672159375 0.748969853125 0.7490977156249999 0.745820253125 0.7649883078124999 0.7470176328125 0.7771386671875 0.7479363218749999 0.78798195 0.7576466671875 0.7978348984375
0 0.7620275703125 0.8952886937500001 0.7742245484375 0.8896603484375 0.7789486046875 0.87512208125 0.7792279859375 0.8578339156249999 0.771996390625 0.8420132546874999 0.753367215625 0.8089291062499999 0.7343229124999999 0.797020415625 0.7127618109375 0.8014568609375001 0.7057478890625 0.807266203125 0.7037058593750001 0.8193034390625 0.7081728140625 0.8307030765625001 0.7148771921875 0.84304574375 0.7252576984375 0.8615710562500001 0.7356231234374999 0.8805282921875 0.7468325078125 0.8938931734375 0.7620275703125 0.8952886937500001
0 0.7125996546875 0.908265865625 0.7260622328124999 0.9035466124999999 0.7334984812500001 0.8856434734375 0.7289489109375 0.86732178125 0.7180110203125001 0.846182315625 0.6982060578125 0.8281927890624999 0.6801335796875 0.8163180375 0.66527754375 0.8145019078125 0.6546851859375 0.8206187343750001 0.6488312796875 0.830360615625 0.6461564515625 0.8419433062499999 0.6538175671875 0.8547518328124999 0.667083378125 0.8742428 0.6846056703125 0.8925850609375001 0.7051640953125 0.9075737609375001 0.7125996546875 0.908265865625
0 0.5849309125000001 0.8584005296875 0.5978282218750001 0.8605807078125001 0.6061300234375 0.864330196875 0.6163603890625 0.86857948125 0.63170628125 0.8656557875 0.64379048125 0.85396923125 0.6444088859375 0.8362604546875 0.6254550812499999 0.8217602375 0.6046028812500001 0.8058963796875 0.5741904796874999 0.7944556031250001 0.55962033125 0.8030282109375 0.5573901078125 0.81116684375 0.559679975 0.81989576875 0.5612917937499999 0.8294659109375001 0.566233521875 0.8365576499999999 0.5736461140625 0.8471952546875 0.5849309125000001 0.8584005296875
0 0.5224325828125 0.8648670015625 0.535932521875 0.868365565625 0.5479937546875 0.8666245124999999 0.5610418921875 0.8644854765625001 0.569984378125 0.85917593125 0.57298315 0.8476045531249999 0.56532203125 0.8347960265625 0.5499768281249999 0.8191244796875001 0.5273318125 0.7988735359375 0.5086638984375 0.794762053125 0.49549509687500004 0.8003564609374999 0.4911854796875 0.8123145109375001 0.49150153437500005 0.82183940625 0.49388190156249995 0.8279768031250001 0.497776390625 0.837194209375 0.5033056671875 0.8460362578125 0.5091136359374999 0.8561853796875001 0.5224325828125 0.8648670015625
0 0.44126702343749996 0.84862675 0.453464003125 0.842998403125 0.45923529687500003 0.82633446875 0.45886679375000006 0.8090236781250001 0.44506588281250004 0.7955682984375 0.376985825 0.785406825 0.37119225 0.793421021875 0.36932333281249996 0.809788784375 0.37689395000000003 0.8251888375 0.38842007968750003 0.8294833718750001 0.401723940625 0.8385969125000001 0.41224808125 0.8437213515625 0.44126702343749996 0.84862675
0 0.31798193750000003 0.8218342406250001 0.3330642203125 0.8171715484375 0.3412912953125 0.804485403125 0.335476128125 0.78525461875 0.2736112828125 0.7735803953125 0.26468388125 0.77845801875 0.2649245203125 0.79014251875 0.270054440625 0.8011328609374999 0.28082710781250003 0.8084282203125 0.2890384109375 0.8147692375 0.2982064546875 0.8215761125000001 0.31798193750000003 0.8218342406250001
0 0.19854609375 0.8055549046875001 0.2005572671875 0.8129767515624999 0.21083288125 0.815930271875 0.2260128609375 0.8177577125 0.238059009375 0.8164485812500001 0.25046715 0.8047733375 0.25351116875 0.7919061968750001 0.24893143593749997 0.7744483468750001 0.22776249062499998 0.7676548375000001 0.18263699687499999 0.7595923015625 0.1741915625 0.769243684375 0.1712983734375 0.7777916125 0.1726616671875 0.7851908375 0.17723420625 0.7935670265625 0.18549075625 0.7986122796874999 0.1919394125 0.79970236875 0.19854609375 0.8055549046875001
0 0.03108098125 0.46499210625 0.0345682296875 0.485871390625 0.0420031015625 0.5051587359374999 0.05167539375 0.5253891078125 0.061573932812499996 0.5391406625 0.071284278125 0.5489936125 0.0834130375 0.554606534375 0.0982992421875 0.5555588203124999 0.11192773281249999 0.5460884328125 0.11925840000000001 0.5312087453125 0.11005367968749999 0.497588809375 0.090535984375 0.45279753593749994 0.0716884484375 0.41667862656250004 0.050768032812499995 0.4120560375 0.033426046875 0.4071259609375 0.0285892140625 0.415606015625 0.019895253125 0.42308648125000003 0.0191339046875 0.43560088593749996 0.023374615625 0.4534793453125 0.03108098125 0.46499210625
0 0.65539959375 0.6515564984375 0.6505031156250001 0.643168996875 0.633379490625 0.6412736828125001 0.6190808375 0.64207170625 0.6163456765625 0.6553820796875 0.6166977203124999 0.7103152765625 0.6260992062499999 0.71972499375 0.637376809375 0.72184860625 0.6455658328125 0.7195398859375 0.6527758359375 0.7081155671875 0.655707075 0.6891902156249999 0.65510513125 0.669276584375 0.65539959375 0.6515564984375
0 0.5606250734375 0.7278173375 0.5714580703125 0.7333850109375 0.579466096875 0.736259346875 0.5960926703125 0.7338128234375 0.59961865625 0.725719440625 0.601126271875 0.7011225484375 0.6015342 0.67086543125 0.59682660625 0.647781290625 0.58465259375 0.643464134375 0.570165746875 0.640363553125 0.562903296875 0.644001975 0.5580212125 0.6537777953125 0.55718445 0.6684518078125 0.5580578890625 0.680590853125 0.5568519359375 0.69654931875 0.5585916171875 0.7117457515625001 0.5606250734375 0.7278173375
0 0.5155743046875 0.7361904359375 0.5281778375 0.7374954578125 0.5392823296875 0.735288546875 0.5418666609375 0.726297384375 0.5431329468749999 0.708611234375 0.54037688125 0.6760813859375 0.536784053125 0.6582255515625001 0.5299439296874999 0.649770178125 0.51911093125 0.6442025046875 0.5038555375 0.6445346703125 0.49731638437500003 0.6460361109375 0.49389597968750004 0.6511060421875 0.4943097296875 0.6671210703125 0.497834340625 0.6962181703125 0.505343940625 0.7319411515625001 0.5155743046875 0.7361904359375
0 0.48622422343749994 0.7221920671875 0.48386751562499997 0.687513925 0.48067472968749997 0.6489145546875 0.466511825 0.6458252875 0.449358034375 0.644793815625 0.4365735046875 0.64867185 0.43321274218749994 0.670609340625 0.43874133281249994 0.69804663125 0.4482398265625 0.7325417203125 0.46072269375 0.7373021125 0.47755254375 0.738322271875 0.48382808749999995 0.7350818343750001 0.48622422343749994 0.7221920671875
0 0.4021123421875 0.7253090875 0.41467062656250003 0.7279098734375 0.42477312968750003 0.72653286875 0.43232215781249994 0.714687940625 0.4311247765625 0.7025375828125 0.4285037703125 0.684715684375 0.42439160937500003 0.6538682734375 0.41216515 0.64176521875 0.399298009375 0.6387212015625 0.38121764687500004 0.636360028125 0.3793566109375 0.6432142078124999 0.378610346875 0.65529669375 0.3798077265625 0.667447053125 0.383249725 0.6896221 0.38972785781249997 0.7084435874999999 0.39388595625 0.71939999375 0.4021123421875 0.7253090875
0 0.35157754531249996 0.7235443734375 0.363179090625 0.7256793015625 0.3735452015625 0.72604129375 0.381327671875 0.7167992062499999 0.3823224625 0.706887640625 0.37445087187500004 0.681530771875 0.3670016046875 0.64408010625 0.34316571875 0.63935570625 0.32306629375 0.639086265625 0.320240634375 0.6549881703125 0.32375085000000003 0.6659219515625 0.3271102359375 0.6811749453125 0.3301004328125 0.6977123890625 0.337836965625 0.7083613093750001 0.3427032765625 0.7176126546875 0.35157754531249996 0.7235443734375
0 0.2854332515625 0.72296435625 0.293290446875 0.7301579046875 0.3051857671875 0.7331679859375 0.32178217187499997 0.7315853046874999 0.328992175 0.7201609875 0.330725346875 0.7076805171875 0.32475935 0.692768946875 0.314010340625 0.65693284375 0.29906449375 0.6391130015625001 0.2801178875 0.63369444375 0.2601764890625 0.6381874515625 0.2558367078125 0.65100934375 0.25550488125 0.6605116140625 0.260393475 0.6784126968749999 0.26721063125 0.6968135734375001 0.2744573078125 0.712202315625 0.2854332515625 0.72296435625
0 0.2003358390625 0.689288878125 0.20646775 0.699449315625 0.2123360515625 0.707870753125 0.2177374671875 0.7110865093750001 0.2261520484375 0.7208942125 0.23504139999999998 0.7263940109375 0.244405521875 0.727585909375 0.2537998125 0.727913965625 0.2623429421875 0.7247527140625001 0.26623811875 0.7153748796875 0.266291253125 0.704565534375 0.25591074687500004 0.686040221875 0.2422613515625 0.6496703859374999 0.2268558171875 0.635726521875 0.20940825312500003 0.6338198968750001 0.2008500390625 0.6374130703125 0.1955010703125 0.6419832078125001 0.19459677656250002 0.649303246875 0.19569646093749998 0.6549634734375 0.1949803625 0.6661821156250001 0.1959141328125 0.6765934765625 0.2003358390625 0.689288878125
0 0.16062615625 0.7026054187499999 0.168777128125 0.710674121875 0.1818927953125 0.7158890609374999 0.192273990625 0.71581913125 0.1986551140625 0.70955524375 0.20356736406249998 0.69891558125 0.1996125421875 0.6914258609374999 0.1877631609375 0.668524771875 0.1785728359375 0.6530681578124999 0.17347308125 0.6412139734375 0.159031484375 0.6368176296875 0.143188540625 0.6353994859375 0.1379071 0.6473236 0.1369273921875 0.65680324375 0.137582471875 0.665907528125 0.14303633437500002 0.6769091828125 0.14781214843749998 0.6887520546875 0.1530024015625 0.6980147125 0.16062615625 0.7026054187499999
0 0 0.54514626875 0.004559628125 0.555744946875 0.0178031578125 0.5665861734375001 0.0296230609375 0.5717558625 0.0398160625 0.567787328125 0.051485825 0.5586809890625 0.060179785937499994 0.5512005249999999 0.06537072499999999 0.5418679390625 0.05847026875 0.5351402484375 0.04262081875 0.506045203125 0.03493741875 0.48458693750000004 0.0205870078125 0.45900382500000003 0.0037958984374999996 0.4290109984375 0 0.5049178734375 0 0.54514626875
0 0 0.5963594578125 0.004949723437499999 0.6003007171875 0.012822003125 0.60706234375 0.024084521875 0.6096178796875 0.03295159375 0.606467940625 0.0371103796875 0.598829103125 0.047959146875000004 0.5853696125 0.0431380859375 0.5748225062500001 0.042407590625000005 0.5678778265625 0.03580810625 0.5711069515625 0.029299118750000002 0.57174455 0.013976196875 0.5647227390625 0.004205520312500001 0.5565974765624999 0 0.5433467671875001 0 0.5963594578125
0 0.029552778125 0.6387828546875001 0.0346676171875 0.6502051171875001 0.0371758453125 0.6619688046875 0.0435713640625 0.6738682375 0.052016110937500006 0.6828120953125 0.06380585 0.6888456265625 0.077154959375 0.6966634046875 0.08604431093750001 0.7021632046875 0.09102408906250001 0.6988775171875 0.0992885265625 0.6944091890624999 0.10508210312499999 0.68639499375 0.09891282968750001 0.6680167390625 0.085910628125 0.6502647703125 0.0700611734375 0.621169725 0.0553940203125 0.604656959375 0.046956471875 0.6047947609375 0.0359726421875 0.6035463015625 0.033524059375 0.608650171875 0.023391390625 0.6108910187500001 0.0218995484375 0.616460746875 0.0199178484375 0.6267702984375 0.029552778125 0.6387828546875001
0 0.1357954765625 0.707792584375 0.149867884375 0.71347338125 0.1559552359375 0.706334340625 0.1551945734375 0.7002535046875 0.1489118328125 0.69441228125 0.1408441625 0.674670390625 0.13541326874999998 0.6537232328125 0.1300499046875 0.64013005 0.1160529109375 0.632289646875 0.0991023984375 0.6347248609375 0.09873320937499999 0.6360093109375 0.0917868140625 0.649172628125 0.09330813593750001 0.6613342984374999 0.09961315781249999 0.6758252609375 0.1084946234375 0.690838640625 0.1205027203125 0.699906934375 0.1357954765625 0.707792584375
0 0 0.7222260890625 0.00163008125 0.7325138921875001 0.0042740546875 0.7403902875 0.0106997421875 0.7514258796875 0.0200408953125 0.7625632812500001 0.0294050171875 0.763755178125 0.0380005953125 0.7683798234375 0.0463174796875 0.7716973921875 0.0556363546875 0.774185053125 0.0669592046875 0.7750129046875001 0.07391279687499999 0.7709312500000001 0.0784709390625 0.76114411875 0.07195475625 0.7527000562499999 0.0519163515625 0.7321076890625 0.0337763421875 0.7128789609374999 0.017082240625 0.7079715078125 0.0170973234375 0.7075395875 0.0070702359375 0.7067569859375 0.0019999578125 0.7126342 0 0.7199325359375 0 0.7222260890625
0 0.1981984953125 0.8340843359375001 0.18831504062499999 0.8199008593749999 0.181150975 0.8114341734374999 0.16666412656250001 0.8083335937499999 0.1568554 0.810585753125 0.1557399421875 0.8239526890625 0.161012809375 0.8401374 0.16976641406249998 0.8495244906250001 0.18064465937500002 0.8537964 0.1947924828125 0.857317590625 0.20326019843749998 0.8563159453125 0.2042097421875 0.8477001421875 0.1981984953125 0.8340843359375001
0 0.087794946875 0.8284991671874999 0.0964810203125 0.8305322828125 0.1047677390625 0.83471369375 0.1131298734375 0.8367354984375 0.1215674234375 0.8365976953125 0.128054128125 0.8273103609374999 0.1275872421875 0.8221046796874999 0.11734968125 0.8087737359375 0.101477259375 0.789624190625 0.0906291796875 0.784488440625 0.0799994578125 0.78238745 0.0747711546875 0.7835022171875 0.0706425328125 0.7902772109375 0.0671768765625 0.796642909375 0.071764496875 0.804587175 0.0742727234375 0.8163508625 0.079907584375 0.8221694609375 0.087794946875 0.8284991671874999
0 0.1430359625 0.8905385046875001 0.1546224234375 0.8931053515625 0.16117665781249998 0.891171990625 0.16608890781250002 0.8805323296875001 0.16372362499999998 0.8739630109375 0.15124864375 0.8596890374999999 0.13637821249999998 0.8397095890624999 0.11752930156250001 0.8407811609375001 0.11287346250000001 0.8440781609375 0.1082549875 0.855592978125 0.11201372968750001 0.8686976765625 0.11868794062500002 0.8819041875 0.128225175 0.8874266109375 0.1430359625 0.8905385046875001
0 0.1821481484375 0.9407709593750001 0.189523375 0.9431907484375 0.19822453281250002 0.9447919453125 0.2063532234375 0.9442109078125 0.21023331875 0.9352649953125001 0.20439518437499998 0.9259797140625 0.1934343234375 0.9147857515625001 0.184710884375 0.9045348171875001 0.1724916265625 0.9015134234375 0.16538000625 0.9008326328124999 0.16223829218750002 0.9072096406249999 0.1609497234375 0.9162460515624999 0.1658462046875 0.9246335546875001 0.16922855781249999 0.9299410453125001 0.17324371249999998 0.93570308125 0.1821481484375 0.9407709593750001
0 0.22289787031250002 0.916247090625 0.23327906562499998 0.916177159375 0.23755851562500002 0.9050829531250001 0.2355322578125 0.8980930265625 0.22654521249999998 0.8861030937500001 0.21837195937499998 0.8693846515624999 0.20917374843749997 0.8634416187499999 0.19324030781249998 0.8646150031250001 0.1910854984375 0.870594028125 0.18854641875 0.878289425 0.190587759375 0.8848474328125 0.19412814218750002 0.89491736875 0.2022489484375 0.9038499156249999 0.2106786109375 0.91322569375 0.22289787031250002 0.916247090625
0 0.25462762968749997 0.9549780953125 0.2646999671875 0.954464934375 0.26672691406250004 0.94285961875 0.26096419375 0.93141473125 0.24745705468749998 0.91883450625 0.23173477656250002 0.9139609921874999 0.22538381875 0.9193610359375001 0.22437394375 0.9297045234375 0.2281930171875 0.9410815390625 0.235635775 0.9508553015625001 0.246114665625 0.9572755046875001 0.25462762968749997 0.9549780953125