0 0.6826627828125 0.2276963171875 0.7170653703125 0.2409059421875 0.7815091546875 0.17664763125 0.77703706875 0.1536407453125 0.75618763125 0.14873989999999998 0.6826627828125 0.2276963171875
0 0.6682857531249999 0.16124111875 0.6738496609375 0.1830409375 0.708199853125 0.1823329796875 0.7765596625 0.0904527765625 0.7589594984375 0.0749719328125 0.719336525 0.0826738578125 0.6682857531249999 0.16124111875
0 0.6195778828125 0 0.5046845624999999 0.045305834375 0.51618505625 0.090822709375 0.646665159375 0.0455631359375 0.6354509046875 0 0.6195778828125 0
0 0.4061083140625 0.1298799640625 0.5086552265625001 0.09104489375 0.49718093281250003 0.0524868078125 0.39279685 0.0886944671875 0.4061083140625 0.1298799640625
0 0.275661371875 0.1855747484375 0.359035878125 0.15046641562500002 0.34079810625 0.1112333359375 0.2490354890625 0.15095667343750002 0.275661371875 0.1855747484375
0 0.267273428125 0.182724246875 0.17074759687500002 0.1706469125 0.1679495921875 0.2040205265625 0.2663275734375 0.2192050078125 0.267273428125 0.182724246875
0 0.422220665625 0.20151405625000002 0.3537852140625 0.2247649671875 0.3798258859375 0.24954838906250001 0.443521371875 0.22920851718750002 0.422220665625 0.20151405625000002
0 0.5867775640625 0.179280209375 0.4769081671875 0.2145644234375 0.4969831078125 0.2564249140625 0.6022726765625 0.218051565625 0.5867775640625 0.179280209375
0 0.522937109375 0.287993434375 0.6330190421874999 0.26062663124999996 0.6193611 0.22448268593749998 0.5056310234375 0.25355345625000003 0.522937109375 0.287993434375
0 0.5289354015625001 0.3314506671875 0.6434108265625 0.3062143765625 0.6341463765625 0.2722009453125 0.5198572890625 0.29839585468749996 0.5289354015625001 0.3314506671875
0 0.5333770203125 0.3314375046875 0.534946309375 0.35998284062499997 0.6386898375000001 0.34777586562499996 0.6361888640625 0.31443742812500003 0.5333770203125 0.3314375046875
0 0.5695742671875 0.36583616406249997 0.545155278125 0.3835156625 0.5620362937500001 0.40212081718750003 0.6361695953125001 0.3877107625 0.6542239796875 0.3782323015625 0.6581662046875 0.3575692015625 0.619127265625 0.354189965625 0.5695742671875 0.36583616406249997
0 0.7744766624999999 0.19580052812499998 0.6927743390625001 0.2738413328125 0.7218244375 0.29039438125 0.8068756953125 0.21573893906250002 0.7744766624999999 0.19580052812499998
0 0.7770649781250001 0.24787781718750002 0.698268609375 0.3297937234375 0.736502003125 0.34375445312499997 0.813698909375 0.270222109375 0.7770649781250001 0.24787781718750002
0 0.7586693062500001 0.38668475625 0.7996823 0.35126559375 0.823775765625 0.33124424375 0.8243168046875 0.3174155546875 0.8037365015625 0.30567427343750003 0.7820422328125 0.31312027656249997 0.726410846875 0.3647008546875 0.7330650015625 0.37955273906250003 0.7586693062500001 0.38668475625
0 0.8269639390625001 0.401238103125 0.8356511078125 0.3850187 0.8273868578125001 0.37572701875000003 0.8057150453125 0.369445134375 0.7841176359375 0.3829268015625 0.739365871875 0.4295671671875 0.7454801859375 0.4388731234375 0.7672276015625 0.44554394531249997 0.7884682578125 0.43576431718749997 0.8106598515625001 0.42257078124999997 0.8269639390625001 0.401238103125
0 0.8492489984375 0.487202759375 0.8541111671875001 0.4789922546875 0.8336501796875 0.45955875468749996 0.746862475 0.4865194 0.7490655546875 0.5006219515625 0.7653459890625001 0.512391778125 0.8492489984375 0.487202759375
0 0.8264180140624999 0.5337605812499999 0.850780803125 0.526199503125 0.8609800062499999 0.51775885 0.855071240625 0.503972978125 0.8461478343750001 0.4968275875 0.8293263625 0.4988864515625 0.79207459375 0.5093565234375 0.7612726296875 0.51978378125 0.7596188234375 0.533425140625 0.7751538671875 0.5441289546875 0.800856228125 0.5379220218749999 0.8264180140624999 0.5337605812499999
0 0.8719772921875 0.5478621718750001 0.8636268125000001 0.5353581843749999 0.8493769999999999 0.5312663078125001 0.835667028125 0.53272035625 0.8054592484375 0.54343575 0.7640151000000001 0.5627934015625 0.7733590312499999 0.5831769390625 0.7921248921874999 0.5855837203125 0.8252929671875 0.5734856374999999 0.86289085625 0.55649015625 0.8719772921875 0.5478621718750001
0 0.5781829234375 0.40013897812500004 0.5680912078125 0.41743866093750004 0.57992056875 0.4284591546875 0.620099546875 0.4275109140625 0.66350934375 0.41826563906249997 0.6732549375 0.4074913609375 0.6674324031250001 0.396917790625 0.65776360625 0.3887063890625 0.5781829234375 0.40013897812500004
0 0.62734375 0.446875 0.1125 0.0609375
0 0.6973708171874999 0.4812035078125 0.5974259 0.49408229062500003 0.609097440625 0.5271756984375 0.7079090609375001 0.5114612203125 0.6973708171874999 0.4812035078125
0 0.6110226390625 0.5346769765625 0.621712928125 0.5627222875 0.714845275 0.5507311640625 0.70623504375 0.52140839375 0.6110226390625 0.5346769765625
0 0.6624769359375 0.583419740625 0.66335471875 0.560984075 0.5762760046875 0.5621939609375 0.580021234375 0.5918490875 0.6624769359375 0.583419740625
0 0.48980388750000003 0.569992390625 0.495037225 0.596915578125 0.5768928015625 0.5927918421875 0.5756905265625 0.5716336375 0.5630006546875 0.5662420484374999 0.48980388750000003 0.569992390625
0 0.537670696875 0.5378656687500001 0.46304804062500005 0.5462588703125 0.4815091546875 0.5723571171875 0.546432975 0.5649760374999999 0.537670696875 0.5378656687500001
0 0.45378124218749993 0.5196658921874999 0.46670363281249994 0.5442213390624999 0.53723645 0.5357499796875 0.5350759171874999 0.51565118125 0.524781690625 0.5076110796875 0.45378124218749993 0.5196658921874999
0 0.43886689375000004 0.478873503125 0.4373234484375 0.49489001874999994 0.44885573437500004 0.51229399375 0.5269843390625 0.4979804703125 0.52363173125 0.4807328046875 0.5150904781250001 0.46973254062500003 0.43886689375000004 0.478873503125
0 0.5162263671875 0.4594016515625 0.5146970093750001 0.436560746875 0.468107840625 0.43644880625000004 0.42676480312500004 0.4453582171875 0.42112002187500003 0.45824282656250004 0.428480696875 0.4751479734375 0.5176752515625 0.46086629375 0.5162263671875 0.4594016515625
0 0.491369165625 0.397403778125 0.4137081921875 0.4081338453125 0.424234940625 0.4353378078125 0.47040375624999997 0.430292625 0.50404624375 0.4206972015625 0.491369165625 0.397403778125
0 0.41662643906249996 0.4020663546875 0.48642331875 0.389808925 0.487067284375 0.3691649859375 0.473723246875 0.36040799687499997 0.43518470625 0.3687722703125 0.410668659375 0.3744108453125 0.4017172578125 0.3822627953125 0.4024059140625 0.394789446875 0.41662643906249996 0.4020663546875
0 0.37678343124999997 0.344064225 0.39469514375000003 0.37332525 0.47905242187499997 0.3521255921875 0.4634660796875 0.32284913125000003 0.46386343906249994 0.321898753125 0.37678343124999997 0.344064225
0 0.376316428125 0.33687398125 0.4626834890625 0.317029940625 0.455183559375 0.2844353609375 0.3684076421875 0.3021760296875 0.376316428125 0.33687398125
0 0.3675189015625 0.29340773593749997 0.4532202984375 0.2671445421875 0.4413264375 0.238896615625 0.3523299171875 0.26318089843750003 0.3675189015625 0.29340773593749997
0 0.253800015625 0.2694311640625 0.2616769 0.2530566890625 0.25945759062499996 0.2386447203125 0.1673448671875 0.2019784375 0.14668355 0.23044248125000003 0.23222901718750003 0.269258446875 0.253800015625 0.2694311640625
0 0.29208230625 0.326949775 0.308361190625 0.3058861328125 0.2976466125 0.292688903125 0.2266487546875 0.26283254375 0.20909602500000002 0.28632664375 0.2162816625 0.299336690625 0.29208230625 0.326949775
0 0.24729541249999998 0.310081621875 0.233049303125 0.33860838125 0.305764353125 0.3772989125 0.324309828125 0.3619066609375 0.3296978015625 0.344706275 0.24729541249999998 0.310081621875
0 0.3014085609375 0.3948413328125 0.30268110937500003 0.41336646093749996 0.3390897203125 0.4569314015625 0.35662965625 0.45133913437500006 0.3725341765625 0.43733337343749995 0.37149414687500004 0.4379721046875 0.335121321875 0.38261283281249997 0.3014085609375 0.3948413328125
0 0.40677459843749997 0.5114317984375 0.376279075 0.46235177656250004 0.3468784734375 0.4698129515625 0.3740903703125 0.519967815625 0.40677459843749997 0.5114317984375
0 0.40393660468750003 0.5131057875 0.38117353125000003 0.5157842031250001 0.376989128125 0.5331872078125001 0.390086559375 0.5616377578125 0.40880577812499996 0.5710961921875 0.434116540625 0.5635568609375 0.41816862656250003 0.5234364484375 0.40393660468750003 0.5131057875
0 0.3857983078125 0.5920269703125001 0.35057918125 0.58752206875 0.3246372453125 0.5978035046875 0.3352112734375 0.6162668859375 0.3913127421875 0.60841785 0.3857983078125 0.5920269703125001
0 0.44777861874999997 0.6468425046874999 0.484446628125 0.652812046875 0.5109724578125 0.6485290874999999 0.515740753125 0.6371245578125 0.5125746796875 0.62682574375 0.5124699171875 0.6202975671875001 0.43780127343749997 0.6164757640625 0.44777861874999997 0.6468425046874999
0 0.811679771875 0.57843205 0.8268917468750001 0.614766390625 0.8930191375 0.6075879328125 0.9104773046875 0.601574990625 0.8963168515625 0.567655671875 0.811679771875 0.57843205
0 0.9926628828125 0.7014839125 0.9990362046874999 0.6855384453125 0.9985928609375 0.6742738171875 0.917284365625 0.6683150328125 0.9137022765625 0.6942142687499999 0.96382854375 0.7038575921875 0.9926628828125 0.7014839125
0 0.900220728125 0.6703784390624999 0.80484736875 0.6408945 0.7910573984375 0.6627840546875 0.81220675 0.6787552328124999 0.8515387109375 0.6894457921875 0.8683069265625001 0.691861784375 0.8941785890625 0.684213425 0.900395765625 0.6742735390625 0.900220728125 0.6703784390624999
0 0.7014949875000001 0.6175916875 0.6888498078125 0.645370690625 0.7646504515625 0.672983775 0.792345359375 0.6597421781249999 0.7921128390625001 0.6405783203125 0.7014949875000001 0.6175916875
0 0.6483176125 0.627460696875 0.562641796875 0.6179202234375001 0.5627567640625 0.6484577375 0.6432209390625 0.6581381125 0.6483176125 0.627460696875
0 0.431011328125 0.625697 0.36509476093750004 0.624976228125 0.374815296875 0.6510271921874999 0.4347025140625 0.647681115625 0.431011328125 0.625697
0 0.99423565 0.7775157453125 0.9859142609375 0.7227188875 0.9490023015625001 0.7234315515625 0.9547388515625 0.7869394234375 0.99423565 0.7775157453125
0 0.8979836390625 0.761653778125 0.937385875 0.7697112625 0.95999949375 0.7273340765625 0.9246755999999999 0.7163009984375 0.8979836390625 0.761653778125
0 0.8798522234374999 0.7118593468750001 0.8577292296874999 0.7567605796875 0.8877482156250001 0.7644591359375 0.9165432250000001 0.7239363953125 0.916602003125 0.71824956875 0.8798522234374999 0.7118593468750001
0 0.8416738859375 0.7518424125000001 0.8578722937500001 0.7094025109375 0.8225598984375001 0.7014231843750001 0.8058823609375001 0.7443927890625 0.8416738859375 0.7518424125000001
0 0.78843703125 0.7439293499999999 0.8112844640624999 0.6997604390625 0.77604234375 0.6891480375000001 0.75545000625 0.7359345875 0.78843703125 0.7439293499999999
0 0.7537598062499999 0.7385693875 0.7603769328125 0.6857679562500001 0.72811435 0.6785055125 0.7145211125 0.73135325625 0.7537598062499999 0.7385693875
0 0.668338146875 0.7214342031250001 0.6697551296875 0.671826421875 0.63132265 0.6657632859375 0.63126128125 0.713361284375 0.668338146875 0.7214342031250001
0 0.6308186484375 0.7263604781249999 0.606098090625 0.6757251171875 0.578695775 0.6814881578125 0.60455705 0.72959779375 0.6308186484375 0.7263604781249999
0 0.5510109640625 0.6831662640625 0.57178465625 0.7271509046875 0.588237284375 0.7309379484375 0.6002384968750001 0.7238028875 0.5869315390625001 0.68229598125 0.5510109640625 0.6831662640625
0 0.5480013828125 0.6924861234375 0.5188231 0.6951018203125 0.541688346875 0.7408627546875 0.5709369046874999 0.73561398125 0.5480013828125 0.6924861234375
0 0.5188720546875001 0.69401005625 0.49018439531249997 0.699149803125 0.5188924546875 0.742028728125 0.54308141875 0.734707453125 0.5188720546875001 0.69401005625
0 0.4848742234375 0.696739628125 0.46244973125 0.7041544953125001 0.482113121875 0.7514109453125 0.5115839984375 0.7413166906249999 0.4848742234375 0.696739628125
0 0.455380803125 0.7059312515625 0.4205117515625 0.709216553125 0.445784140625 0.7553827234375 0.472053159375 0.7467839875 0.455380803125 0.7059312515625
0 0.41246843593750004 0.7606334703125001 0.38599247812500004 0.7142646781249999 0.3608452578125 0.7226453578124999 0.38225330468749996 0.7667575265625 0.41246843593750004 0.7606334703125001
0 0.8947965234374999 0.806336921875 0.8851551687500001 0.8226178031250001 0.9232010515625 0.84193941875 0.9574141578124999 0.8495061109375 0.9686237421874999 0.8318176812500001 0.8947965234374999 0.806336921875
0 0.8818372265625 0.799461475 0.8075902312500001 0.7798412140625001 0.7980651359375 0.8057040234375 0.8704543953125 0.8217562671875 0.8818372265625 0.799461475
0 0.7012213546875 0.7957363125 0.7145321984375 0.7743764609375 0.718505778125 0.7648726875 0.638334196875 0.74771375625 0.6377017281249999 0.77141144375 0.6553924140625 0.7845623625 0.7012213546875 0.7957363125
0 0.6154186515625 0.7763610046875 0.6349568750000001 0.7690706015625 0.6271285671875 0.755748909375 0.5717873250000001 0.7525359375 0.5626250984375 0.7682871140625 0.5813443171875 0.77774555 0.6154186515625 0.7763610046875
0 0.48922378125000004 0.789977015625 0.49486726875000003 0.798047990625 0.5261715953125 0.8063698390624999 0.5421221 0.8045790828125 0.5496131234375 0.7922087390625 0.5373091140625 0.782813021875 0.49998693593750004 0.7734780781249999 0.48922378125000004 0.789977015625
0 0.26367370625 0.6183677546874999 0.31915550000000004 0.6163145765625 0.3107318015625 0.5939406578125 0.2548526515625 0.5969442140625 0.26367370625 0.6183677546874999
0 0.2982305953125 0.6296068828125 0.309318240625 0.6567018171875 0.3491063375 0.6607551703125 0.372325546875 0.651439546875 0.363504490625 0.63001600625 0.2982305953125 0.6296068828125
0 0.23399198437500002 0.6589334515624999 0.2494863546875 0.6637799015625 0.2755445515625 0.6630803953125 0.28963731875 0.6577216234375001 0.2895210578125 0.6481396937499999 0.27962418906250003 0.6391492140625 0.2283025109375 0.63864746875 0.23399198437500002 0.6589334515624999
0 0.5006882328125 0.7913878546875 0.49364989843749996 0.7921343234375 0.48925195625000006 0.80799508125 0.4935603765625 0.8163105796875 0.5113830046875 0.8221337859375 0.5199860640625 0.8285376703124999 0.5337125984375 0.829907578125 0.5429719546875 0.8267617156249999 0.5492779296875 0.8182054890625 0.5510087109375 0.8128959140625 0.544126240625 0.8044946562499999 0.528030740625 0.8055511609374999 0.5195284671875 0.8016090453125001 0.5111426296875 0.7982659437499999 0.5056464734375 0.7941539265625 0.5006882328125 0.7913878546875
0 0.5587031078125 0.791009803125 0.57204924375 0.7828133109375 0.569140646875 0.775535515625 0.563082971875 0.769990290625 0.5592343484375 0.768123996875 0.526155359375 0.7612671390625 0.515291878125 0.776303375 0.5168654109374999 0.78439849375 0.5269666921875 0.7876048375 0.540268009375 0.7895429296875001 0.5587031078125 0.791009803125
0 0.35861495625 0.7209797359375 0.33523245 0.7236574140625 0.3357111890625 0.741491603125 0.35315404687499996 0.7646184375 0.377426296875 0.7613943296875 0.35861495625 0.7209797359375
0 0.38106778750000003 0.8393274703125 0.393153628125 0.8425804859375001 0.4057707078125 0.8229476953124999 0.357527915625 0.8002054953125001 0.3549177015625 0.8175196625 0.3611349546875 0.8290096171875 0.38106778750000003 0.8393274703125
0 0.5042052546875 0.8348939140624999 0.5175808953125001 0.8345348578125 0.5200205890625 0.8265909453125 0.4958194015625 0.812247478125 0.48040523593750006 0.79955735 0.46949879218749996 0.799809925 0.46322030937500003 0.8085000234375 0.4711569296875 0.8211497062499999 0.4880707609375 0.8313074234375 0.5042052546875 0.8348939140624999
0 0.32469381249999996 0.7531561953125 0.3059720984375 0.7183264453125 0.28730828750000004 0.7170990265625 0.27704127343749996 0.7232030609375 0.281739190625 0.7320004703125 0.288725946875 0.7474491734375001 0.2978725765625 0.75351441875 0.308798690625 0.7584868 0.32469381249999996 0.7531561953125
0 0.21688956875 0.6243976375 0.23444393749999998 0.6224793515625 0.2502592734375 0.61417638125 0.24136295625 0.6017132468749999 0.2267477984375 0.600819303125 0.201575971875 0.6019773671875 0.1896693828125 0.6098940374999999 0.18913925 0.61485238125 0.198565696875 0.6223571734375 0.21688956875 0.6243976375
0 0.23159023125 0.6553487203125 0.226892315625 0.6465513109375001 0.21973503437500003 0.6404728578125 0.1848263265625 0.6427766140625 0.1803273296875 0.650373846875 0.1861248546875 0.6597044828125 0.19939009218749998 0.6664630890625001 0.218114021875 0.665437915625 0.2303802203125 0.6619331546875 0.23159023125 0.6553487203125
0 0.261440384375 0.7456208140625 0.2709466234375 0.7560979703124999 0.2857213609375 0.7629366421875 0.29758750156249997 0.7624975203125001 0.3028461671875 0.756246559375 0.2955588125 0.7520608140625 0.29031108906249997 0.742996790625 0.28499341562499997 0.733572884375 0.2811152859375 0.7238691562499999 0.26718000468750003 0.72134911875 0.26088185468749997 0.7248142609375 0.25783223906249997 0.7347441531250001 0.261440384375 0.7456208140625
0 0.236517415625 0.728750778125 0.23827612187499997 0.7403604171875 0.2469625734375 0.7517438921874999 0.2558993375 0.756729478125 0.26770535781250004 0.758542946875 0.2746932234375 0.756064190625 0.2704150359375 0.7494261 0.265726953125 0.7432411703125 0.26364797812499996 0.7376695328125 0.262658775 0.7300186453124999 0.2614695421875 0.7239005749999999 0.2494536578125 0.7210074468750001 0.23985668593749998 0.722872909375 0.236517415625 0.728750778125
0 0.2960086921875 0.80983865 0.30562533593749996 0.813198146875 0.3175013109375 0.8153715015625 0.3293073328125 0.8171849703125 0.3380145609375 0.8158659406250001 0.3456221828125 0.814013684375 0.347321878125 0.8099484546875001 0.34696226874999997 0.8055365421875 0.3440536703125 0.7982587484375 0.316383140625 0.79168585625 0.300408228125 0.794044096875 0.29590923125 0.8016413296874999 0.2960086921875 0.80983865
0 0.2613450046875 0.7874694078125 0.247209696875 0.7864821921875 0.2384423484375 0.7900538125 0.2361327296875 0.796105021875 0.23526265781250003 0.801876409375 0.235282328125 0.8071013671875 0.243259396875 0.8122735000000001 0.2558152484375 0.8128207625 0.2621134 0.8093556203125001 0.2713004796875 0.8079433187499999 0.2774685546875 0.8063708796875 0.284796359375 0.8030790781249999 0.2838169921875 0.79804066875 0.28105813749999997 0.7940951234375 0.277679528125 0.7895230796875 0.2613450046875 0.7874694078125
0 0.9383021859375 0.620627259375 0.9928578343750001 0.6087302578125 0.9906620796875 0.5930013328125 0.9468658890625001 0.5937596968750001 0.92003819375 0.5931584078125 0.8795800953124999 0.59779151875 0.8758599453125001 0.6185477546875 0.9011481437500001 0.6200945203125 0.9383021859375 0.620627259375
0 0.719900453125 0.7722567031249999 0.71780680625 0.7836495671875 0.7390817203125 0.7911462734375 0.7731567687500001 0.7935699671875 0.794847775 0.785476284375 0.79386243125 0.775974375 0.7294835359375 0.7639316468749999 0.719900453125 0.7722567031249999
0 0.4812516203125 0.8253401671875 0.47484580468750004 0.822233828125 0.47132967499999995 0.8183585796875 0.467025778125 0.81753745625 0.4598431109375 0.8203841265625 0.45785156093749996 0.8271948921875 0.45775695 0.8323936406250001 0.4657267703125 0.8364392531249999 0.4770132046875 0.841912325 0.486037015625 0.842852059375 0.49426760625000005 0.8453964828125 0.5028754015625 0.8470387265625 0.51082339375 0.8452865796875001 0.5121327 0.8392300718750001 0.513031446875 0.8353255171875 0.505876678125 0.8354729765625001 0.496736428125 0.83393423125 0.49086306874999996 0.83072439375 0.48739120625 0.828498253125 0.4812516203125 0.8253401671875
0 0.175871771875 0.8057756890625001 0.18766337500000002 0.8038980625000001 0.1986174859375 0.8019760125 0.20683170624999997 0.8001721156249999 0.20486866718750002 0.7943372609375 0.19944468125 0.7891751453125 0.19672723125 0.785144646875 0.163770903125 0.7861631359375 0.1577968625 0.7966490187499999 0.1613960734375 0.8023730468749999 0.1658606765625 0.8054422890625 0.175871771875 0.8057756890625001
0 0.1265804828125 0.7918626390625 0.1305569015625 0.7966844890625 0.1365909640625 0.8021424453125 0.14652989375 0.8035259453125001 0.153828996875 0.8012782859375 0.15613649999999998 0.797514321875 0.1596198921875 0.7926929312500001 0.1573572703125 0.7881595953125 0.1551055640625 0.7865251375 0.1409015484375 0.7845201875 0.133436284375 0.7830702875 0.12724635625 0.7867600593749999 0.1265804828125 0.7918626390625
0 0.1558723859375 0.74064905625 0.1509699390625 0.7324845640625 0.1427284359375 0.727041259375 0.13355483125 0.7267522843750001 0.1277530234375 0.7324387578125 0.1270926078125 0.7389907765625 0.1313018953125 0.745010646875 0.1365815484375 0.7522729625 0.14189455625 0.75828550625 0.1473519 0.7621978515625 0.1537856109375 0.7626049796875 0.1605522609375 0.7604608203125001 0.16598231875 0.7571259640625 0.166004759375 0.7529773140625 0.16496229375 0.7490356625000001 0.1558723859375 0.74064905625
0 0.156528990625 0.6748240953125 0.174493975 0.66878008125 0.18173486562500002 0.6622686421874999 0.17594664843750002 0.6499958828125 0.167681621875 0.649050465625 0.141272359375 0.6532269140625 0.1155707453125 0.6741726531250001 0.1209239171875 0.679831040625 0.1380860140625 0.6784090468749999 0.156528990625 0.6748240953125