0 0.69375 0.5703125 0.084375 0.0578125
0 0.81796875 0.53984375 0.11875 0.078125
0 0.65078125 0.38515625 0.13125 0.1203125
0 0.7311986546875 0.2752868625 0.6598071640625001 0.29547528437500004 0.6517650140625 0.323081965625 0.6843318703125 0.357556725 0.7433714546875 0.40293476874999995 0.792798834375 0.38597107343750003 0.78896674375 0.3292111265625 0.7311986546875 0.2752868625
0 0.7663410171875 0.25383694375 0.8393692109374999 0.3681101328125 0.9203883578125 0.3297584953125 0.8376328109375001 0.187241678125 0.7663410171875 0.25383694375
0 0.2045392609375 0.3801382453125 0.2510781953125 0.482561325 0.3175484328125 0.46530014687500004 0.3021395890625 0.39642978906250004 0.2045392609375 0.3801382453125
0 0.2311788703125 0.5226874546875 0.24912963437500002 0.4930135921875 0.2315579140625 0.463012659375 0.1499102078125 0.42465904062500004 0.1042978546875 0.4567099671875 0.17070305937500002 0.5171132671875001 0.2311788703125 0.5226874546875
0 0.3175308328125 0.382901540625 0.33612668125 0.43087975937499995 0.396965546875 0.4165582171875 0.3869401703125 0.3305458421875 0.3175308328125 0.382901540625
0 0.8564787140625001 0.41232584218749996 0.9031162734375 0.47970398281250004 0.9727735140625 0.44155066875 0.9296534968750001 0.3722168984375 0.8564787140625001 0.41232584218749996
0 0.7837165640625 0.43537953125 0.826027303125 0.49904474218750006 0.8859411984375001 0.47242686562499997 0.8435974093749999 0.40686800156249997 0.7837165640625 0.43537953125
0 0.7124077078125 0.4603020796875 0.75807071875 0.512543409375 0.8108999515624999 0.486996309375 0.77091789375 0.4346558171875 0.7124077078125 0.4603020796875
0 0.6497359687500001 0.49170366562499995 0.6966043671875 0.5316114749999999 0.749417075 0.5051175484375 0.6968016140625 0.4615215984375 0.6497359687500001 0.49170366562499995
0 0.5821925578125 0.52887296875 0.6382925046875 0.5686196406249999 0.69586119375 0.5297302171875 0.6390015484375 0.487155465625 0.5821925578125 0.52887296875
0 0.5168765140625 0.40878248125 0.581283578125 0.47679756875 0.6119013343749999 0.48099870312500004 0.6455573515624999 0.4557862734375 0.6444836406250001 0.43496850781249996 0.5816455578124999 0.3754500578125 0.55226624375 0.3608090515625 0.5178835796875 0.385087053125 0.5168765140625 0.40878248125
0 0.10589988749999998 0.4671002578125 0.10585030625 0.46425978125 0.071335428125 0.480963178125 0.07320189375 0.5065026734375 0.11070652656249999 0.5389970171875 0.14832631406250002 0.537393246875 0.1978198 0.524216853125 0.10589988749999998 0.4671002578125
0 0.143174221875 0.5677908234375 0.1222011875 0.5870991875 0.1319120140625 0.6143959890625 0.17044024062500002 0.62414173125 0.1986466828125 0.6122840187499999 0.23331030312499998 0.6041020500000001 0.22994096718749998 0.573853215625 0.143174221875 0.5677908234375
0 0.28916234687500003 0.629646340625 0.37645741718750003 0.6252812578125 0.3766056203125 0.5930767953125 0.3061220328125 0.5838888375 0.29206839375000004 0.5926581703125 0.28916234687500003 0.629646340625
0 0.0915828921875 0.5421721640625 0.0067481812500000005 0.5247106796875001 0.0027524359375 0.5806601484375 0.0802049984375 0.5821495515625 0.0915828921875 0.5421721640625
0 0.32285136875 0.48902037812500004 0.32031345 0.51210085625 0.366548903125 0.54952406875 0.43346568281250003 0.5503165578125 0.44302833281250004 0.5084884656249999 0.3625482 0.46774194375 0.32285136875 0.48902037812500004
0 0.421978128125 0.4397473578125 0.41186810781250005 0.450216590625 0.41380845 0.47713995468750003 0.4137913453125 0.4761599890625 0.47113692343749997 0.5182905890625 0.507577971875 0.5210854281249999 0.5259434734374999 0.499199071875 0.5269943390625 0.4751642875 0.51197015 0.47787719375000004 0.47232407656250003 0.45994422031250004 0.45088128281250006 0.4318908796875 0.421978128125 0.4397473578125
0 0.5233015328125 0.41102151875 0.5112768265625001 0.3960373359375 0.4870569171875 0.398420621875 0.46373448437500003 0.410100740625 0.45590635781250005 0.424941325 0.4614617 0.44837066875 0.493493184375 0.47231813125000005 0.514944253125 0.4797858046875 0.5354465312500001 0.47501675312499997 0.5518465875 0.4668883859375 0.5605123203125 0.4579147578125 0.5477098765624999 0.44049349062500004 0.5233015328125 0.41102151875
0 0.382889646875 0.5801171234375 0.3915981421875 0.57359340625 0.40319521406250003 0.5640784812499999 0.4077245125 0.549785609375 0.4014686875 0.549404671875 0.3794194890625 0.5497895421875 0.360480959375 0.5388470921875 0.3359446015625 0.5231010375 0.3165958203125 0.5097150890625 0.2914188484375 0.5204473171874999 0.2902311390625 0.5366423874999999 0.2977519265625 0.546313740625 0.320014940625 0.558178425 0.336774209375 0.5706293109375 0.3684977984375 0.5769374140625 0.382889646875 0.5801171234375
0 0.5408741390625 0.533247659375 0.5467884140625 0.55618060625 0.5665645500000001 0.5729900140625 0.5901179062499999 0.5745394140625 0.6185081796875 0.558359653125 0.6023384890625 0.5375662421875 0.59382615 0.513208253125 0.5718453703125 0.517512978125 0.5408741390625 0.533247659375
0 0.9297384281250001 0.151019290625 0.8996219046875 0.17360089375 0.8970922625 0.17609570624999998 0.9283129140625 0.2799487546875 0.9579943609375 0.31668065625 0.996710521875 0.3071824953125 0.9938710343749999 0.14450840468749998 0.9713411140625 0.13362864218749998 0.9297384281250001 0.151019290625
0 0.939117925 0.477773271875 0.9205300546874999 0.4869200921875 0.9156418203125 0.5017093609375001 0.9159582703125 0.5198387015625 0.9353241546875 0.5342046125000001 0.9692099000000001 0.5380243203124999 0.99976233125 0.519356159375 0.9995842187499999 0.47181651406249997 0.972123303125 0.473276109375 0.9609960718749999 0.467588759375 0.939117925 0.477773271875
0 0.5522838875 0.5761800734375 0.5654278796875001 0.5710493296875 0.5365840359375 0.5401843859375 0.5214999796875001 0.5394674140625 0.49816043906249996 0.55016756875 0.49721192812500004 0.5590064921875 0.5011091640625 0.571681884375 0.51045883125 0.580831184375 0.524850678125 0.58401089375 0.5424900375 0.5837029984375001 0.5522838875 0.5761800734375
0 0.49817754531249997 0.551147534375 0.487605959375 0.5562333765624999 0.46196742031250004 0.5615822140625 0.4622667640625 0.578731590625 0.4720266796875 0.5903243859375 0.4904779859375 0.5944135 0.5047329921875 0.5897534953125 0.51971441875 0.584590678125 0.5059976749999999 0.577968265625 0.4998784140625 0.564351396875 0.49817754531249997 0.551147534375
0 0.47604337656249995 0.58878388125 0.46336922343750003 0.578712346875 0.459403565625 0.562117096875 0.42732104375 0.5563053906250001 0.413877984375 0.5653624078124999 0.412305684375 0.5805839265625 0.426065190625 0.589656253125 0.431013571875 0.5993725078125001 0.45427641406249997 0.6053381625 0.475470903125 0.5981063718749999 0.47604337656249995 0.58878388125
0 0.44654208906250004 0.6044929046874999 0.43377413750000005 0.610107215625 0.43174027031250006 0.6199453453125 0.43967130625 0.6320601953125 0.4636691234375 0.638013021875 0.492102159375 0.6242831718749999 0.4983919171875 0.6055483875000001 0.44654208906250004 0.6044929046874999
0 0.5154074875 0.6116230890625001 0.5026566406249999 0.618217365625 0.502879009375 0.6309569015625 0.51627958125 0.6405256234375 0.5317225734375 0.640746196875 0.5481055265625 0.631637865625 0.557147296875 0.6231478046875 0.5540876640625 0.6163393703125 0.5378327265625 0.6117217859374999 0.5154074875 0.6116230890625001
0 0.569599078125 0.6204798 0.5568653359375 0.628054040625 0.5511394984375 0.636976353125 0.5542675499999999 0.6477046453125 0.567924425 0.6508971828125001 0.5858970609374999 0.64862294375 0.6004853406249999 0.6419965953125 0.6036387734375 0.6331191859375 0.5995108921875001 0.6282899234375 0.58437551875 0.6246330609374999 0.569599078125 0.6204798
0 0.6286022078125 0.6312130515625001 0.6149966484375 0.6309604078125 0.6081255875 0.6374520515625 0.6094333093750001 0.64919238125 0.6213468328125 0.6578067953125 0.63753335 0.6585045218750001 0.6491817375 0.6519294890625 0.6557024171875 0.6464242234375 0.6548391546875 0.6390873203125 0.64410506875 0.6348635 0.6286022078125 0.6312130515625001
0 0.6366695296875 0.609016321875 0.646437721875 0.6000234484375 0.6487449953125 0.5847891 0.6437538515625 0.572622934375 0.629362003125 0.5694432234375 0.5751706921874999 0.5816621609375 0.5694876171875001 0.5930343828125 0.5714618921875 0.6008420250000001 0.58071748125 0.6046015203125 0.592545475 0.6083161140625 0.601835271875 0.6140355375000001 0.616850909375 0.6108326500000001 0.6366695296875 0.609016321875
0 0.6788281406250001 0.623474515625 0.6631374 0.6301201078124999 0.6659150703125001 0.641834778125 0.6748715921875 0.6495205453125 0.6877250734375 0.6488060546875001 0.698279553125 0.6427402484375 0.7062103109375 0.63377945 0.69508308125 0.6280920984375 0.6788281406250001 0.623474515625
0 0.650121975 0.663676234375 0.661548271875 0.6654373125 0.6755042125 0.6647035781249999 0.6816060890625 0.656264834375 0.6748288296875 0.647070634375 0.6662568984374999 0.6403584171875 0.6469853718749999 0.6524579593750001 0.650121975 0.663676234375
0 0.7155006671875 0.681650171875 0.707612115625 0.6509095828125 0.6903060328125 0.6492511359375001 0.6771107234375 0.6514419859375 0.6846913781249999 0.664543215625 0.6930155609375 0.6781215984375 0.7026471859375001 0.6823646609375 0.7155006671875 0.681650171875
0 0.0036787484374999997 0.672999415625 0.019873820312500002 0.674187125 0.0428886359375 0.6659432953125 0.061886756249999994 0.659239971875 0.0623993609375 0.64648760625 0.0024220624999999997 0.64312333125 0.0036787484374999997 0.672999415625
0 0.07033011875 0.6375268078125 0.06618485625000001 0.61064193125 0.028350835937500003 0.612282590625 0.033060296875 0.6504306421875 0.06505729375 0.6513425265625 0.07033011875 0.6375268078125
0 0.0853625828125 0.6142282359375 0.0896617953125 0.6499327921875 0.120881053125 0.64840759375 0.1227093765625 0.605734240625 0.0853625828125 0.6142282359375
0 0.1455967375 0.6533676265625 0.1651248484375 0.65596755 0.1785165890625 0.643970640625 0.18282351875 0.6169382328124999 0.1449980515625 0.6190688718749999 0.136144440625 0.6383385406250001 0.1455967375 0.6533676265625
0 0.146203421875 0.6460050640625 0.12150484218749999 0.642024996875 0.08222653437500001 0.645161259375 0.080611471875 0.6579328703125 0.097985975 0.6635111734375 0.11248045625 0.6725706687499999 0.124650278125 0.6748089015625001 0.14486204375 0.6744561046875 0.1519808546875 0.6610982953125 0.1525704328125 0.6527557671875 0.146203421875 0.6460050640625
0 0.1637062171875 0.6589331015625 0.16601404687500002 0.68585005 0.21412913906250003 0.6835398046875001 0.23005907812499998 0.6695380640625 0.236622521875 0.666482709375 0.23778457187500002 0.6488176921875 0.216470346875 0.6491897328125 0.1778671421875 0.6488832921875 0.1637062171875 0.6589331015625
0 0.2463559453125 0.6133786125 0.2301782578125 0.634246515625 0.2292810625 0.6460253328125 0.24459604218750003 0.6599718218749999 0.26739731875 0.6605540875 0.2811565484375 0.6485507640625 0.28209623125 0.6181462093750001 0.27102886718749997 0.615888734375 0.2463559453125 0.6133786125
0 0.28419587812499997 0.6293421296874999 0.277339640625 0.6497050984375 0.293038228125 0.657528396875 0.3130870578125 0.653635865625 0.32691461875 0.6412485296875 0.32897935 0.629066515625 0.2997443375 0.6285646500000001 0.28419587812499997 0.6293421296874999
0 0.3320767359375 0.632555025 0.3115692734375 0.653662359375 0.320040721875 0.6605996421875 0.3397012703125 0.6562078062500001 0.3535641578125 0.645844184375 0.358364490625 0.6381691593750001 0.3563701203125 0.632637065625 0.3320767359375 0.632555025
0 0.334777303125 0.6567998390625001 0.344087121875 0.668277228125 0.3596620765625 0.66901753125 0.3736309328125 0.6647250437500001 0.3823314140625 0.641293390625 0.3591587078125 0.6401796234375 0.334777303125 0.6567998390625001
0 0.381652 0.645859990625 0.3736750875 0.6672546859375 0.3907589953125 0.6674625671875 0.4069073890625 0.6575651312499999 0.41004864375 0.64182175 0.38989384375 0.6396431406249999 0.381652 0.645859990625
0 0.43178304375 0.6475153625 0.41575799843750005 0.64273425625 0.41124879999999997 0.6453433765625001 0.40953701875000004 0.656000984375 0.3990185 0.6622575734375 0.4043925625 0.6657063437499999 0.41541416093750005 0.666526128125 0.4263032953125 0.6597569875 0.43178304375 0.6475153625
0 0.28078115000000003 0.6511632734374999 0.2551995890625 0.664261859375 0.26490651718749997 0.6767444828125 0.2801196875 0.6785032656250001 0.2983154375 0.6771734921875 0.308030909375 0.668400509375 0.309433890625 0.66179695 0.3074218578125 0.655253 0.29263229062499996 0.6560172359374999 0.28078115000000003 0.6511632734374999
0 0.33488327500000004 0.6628709765624999 0.31589330625 0.6621902828125 0.3001420203125 0.6730929515625 0.3116402078125 0.67947131875 0.31857620937500003 0.6854232375 0.3348923921875 0.6851384375 0.3461609734375 0.678362675 0.3463638 0.6682374890625 0.33488327500000004 0.6628709765624999
0 0.6546494703125 0.6744815828124999 0.6191045453124999 0.6824930421875 0.619104675 0.6924247218749999 0.622689071875 0.6992912359375001 0.6360355796875 0.69975118125 0.6506183609375 0.6916436796875 0.661616875 0.68660134375 0.6624423125 0.6743455578125 0.6546494703125 0.6744815828124999
0 0.44506792187500005 0.646035103125 0.4324423234375 0.6471793609375001 0.41459757656249996 0.6668922671875 0.4150084109375 0.6705806046875 0.43104523125 0.6763058843749999 0.4458817921875 0.672813340625 0.458740890625 0.6651978656249999 0.45882123437500005 0.6499524859375 0.44506792187500005 0.646035103125
0 0.3575612984375 0.6750751953125 0.33459021718750004 0.6750834859375 0.3007875125 0.6788148796875 0.2983842421875 0.676108134375 0.3032252640625 0.7003692078125 0.316809384375 0.7024881203125 0.331488934375 0.6998758640625 0.34196447343749997 0.6926249421875 0.3586980609375 0.6895841625 0.3575612984375 0.6750751953125
0 0.500111890625 0.658843496875 0.48508333437499995 0.6752053124999999 0.48691148125000006 0.6787074375000001 0.50374785 0.681554921875 0.516558140625 0.6730852375 0.519556865625 0.6592894234375 0.51334678125 0.6578271390625 0.500111890625 0.658843496875
0 0.551634425 0.6748290015625 0.5520313953125 0.6638272953125 0.5331478374999999 0.6618008859375 0.5337161078125 0.6606129546874999 0.5319427765625 0.6602512375 0.513949534375 0.67548679375 0.5178728328125 0.6809156984375 0.527410540625 0.6874246171875 0.5427063249999999 0.6863722875 0.551634425 0.6748290015625
0 0.150366840625 0.5370905593749999 0.1237859796875 0.5371375640625 0.09956791875 0.5292209406249999 0.084001646875 0.5153157546875 0.0749351296875 0.49754440781250003 0.0648727484375 0.4943843078125 0.054803328124999995 0.508736965625 0.0600746265625 0.524072753125 0.086233953125 0.5357081984375001 0.100317109375 0.554225915625 0.1261128734375 0.562948934375 0.15705600625 0.5619918515625 0.1728837421875 0.5550440984375 0.1740758171875 0.5337579453125 0.150366840625 0.5370905593749999
0 0.55419989375 0.6684748484374999 0.54754758125 0.681516959375 0.5345335203125 0.6884156 0.54208030625 0.690785675 0.5570574609375 0.688856378125 0.5663417843749999 0.6832737421874999 0.568624546875 0.670724871875 0.55419989375 0.6684748484374999
0 0.5895562328125 0.6695255718750001 0.575444209375 0.66727009375 0.568980834375 0.6732204562499999 0.566974321875 0.68367966875 0.5623794531249999 0.6891804515625 0.5689592421875 0.6898995343750001 0.58270770625 0.6892425859375 0.5881677046875 0.6795570296875 0.5895562328125 0.6695255718750001