0 0.6921875 0.4265625 0.08359375 0.05625
0 0.8171875 0.4546875 0.1171875 0.07578125
0 0.653125 0.6125 0.12890625 0.11875
0 0.6867897734375 0.6392045453125 0.6548295453125 0.6742424234375 0.6633522734375 0.7017045453125 0.7350852265625 0.7206439390625 0.7919034093749999 0.665719696875 0.7947443187500001 0.6089015156250001 0.7450284093749999 0.5928030296875 0.6867897734375 0.6392045453125
0 0.84161931875 0.6259469703125 0.7705965906250001 0.7414772734375 0.8430397734374999 0.8068181828125001 0.9232954546875 0.6628787875000001 0.84161931875 0.6259469703125
0 0.25142045468749996 0.521780303125 0.2066761375 0.625 0.30397727343750003 0.6070075765625 0.3181818171875 0.5378787875000001 0.25142045468749996 0.521780303125
0 0.2492897734375 0.5113636359375 0.2308238625 0.4820075765625 0.17045454531249998 0.48863636406250005 0.1051136375 0.55018939375 0.15127840937499998 0.58143939375 0.2322443171875 0.5416666671875 0.2492897734375 0.5113636359375
0 0.33735795468749996 0.571969696875 0.31960227343750003 0.6202651515625 0.38991477343750003 0.6714015156250001 0.3984375 0.5852272734375 0.33735795468749996 0.571969696875
0 0.9034090906250001 0.5132575765625 0.8579545453125 0.58143939375 0.93181818125 0.6202651515625 0.9737215906250001 0.55018939375 0.9034090906250001 0.5132575765625
0 0.82599431875 0.4952651515625 0.7848011359375 0.5596590906250001 0.8451704546875 0.5871212124999999 0.8863636359375 0.5208333328125 0.82599431875 0.4952651515625
0 0.7578125 0.48295454531250004 0.7130681812499999 0.5359848484375 0.7720170453125 0.5606060609375 0.8110795453125 0.5075757578125 0.7578125 0.48295454531250004
0 0.6960227265625 0.4649621203125 0.6498579546875 0.5056818171875 0.6974431812499999 0.5350378796874999 0.7492897734375 0.490530303125 0.6960227265625 0.4649621203125
0 0.6370738640625 0.42897727343750003 0.5816761359375 0.4696969703125 0.6392045453125 0.5104166671875 0.6953125 0.4668560609375 0.6370738640625 0.42897727343750003
0 0.5838068187500001 0.6231060609375 0.6455965906250001 0.5625 0.6463068187500001 0.5416666671875 0.6122159093749999 0.5170454546875 0.5816761359375 0.521780303125 0.5184659093749999 0.5909090906250001 0.5198863640625 0.6145833328125 0.5546875 0.6382575765625 0.5838068187500001 0.6231060609375
0 0.073153409375 0.5009469703125 0.07173295468749999 0.5265151515625 0.10653409062500001 0.5426136359375 0.10653409062500001 0.5397727265625 0.19744318125 0.48106060624999997 0.1477272734375 0.46875 0.1100852265625 0.4678030296875 0.073153409375 0.5009469703125
0 0.1683238625 0.3816287875 0.12997159062500002 0.39204545468749996 0.1207386375 0.4195075765625 0.14204545468750002 0.4384469703125 0.2286931828125 0.43087121249999993 0.231534090625 0.40056818281249995 0.19673295468750002 0.3929924234375 0.1683238625 0.3816287875
0 0.29048295468749996 0.4109848484375 0.3046875 0.4195075765625 0.375 0.409090909375 0.37428977343750003 0.3768939390625 0.2869318171875 0.3740530296875 0.29048295468749996 0.4109848484375
0 0.0063920453125 0.48390151562500006 0.090909090625 0.4649621203125 0.078835228125 0.42518939375000003 0.0014204546874999999 0.428030303125 0.0063920453125 0.48390151562500006
0 0.320129628125 0.49103694999999997 0.3230699703125 0.5140696203124999 0.363132115625 0.5346520078125 0.44288886562499996 0.49250712031250005 0.432597671875 0.45085228906249997 0.3657049140625 0.4528125171875 0.320129628125 0.49103694999999997
0 0.4230415640625 0.5616051343749999 0.45207743125000005 0.5689559875 0.4730273609375 0.540532690625 0.5123544234375 0.5219105296875 0.5274236703125 0.5243608140625 0.5259535 0.5003480296875 0.5072088265625 0.4787855296875 0.47082210468749996 0.4822159265625 0.414220540625 0.525340928125 0.414220540625 0.5243608140625 0.4127503703125 0.5513139406249999 0.4230415640625 0.5616051343749999
0 0.5130895078125 0.603750021875 0.524850871875 0.5885582609375 0.5487411421874999 0.55866479375 0.5612375921874999 0.541022746875 0.55241656875 0.5322017234375 0.5358771499999999 0.5243608140625 0.5152947640625001 0.519950303125 0.493977290625 0.5277912125 0.46236862500000003 0.5522940546874999 0.45722302812500004 0.5758167828125 0.46530896562499996 0.5905184875 0.48883169375 0.6017897953125 0.5130895078125 0.603750021875
0 0.4006214640625 0.4523224609375 0.40686968749999997 0.45183240312499995 0.40209163437499995 0.43762075468750006 0.3903302703125 0.42830967500000006 0.381509246875 0.4219389359375 0.367175084375 0.425369334375 0.33556641875 0.43223012968749996 0.319027 0.4449716078125 0.29697444375000004 0.45722302812500004 0.289623590625 0.4670241640625 0.2910937609375 0.48319604062500005 0.3164542015625 0.49348723437500003 0.33556641875 0.47976564218749995 0.3598242328125 0.4635937671875 0.37856890625 0.4523224609375 0.4006214640625 0.4523224609375
0 0.60166728125 0.4606534265625 0.6174716140625 0.4395809828125 0.5888032890625 0.42389916406249994 0.5652805609375 0.425859390625 0.5458008015625 0.44301137968750004 0.5402876625 0.4660440515625 0.571528784375 0.48123581406250004 0.59358134375 0.48515626718749993 0.60166728125 0.4606534265625
0 1 0.68411934375 0.9611239703125 0.6752983203125 0.932088103125 0.7125426390625 0.9026846921875 0.8169247453124999 0.9052574906249999 0.8193750296875001 0.9357635296875 0.8414275874999999 0.9776633890624999 0.8580895203125 1 0.8468182140625 1 0.68411934375
0 0.9614915140625 0.5243608140625 0.9725177921875 0.5184801328125 1 0.519460246875 0.9993484031250001 0.4719247328125 0.968474821875 0.4537926296875 0.9346609000000001 0.45820314218749997 0.9155486843749999 0.472904846875 0.9155486843749999 0.49103694999999997 0.92069428125 0.5057386546875 0.9394389546875 0.514559678125 0.9614915140625 0.5243608140625
0 0.541022746875 0.41556819687499996 0.5233807015624999 0.41556819687499996 0.5090465390625 0.41899859531250006 0.49985797343750005 0.42830967500000006 0.49618254687499996 0.441051153125 0.497285175 0.44987217656249995 0.5208079031249999 0.4601633703125 0.5358771499999999 0.4591832546875 0.5641779328125 0.4278196171875 0.5509463984375 0.42291904999999996 0.541022746875 0.41556819687499996
0 0.4987553453125 0.43566052656250004 0.504636028125 0.4219389359375 0.5182351046875 0.41507814062500004 0.50316585625 0.410177571875 0.48883169375 0.40576706093750003 0.47045456249999995 0.410177571875 0.4608984546875 0.4219389359375 0.4608984546875 0.439090925 0.4866264390625 0.44399149375 0.497285175 0.4488920625 0.4987553453125 0.43566052656250004
0 0.473762446875 0.40233666250000005 0.45244497343749995 0.3954758671875 0.42928978906250004 0.40184660625 0.42451173437499995 0.41164774218750005 0.4109126578125 0.4209588234375 0.4127503703125 0.436150584375 0.4263494484375 0.4449716078125 0.45832565625 0.43860086875000004 0.4620010828125 0.4219389359375 0.4744975328125 0.41164774218750005 0.473762446875 0.40233666250000005
0 0.43737572656249996 0.3690127984375 0.42965733124999994 0.38126421875 0.43186258750000006 0.3910653546875 0.44472657812499994 0.3964559796875 0.4965500890625 0.394495753125 0.489934321875 0.37587359375 0.46126599687500003 0.362642059375 0.43737572656249996 0.3690127984375
0 0.552049025 0.3827343890625 0.5549893671875 0.37587359375 0.5458008015625 0.36754262656250003 0.5292613828125 0.35872160468750003 0.5138245921875 0.3592116609375 0.5005930578125 0.3690127984375 0.5005930578125 0.381754275 0.51345705 0.3881250140625 0.5358771499999999 0.3876349578125 0.552049025 0.3827343890625
0 0.582187521875 0.373913365625 0.59725676875 0.36999291093750003 0.6012997390625 0.3650923421875 0.5979918546875 0.3562713203125 0.5832901500000001 0.34990058125 0.5652805609375 0.3479403546875 0.5516814828125 0.3513707515625 0.5487411421874999 0.3621520015625 0.5546218234375 0.37097302499999996 0.567485815625 0.378323878125 0.582187521875 0.373913365625
0 0.641729428125 0.362642059375 0.6523881640625 0.35823154687500003 0.6531232484375 0.3508806953125 0.64650748125 0.3454900703125 0.6347461171875 0.33911933125 0.6185742421875 0.3400994453125 0.6068128765624999 0.3489204671875 0.60571025 0.36068183125000003 0.612693559375 0.3670525703125 0.6262926375 0.3665625140625 0.641729428125 0.362642059375
0 0.64466976875 0.3974360953125 0.6347461171875 0.38861507031250003 0.6148988156249999 0.38714490156250003 0.5998295671875 0.384204559375 0.590641003125 0.39008524218749996 0.5788796390625001 0.394005696875 0.569691071875 0.3979261515625 0.567853359375 0.40576706093750003 0.5737340421875 0.41703836718750004 0.62813035 0.42830967500000006 0.6424645124999999 0.42487927656249996 0.6472425671875001 0.41262785625 0.64466976875 0.3974360953125
0 0.6957581937499999 0.3538210359375 0.6850994578125 0.3479403546875 0.672235465625 0.347450296875 0.6634144421875 0.35529120625 0.66084164375 0.3670525703125 0.6766459765625 0.373423309375 0.692817853125 0.368522740625 0.70384413125 0.362642059375 0.6957581937499999 0.3538210359375
0 0.6788512328125 0.3405895015625 0.6726030078125 0.3322585359375 0.6586363875 0.331768478125 0.6472425671875001 0.33372870468750004 0.6443022265625 0.3450000125 0.663781984375 0.3567613765625 0.672235465625 0.34990058125 0.6788512328125 0.3405895015625
0 0.674440721875 0.3454900703125 0.6876722562500001 0.347450296875 0.7049467593750001 0.3454900703125 0.7122976125 0.3146164890625 0.6994336203125 0.3141264328125 0.6898775125000001 0.31853694374999997 0.6817915734375 0.3322585359375 0.674440721875 0.3454900703125
0 0.0169069609375 0.33421876250000004 0.000735084375 0.3356889328125 0 0.3655824 0.0599094484375 0.36117188906250003 0.0591743625 0.3484304109375 0.040062146874999996 0.342059671875 0.0169069609375 0.33421876250000004
0 0.062482246875 0.3562713203125 0.0305060375 0.357741490625 0.026463068750000002 0.39596592343750003 0.0643199609375 0.3969460375 0.0679953859375 0.36999291093750003 0.062482246875 0.3562713203125
0 0.087107603125 0.3572514328125 0.0834321765625 0.3930255828125 0.1209215234375 0.4008664921875 0.118348725 0.35823154687500003 0.087107603125 0.3572514328125
0 0.1624538421875 0.34990058125 0.14297408125 0.352840921875 0.1337855171875 0.36803268437500003 0.14297408125 0.38714490156250003 0.18083097343750001 0.38861507031250003 0.17605291875 0.3616619453125 0.1624538421875 0.34990058125
0 0.14995739218749998 0.3533309796875 0.14922230625 0.3450000125 0.1418714546875 0.331768478125 0.121656609375 0.331768478125 0.109527703125 0.33421876250000004 0.09519354062499999 0.3435298421875 0.0779190375 0.3494105234375 0.07975675 0.3621520015625 0.1190838109375 0.3646022859375 0.1437091671875 0.360191775 0.14995739218749998 0.3533309796875
0 0.23522728124999998 0.3557812640625 0.23375711093749998 0.3381392171875 0.22714134375 0.33519887656249997 0.21096946718749998 0.321477284375 0.162821384375 0.3200071140625 0.160983671875 0.34696024062499997 0.1753178328125 0.3567613765625 0.21390980937499998 0.3557812640625 0.23522728124999998 0.3557812640625
0 0.2785973109375 0.35529120625 0.264630690625 0.3435298421875 0.24184304843749999 0.34450995624999997 0.2267738015625 0.35872160468750003 0.227876428125 0.37048296875000003 0.244415846875 0.3910653546875 0.269041203125 0.3881250140625 0.2800674828125 0.3856747296875 0.2785973109375 0.35529120625
0 0.310434209375 0.3496496140625 0.2903205 0.3461075765625 0.2747608390625 0.3542036609375 0.2819714140625 0.37444387031250004 0.297531075 0.374949875 0.32675287656249996 0.3739378640625 0.324475853125 0.3617937390625 0.310434209375 0.3496496140625
0 0.3369994828125 0.3466135828125 0.3172652796875 0.342565540625 0.30891619375 0.3496496140625 0.3297889078125 0.370395828125 0.354077159375 0.3698898234375 0.355974678125 0.364323765625 0.351041128125 0.3567336859375 0.3369994828125 0.3466135828125
0 0.341174025 0.33446945625 0.3320659328125 0.3461075765625 0.3567336875 0.3622997453125 0.3798834265625 0.3607817296875 0.37077533125 0.3375054890625 0.3567336875 0.3334574453125 0.341174025 0.33446945625
0 0.37077533125 0.3349754609375 0.3791244171875 0.35622768125 0.3874735046875 0.3622997453125 0.4075872125 0.3597697171875 0.40417167656249997 0.34408355625000003 0.3878530078125 0.33446945625 0.37077533125 0.3349754609375
0 0.40151515 0.3359874734375 0.3962020953125 0.33952950937500004 0.4068282046875 0.34560157187499996 0.40872572500000004 0.35622768125 0.413279771875 0.3587577078125 0.42921893593749993 0.35369765468750003 0.4235263765625 0.34155352968749997 0.41252076249999997 0.3349754609375 0.40151515 0.3359874734375
0 0.30474165000000003 0.3481315984375 0.30663916874999997 0.34155352968749997 0.305121153125 0.3349754609375 0.2952540515625 0.3263733734375 0.2770378640625 0.3253613625 0.26185770625 0.3273853828125 0.25237010937500004 0.3400355140625 0.27817637500000003 0.3526856453125 0.289940996875 0.3476255921875 0.30474165000000003 0.3481315984375
0 0.331686428125 0.317771284375 0.315367759375 0.317771284375 0.3085366890625 0.323843346875 0.297151571875 0.33042141406250003 0.31309073593750003 0.341047525 0.3320659328125 0.3400355140625 0.34345105 0.33446945625 0.3430715453125 0.3243493515625 0.331686428125 0.317771284375
0 0.647250778125 0.30575685625000004 0.632528721875 0.29790509374999996 0.6191922734374999 0.298597896875 0.6157282609375 0.305525921875 0.6159014625 0.3154560921875 0.6515807921875 0.3228459859375 0.659374821875 0.3228459859375 0.6583356171875 0.3106064734375 0.647250778125 0.30575685625000004
0 0.44287402656249997 0.328157471875 0.427978771875 0.32492439375000004 0.41204431406250003 0.3309286828125 0.41169791250000004 0.3346236296875 0.429883978125 0.3540221 0.442527625 0.3549458359375 0.45621047499999995 0.350789021875 0.45586407500000004 0.335547365625 0.44287402656249997 0.328157471875
0 0.338626775 0.3101624953125 0.32802628437500003 0.3030955015625 0.3133033796875 0.30073983593750003 0.299758309375 0.3030955015625 0.2953414390625 0.3274373671875 0.29769710312500003 0.3246890921875 0.33155978125 0.327829978125 0.354527509375 0.3274373671875 0.3554108828125 0.3129107703125 0.338626775 0.3101624953125
0 0.500578709375 0.3184073203125 0.48379459999999996 0.32154820625 0.48202785156249994 0.325081703125 0.497339671875 0.34117874375 0.510590284375 0.34196396562500003 0.516773903125 0.3403935234375 0.5135348640624999 0.32665214531250003 0.500578709375 0.3184073203125
0 0.5241353546874999 0.3121255484375 0.514712696875 0.31879993125 0.5108847421875 0.32429648125 0.5291411421875 0.339215690625 0.530907890625 0.3388230796875 0.5303189734375 0.337645246875 0.549164290625 0.3352895828125 0.5485753734375 0.32429648125 0.5394471750000001 0.3129107703125 0.5241353546874999 0.3121255484375
0 0.083797709375 0.49194675 0.09911893125 0.47777201406250003 0.12319513906249999 0.4694339328125 0.149772771875 0.46901702968750003 0.1735363 0.4719353578125 0.1719729109375 0.4506732515625 0.15602633125 0.4440027875 0.1250712078125 0.4435858828125 0.0994316109375 0.452757771875 0.085673778125 0.471518453125 0.0597215015625 0.4836086703125 0.054718653125 0.49903411875000003 0.065037028125 0.5132088546875 0.075042725 0.5098736234375 0.083797709375 0.49194675
0 0.538744228125 0.3085089796875 0.5312399546875 0.311010403125 0.54437243125 0.3176808671875 0.551251346875 0.3306048921875 0.5656345359375 0.3281034671875 0.5631331125 0.315596346875 0.5537527718749999 0.3101765953125 0.538744228125 0.3085089796875
0 0.5656345359375 0.3089258828125 0.5590682984375 0.30975969062500003 0.56375846875 0.31517944375 0.5659472140624999 0.32560204375 0.572513453125 0.3314387 0.5865839640625 0.3289372765625 0.5850205734375 0.31893157968749997 0.5793923703125 0.3093427875 0.5656345359375 0.3089258828125