0 0.8431206875000001 0.4884861609375 0.8460130390625 0.5084112546874999 0.852279803125 0.5328355625000001 0.8614389171875001 0.5566171265625 0.8812033250000001 0.5656155546875 0.9009677328125001 0.557902615625 0.9154294937499999 0.5463332078125 0.9173577296875 0.520623409375 0.9130191999999999 0.49812733593749997 0.9081986125 0.4749885171875 0.9053062609375001 0.44927872031250005 0.8990394984375 0.42742539218750003 0.8947009703125 0.40750029843749996 0.8860239125 0.393359909375 0.8672236234374999 0.3927171640625 0.8484233328125 0.40171559375 0.83588980625 0.4158559828125 0.8373359828125 0.44542225 0.8378180421874999 0.46534734375 0.8431206875000001 0.4884861609375
0 1 0.44670773906249994 0.9925588875000001 0.42228343125 0.9872562421875 0.40171559375 0.9780971265625 0.38371873437500004 0.9737585984375 0.3644363859375 0.9597788953125 0.3625081515625 0.9366400765625 0.3676501109375 0.9192859625 0.3760057953125 0.9168756703125001 0.4094285328125 0.9226603750000001 0.44028029062499996 0.9289271375 0.4602053828125 0.9327836078124999 0.4782022421875 0.9409786046875 0.50262655 0.953994190625 0.5212661546875 0.9742406578124999 0.527693603125 0.9935230046875001 0.5251226234375 1 0.5084112546874999 1 0.44670773906249994
0 0.7573142359375 0.4582771484375 0.75635011875 0.483986946875 0.7558680609375 0.5071257640625 0.7568321765625 0.527693603125 0.7602065890625 0.5501896765625001 0.763098940625 0.5707575140625 0.7761145265625 0.588111628125 0.7968430515625 0.5887543734375 0.8161254 0.5791131984375 0.8248024562499999 0.5546888921875001 0.8209459859375 0.5386202671875 0.8180536343749999 0.5212661546875 0.8166074578125 0.49491361093749997 0.8190177515625001 0.48013047656249996 0.8180536343749999 0.4582771484375 0.809376578125 0.44285127031249993 0.79925334375 0.42742539218750003 0.775150409375 0.4332100953125 0.7602065890625 0.4396375453125 0.7573142359375 0.4582771484375
0 0.6951286624999999 0.48013047656249996 0.6956107203124999 0.4987700796875 0.6941645453125 0.5199806640625 0.693200428125 0.541191246875 0.69271836875 0.5585453609375 0.69271836875 0.5797559437500001 0.698021015625 0.5919680984375 0.7105545421875 0.6009665265625 0.7264624796875 0.597752803125 0.7442986515625 0.591325353125 0.752011590625 0.5765422203125 0.7515295328125 0.5540461453125001 0.752011590625 0.5296218390625 0.752011590625 0.5039120406250001 0.750565415625 0.4846296921875 0.74526276875 0.46791832343750006 0.7365857109375 0.4479932296875 0.718749540625 0.448635975 0.704287778125 0.45570616875000003 0.6985030734375 0.4659900890625 0.6951286624999999 0.48013047656249996
0 0.586665453125 0.5418339921875 0.583291040625 0.5604735953125 0.5808807484375 0.5803986890624999 0.5789525125 0.6093222109374999 0.5857013359375001 0.633103775 0.596788684375 0.6498151437499999 0.612696621875 0.64338769375 0.6310148546875001 0.6363175 0.6343892640625 0.614464171875 0.637763675 0.5958245671875 0.6363175 0.57268575 0.6363175 0.54954693125 0.639209853125 0.5328355625000001 0.6343892640625 0.5167669390625 0.6252301484375 0.5019838046875 0.6001630953125 0.5103394890625 0.5900398640625 0.5212661546875 0.586665453125 0.5418339921875
0 0.5326748765625 0.5450477171875 0.5307466421875 0.5617590859375 0.52737223125 0.5868261390625 0.527854290625 0.6028947625 0.52737223125 0.624748090625 0.5312287015625 0.644673184375 0.550028990625 0.6504578890625 0.5630445749999999 0.6440304390625 0.5707575140625 0.6286045609375 0.577024278125 0.6086794671875 0.5765422203125 0.58939711875 0.5779883953125 0.567543790625 0.5808807484375 0.5540461453125001 0.5828089828125 0.5424767375 0.57027545625 0.5180524296875 0.558706046875 0.5135532140625 0.545208403125 0.5186951734374999 0.5350851703124999 0.5270508578124999 0.5326748765625 0.5450477171875
0 1 0.216669321875 0.9959333000000001 0.1986724640625 0.9935230046875001 0.1826038390625 0.9829177140625 0.16717796093749998 0.967009775 0.1684634515625 0.9433888984375001 0.1826038390625 0.9395324296875 0.2025289328125 0.9438709578125 0.21924030156250002 0.9467633093750001 0.24173637499999998 0.9535121328124999 0.2623042140625 0.9641174234375001 0.2693744078125 0.9805074203125 0.2655179390625 1 0.2506705296875 1 0.216669321875
0 0.8638492109374999 0.2134555984375 0.8662595062499999 0.23273794531249997 0.8744545031250001 0.259733234375 0.879275090625 0.2860857765625 0.88988038125 0.29958342031249996 0.9053062609375001 0.2963696953125 0.9226603750000001 0.2892995015625 0.9361580187499999 0.28158656249999997 0.9385683125 0.2590904890625 0.9250706687499999 0.21859755781249998 0.9212141984375 0.1967442296875 0.9144653765624999 0.1774618796875 0.8990394984375 0.17874737031250001 0.883131559375 0.18517482031250002 0.8691518578125 0.1967442296875 0.8638492109374999 0.2134555984375
0 0.79925334375 0.2610187234375 0.8026277546875 0.2892995015625 0.80503805 0.311795575 0.8103406937500001 0.32529321875 0.821910103125 0.3310779234375 0.8373359828125 0.3214367484375 0.8561362718750001 0.3130810640625 0.8648133281250001 0.2937987171875 0.8571003890625001 0.2777300921875 0.8546900953125001 0.25780499843750004 0.8527618609375001 0.2404508859375 0.8484233328125 0.2237395171875 0.8363718640625001 0.20574265781249998 0.8166074578125 0.21088461718749998 0.8002174609375 0.22309677187500002 0.7982892265625 0.2423791203125 0.79925334375 0.2610187234375
0 0.7370677703124999 0.29829793125 0.7389960062500001 0.3381481171875 0.7467089453125 0.3548594859375 0.769365703125 0.347146546875 0.7920224640625 0.3362198828125 0.7925045234375 0.31243832031249996 0.7910583453125 0.2848002875 0.788648053125 0.2603759796875 0.783827465625 0.24173637499999998 0.774186290625 0.23466618125 0.7568321765625 0.2391653953125 0.7409242390624999 0.248163825 0.7322471828125 0.2738736234375 0.7370677703124999 0.29829793125
0 0.6806669015625 0.3240077296875 0.6854874890625 0.3529312515625 0.688379840625 0.3792837953125 0.70235954375 0.3895677140625 0.72453424375 0.37349908906249996 0.7351395359375 0.3529312515625 0.728872771875 0.330435178125 0.7308010078125 0.3079391046875 0.7322471828125 0.29187048125000004 0.724052184375 0.27837283749999997 0.709108365625 0.2719453875 0.694646603125 0.2854430328125 0.683559253125 0.29958342031249996 0.6806669015625 0.3240077296875
0 0.631978971875 0.3600014453125 0.629568678125 0.3895677140625 0.6358354421875 0.4082073171875 0.6599383765625 0.3998516328125 0.6768104312500001 0.386996734375 0.6753642546874999 0.3632151703125 0.6768104312500001 0.33557713749999996 0.677292490625 0.311795575 0.6719898453125001 0.300226165625 0.6536716124999999 0.305368125 0.63872779375 0.31629478906249997 0.6324610296875 0.3323634140625 0.631978971875 0.3600014453125
0 0.5837730999999999 0.353573996875 0.5799166296875 0.3645006609375 0.5784704546875 0.3966379078125 0.5765422203125 0.41913398125 0.5842551578124999 0.4345598609375 0.60353750625 0.4262041765625 0.62281985625 0.41592025625 0.6252301484375 0.3876394796875 0.6257122078124999 0.360644190625 0.6290866187499999 0.3394336078125 0.6281225015625 0.32722145468749997 0.6213736796875 0.3182230234375 0.607393978125 0.31629478906249997 0.5943783921875 0.32722145468749997 0.586665453125 0.3381481171875 0.5837730999999999 0.353573996875
0 0.5302645828125 0.3966379078125 0.529300465625 0.42556143124999996 0.5374954640625 0.44677201406249994 0.5466545796875 0.44934299375000003 0.5664189859375 0.4384163296875 0.573167809375 0.41913398125 0.57268575 0.40113712343749997 0.5775063375 0.3779983046875 0.5765422203125 0.3625724265625 0.57172163125 0.3574304671875 0.5577419296875 0.3510030171875 0.5461725203125 0.3625724265625 0.537977521875 0.3767128140625 0.5302645828125 0.3966379078125
0 0.93760419375 0.0200922078125 0.9279630203125 0.011093778125 0.9110909656249999 0.0072373078125000006 0.8913265593749999 0.015592992187499998 0.8787930312500001 0.029090635937499998 0.8619209765625 0.045802004687499995 0.847459215625 0.06572709843749999 0.8378180421874999 0.0888659171875 0.8344436312499999 0.112004734375 0.84697715625 0.1229313984375 0.8643312703125 0.12678786875 0.8812033250000001 0.1253995390625 0.89807538125 0.09715732656250001 0.9144653765624999 0.07851772343749999 0.9308553734375 0.0463804765625 0.93760419375 0.0200922078125
0 0.986292125 0.04644475 0.9978615328125 0.029090635937499998 1 0.0008098578125 0.953994190625 0.00016711406250000002 0.9424247812500001 0.018163971875 0.9409786046875 0.041302790625 0.9631533062500001 0.045802004687499995 0.986292125 0.04644475
0 0.7602065890625 0.1280733578125 0.7626168828125001 0.15378315625 0.7756324671875 0.165352565625 0.794914815625 0.1595678609375 0.817571575 0.138357278125 0.8257665734374999 0.118432184375 0.836853925 0.1010780703125 0.8479412749999999 0.0740827828125 0.8479412749999999 0.0560859234375 0.8329974531250001 0.052229454687499996 0.8214280453124999 0.05030122031249999 0.8045559890625 0.0676553328125 0.786237759375 0.081795721875 0.7717759984375 0.09979258125 0.7602065890625 0.1280733578125
0 0.639209853125 0.2276988265625 0.6531895546875 0.2347690203125 0.6705436671875 0.228984315625 0.684523371875 0.2167721609375 0.701877484375 0.2077737328125 0.718749540625 0.1994180484375 0.731765125 0.1807784453125 0.7283907140625 0.1608533515625 0.7182674812500001 0.14928394218750002 0.70862630625 0.1422137484375 0.66572308125 0.16663805468749998 0.6560819078125 0.18527765937500001 0.63872779375 0.2045600078125 0.639209853125 0.2276988265625
0 0.5649728109375001 0.2527658796875 0.553885459375 0.2649780328125 0.5461725203125 0.2784756765625 0.5505110484375 0.2945443 0.5707575140625 0.2939015546875 0.5890757468750001 0.2797611671875 0.6006451546875 0.2720482265625 0.6107683890625 0.26626352343750004 0.615588975 0.25340862343750004 0.61799926875 0.234126275 0.6078760359375 0.2251278453125 0.5914860390625 0.2276988265625 0.5741319265625 0.2366972546875 0.5649728109375001 0.2527658796875
0 0.4796869828125 0.3112428140625 0.47679463125000004 0.3298824171875 0.4806511015625 0.3465937859375 0.4936666859375 0.3485220203125 0.5062002125 0.3382381015625 0.5235543265625 0.3292396734375 0.537534028125 0.3176702640625 0.544764909375 0.2990306609375 0.542354615625 0.2823192921875 0.5288184078125 0.2694772484375 0.5143952109375001 0.2726781171875 0.49704109687500003 0.2874612515625 0.48981021562500004 0.3022443859375 0.4796869828125 0.3112428140625
0 0.46956375 0.2463255734375 0.4806511015625 0.2463255734375 0.493184628125 0.2360416546875 0.4984872734375 0.21611656093749998 0.5028258015625 0.2000479375 0.5028258015625 0.1871930390625 0.4951128609375 0.178194609375 0.482579334375 0.1871930390625 0.47342022031250003 0.2006906828125 0.46570728125 0.21611656093749998 0.46426110468750004 0.2328279296875 0.46956375 0.2463255734375
0 0.4869178640625 0.1826938234375 0.4984872734375 0.18140833437499998 0.5115028578125 0.1666252015625 0.512949034375 0.15119932187500001 0.515359328125 0.13898716718749998 0.5115028578125 0.1235612890625 0.49607697812499996 0.1287032484375 0.4869178640625 0.13898716718749998 0.48161521875 0.15634128125 0.481133159375 0.176266375 0.4869178640625 0.1826938234375
0 0.46329698593749996 0.1190620734375 0.477276690625 0.1216330546875 0.48595374687500004 0.1152056046875 0.48932815781250005 0.0965660015625 0.49270256718749994 0.0882103171875 0.47342022031250003 0.056073070312499994 0.46377904531249997 0.06057228437499999 0.460404634375 0.081140121875 0.4589584578125 0.10299345156249999 0.46329698593749996 0.1190620734375
0 0.45606610625000005 0.1691961796875 0.47149198437499995 0.1640542203125 0.477276690625 0.1473428515625 0.481133159375 0.12934599375 0.480169040625 0.1222757984375 0.46329698593749996 0.12420403437500001 0.4570302234375 0.13255971875 0.4483531671875 0.1467001078125 0.44787110781250006 0.16276873125 0.45606610625000005 0.1691961796875
0 0.4454608140625 0.22318675625 0.45944051718749995 0.21033185781250002 0.46715345625 0.19619146875 0.4705278671875 0.1769091203125 0.46377904531249997 0.1666252015625 0.449317284375 0.1724099046875 0.4430505203125 0.1807655890625 0.437265815625 0.2006906828125 0.437747875 0.22318675625 0.4454608140625 0.22318675625
0 0.4121987640625 0.2964596796875 0.42328611406250005 0.297102425 0.437265815625 0.291960465625 0.44497875625 0.2694643921875 0.45076345937499995 0.25339576875000003 0.4488352265625 0.2353989109375 0.43533758125000005 0.23347067500000002 0.42569640625 0.2476110640625 0.415091115625 0.2559667484375 0.412680821875 0.27589184218749996 0.4121987640625 0.2964596796875
0 0.39388053125 0.3639479 0.40978846874999997 0.362019665625 0.42328611406250005 0.35045025625 0.42955287656249996 0.3298824171875 0.43533758125000005 0.3073863453125 0.43148111250000004 0.2996734046875 0.4165372921875 0.30095889531250003 0.40882435156249997 0.30995732343750004 0.39918317812500004 0.325383203125 0.3933984734375 0.3427373171875 0.39388053125 0.3639479
0 0.36543906718749997 0.4352925890625 0.374116125 0.45136121406249996 0.38761376875 0.4417200390625 0.4011114125 0.4262941609375 0.40834229375 0.4018698515625 0.415091115625 0.38194475781250004 0.40834229375 0.37423181875 0.40159347187499994 0.37166083906249997 0.38423935781249996 0.38130201406249997 0.37797259375 0.3935141671875 0.367367303125 0.4127965171875 0.36543906718749997 0.4352925890625
0 0.481133159375 0.42813241093750004 0.480169040625 0.45062848437499997 0.48306139375 0.4692680875 0.49704109687500003 0.46862534218749996 0.5143952109375001 0.4570559328125 0.5182516796875001 0.433917115625 0.5206619734375 0.4062790828125 0.5245184421875 0.39342418281249997 0.5192157984375 0.3831402640625 0.5143952109375001 0.382587503125 0.5004155078125 0.3831402640625 0.490774334375 0.3966379078125 0.48498962968750003 0.4127065328125 0.481133159375 0.42813241093750004
0 0.4459428734375 0.4660543625 0.45172757812500003 0.48019475156249997 0.45944051718749995 0.487907690625 0.47486639531249997 0.4821229859375 0.4796869828125 0.46541161718749996 0.4820972765625 0.4531994640625 0.480169040625 0.4416300546875 0.4820972765625 0.4262041765625 0.48595374687500004 0.4146347671875 0.4869178640625 0.4088500625 0.4820972765625 0.40177986718750003 0.4729381609375 0.400494378125 0.46281492812499997 0.4146347671875 0.4551019890625 0.42877515468749994 0.44738904843749994 0.44741475937499997 0.4459428734375 0.4660543625
0 0.40593199999999996 0.4988343546875 0.40496788281249996 0.5168312140625 0.4078602359375 0.5316143484375 0.4208758203125 0.5290433671875 0.4329272890625 0.5219731734375 0.437747875 0.50590455 0.44208640312499997 0.4853367109375 0.44449669687500004 0.4666971078125 0.44690699062499994 0.44612926875000003 0.44738904843749994 0.43263162499999996 0.4300349359375 0.43198887968750005 0.4208758203125 0.4422728 0.40978846874999997 0.457698678125 0.4068961171875 0.4782665171875 0.40593199999999996 0.4988343546875
0 0.365921128125 0.598459821875 0.3596543640625 0.6228841296875001 0.3586902453125 0.6376672640625001 0.36543906718749997 0.6556641234375 0.380864946875 0.6530931421874999 0.39725494375000003 0.6492366734374999 0.40593199999999996 0.6293115796875 0.40978846874999997 0.6119574671875 0.4160552328125 0.5901041375 0.42280405468750004 0.5676080640625 0.4247322890625 0.55282493125 0.4160552328125 0.5425410109375 0.41027052968750005 0.5399700328125 0.3982190609375 0.5425410109375 0.3895420046875 0.554753165625 0.3827931828125 0.5624661046874999 0.373634065625 0.5753210046875 0.365921128125 0.598459821875
0 0.31048437500000003 0.5521821859375 0.3056637875 0.5727500234375 0.30381268281249996 0.5933178625 0.310079446875 0.5991025671875 0.3197206203125 0.604887271875 0.3346644390625 0.5952460984375 0.3443056140625 0.57982021875 0.34382355625 0.5656798296875001 0.3525006125 0.5470402265625001 0.35973149375 0.5373990515625 0.36165972812499997 0.5239014078124999 0.3606956109375 0.51297474375 0.345192603125 0.50976101875 0.3345873109375 0.5168312140625 0.3249461375 0.5258296421875001 0.31819731406249996 0.5373990515625 0.31048437500000003 0.5521821859375
0 0.2474118125 0.7017875 0.236806521875 0.7223553390624999 0.2300577 0.7435659218749999 0.22957564062500002 0.7577063109375 0.23873475625 0.773774934375 0.25416063437499997 0.775060425 0.2652479859375 0.763491015625 0.27055063125 0.749993371875 0.27537121875000004 0.7358529828125 0.2801918046875 0.7242835734375 0.288386803125 0.7120714203125 0.295135625 0.7037157359374999 0.30236650625 0.6908608359375 0.3009203296875 0.6780059375 0.2965818015625 0.669650253125 0.2879047453125 0.6646625515625 0.275853278125 0.6651510390625 0.26573004375 0.6805769171875 0.2560888703125 0.6902180921875 0.2474118125 0.7017875
0 0.177031240625 0.85218981875 0.169829284375 0.8817560859375 0.17175751875 0.8971819640625001 0.1813986921875 0.9016811796875001 0.1958604546875 0.8971819640625001 0.20212721875 0.8817560859375 0.21032221562500003 0.8650447171875 0.2233378015625 0.8419058984375001 0.2363533859375 0.82198080625 0.2382816203125 0.8020557125 0.23346103437500001 0.7911290484375 0.2199344671875 0.7789168937500001 0.19052888437499998 0.8136251218749999 0.18474418125 0.8277655109375001 0.1804056515625 0.840620409375 0.177031240625 0.85218981875
0 0.16838310781250002 0.9524580296874999 0.167418990625 0.93638940625 0.1544034046875 0.9293192124999999 0.13994164375 0.940888621875 0.1283722359375 0.9543862656250001 0.16115222812500002 0.9755968484374999 0.16549075625 0.9653129296875 0.16838310781250002 0.9524580296874999
0 0.228640446875 0.9183925484375 0.22381985937499999 0.9138933328125001 0.2117683921875 0.9293192124999999 0.203091334375 0.9453878359375001 0.23056868125 0.9434596015625001 0.228640446875 0.9286764671875 0.228640446875 0.9183925484375
0 0.2917901375 0.85218981875 0.2840771984375 0.8386921734375001 0.2705795546875 0.8361211953125001 0.25322544062499996 0.8393349203125 0.242138090625 0.8554035421874999 0.235871328125 0.8727576562499999 0.228640446875 0.8978247093749999 0.2252660359375 0.9164643140625 0.22719427187500002 0.934461171875 0.228640446875 0.947958815625 0.2700974953125 0.9563145000000001 0.27829249375 0.9325329375000001 0.28793366875 0.901038434375 0.2937183734375 0.8727576562499999 0.2917901375 0.85218981875
0 0.29853895937499997 0.8888262796875 0.3023954296875 0.9100368640625 0.31974954375000003 0.9048949046875 0.3346933640625 0.8984674546875 0.3366215984375 0.87597138125 0.335175421875 0.8483333484375001 0.335175421875 0.8264800203125 0.3371036578125 0.8110541421875 0.33951395 0.7847015984375 0.3293907171875 0.7673474859375 0.3144468984375 0.7686329749999999 0.29902101875 0.7834161078124999 0.292272196875 0.8110541421875 0.2917901375 0.840620409375 0.29516455 0.8631164828125 0.29853895937499997 0.8888262796875
0 0.3337292453125 0.8624737375 0.335175421875 0.8946109859375 0.34047806875000003 0.914536078125 0.3650630625 0.914536078125 0.3795248234375 0.8965392203125001 0.38530952812499997 0.870829421875 0.3804889421875 0.84576236875 0.38482746875 0.8078404171875 0.38579158750000003 0.7827733640625001 0.374222178125 0.7692757203125 0.36265276874999997 0.7692757203125 0.349637184375 0.776988659375 0.33806777499999996 0.8136251218749999 0.3327651296875 0.8374066843750001 0.3337292453125 0.8624737375
0 0.38338129374999996 0.8322647249999999 0.3824171765625 0.8554035421874999 0.38723776249999997 0.8785423609375 0.393986584375 0.9036094140625 0.4123048171875 0.9042521593749999 0.42387422499999994 0.8939682390625 0.4359256921875 0.88239883125 0.4344795171875 0.8599027578125 0.4335154 0.8367639390624999 0.43062304687499997 0.810411396875 0.43062304687499997 0.78855806875 0.4286948125 0.7660619953125 0.4185715796875 0.7589918015625 0.409894521875 0.75192160625 0.3978430546875 0.7564208203125 0.3843454109375 0.7898435578125 0.3824171765625 0.8129823765624999 0.38338129374999996 0.8322647249999999
0 0.47786480156250005 0.8142678671875 0.48509568124999997 0.8431913890624999 0.5005215609375 0.8637592265625 0.5183577328125 0.8901117703124999 0.541978609375 0.9003956890625 0.5670456625 0.870829421875 0.5704200734375 0.84254864375 0.5564403718750001 0.8116968859375 0.541978609375 0.7917717921875 0.5304092 0.7686329749999999 0.5164294984375 0.7538498421875001 0.4981112671875 0.746779646875 0.48702391718750004 0.7544925859375 0.4715980375 0.7724894453125 0.46870568593749995 0.796913753125 0.47786480156250005 0.8142678671875
0 0.5707767968749999 0.8059121828125001 0.5837923828125 0.8277655109375001 0.6016285546875 0.8483333484375001 0.6122338468749999 0.8734004015625001 0.62524943125 0.89268275 0.6392291343750001 0.8997529453125 0.6561011890625 0.8952537296875 0.66670648125 0.8734004015625001 0.6753835375 0.8560462890625 0.666224421875 0.8258372749999999 0.652726778125 0.8078404171875 0.6387470765625001 0.787272578125 0.62621355 0.7673474859375 0.6156082578125 0.7493506265625001 0.59163065625 0.7307110234375 0.5727050328125001 0.7506361171875 0.564027975 0.7647765046874999 0.562099740625 0.78213061875 0.5707767968749999 0.8059121828125001
0 0.6589935421875001 0.7994847328125 0.6806861843750001 0.8245517859374999 0.6951479453125 0.84576236875 0.706717353125 0.8644019734375 0.7259997031250001 0.887540790625 0.7481744031249999 0.8965392203125001 0.7737235140625 0.8830415765625 0.7819185125 0.8554035421874999 0.7795082203125 0.8322647249999999 0.7582976359375 0.8065549265625 0.7404614640625 0.7795596390624999 0.7245535265624999 0.757063565625 0.7038250015624999 0.7313537671875 0.6859888296875 0.7197843578125 0.6720091265625 0.7191416140625 0.6565832484375 0.7339247484375 0.6445317796875 0.7512788609375 0.646460015625 0.7673474859375 0.6589935421875001 0.7994847328125
0 0.762636165625 0.7956282625 0.7852929234375 0.82198080625 0.80023674375 0.84576236875 0.818554975 0.8682584421874999 0.833980853125 0.8868980453124999 0.8469964390625 0.8991102 0.8648326109375001 0.9003956890625 0.885079078125 0.887540790625 0.9009870140625 0.8682584421874999 0.896166428125 0.8431913890624999 0.87977643125 0.8161961015625 0.8624223171875001 0.7879153234375 0.8310885015625 0.7589918015625 0.8180729156250001 0.7390667078125001 0.80023674375 0.7204271046875 0.7795082203125 0.7075722046874999 0.7597438125 0.7191416140625 0.741907640625 0.7435659218749999 0.74624616875 0.7718467 0.762636165625 0.7956282625
0 0.8489246749999999 0.7532070953125001 0.861940259375 0.7757031703124999 0.8783302562499999 0.7981992421874999 0.8980946624999999 0.8142678671875 0.9202693625 0.8374066843750001 0.9385875953125 0.8586172671875 0.9626905296875 0.8785423609375 0.9887217015624999 0.8939682390625 0.9988449328125 0.8881835359375 0.9969166984375001 0.7898435578125 0.975706115625 0.7731321890625 0.957387884375 0.7544925859375 0.8879714296874999 0.6953600515625 0.8653146703125 0.710143184375 0.8537452609375 0.7274972984375 0.8489246749999999 0.7532070953125001
0 1 0.679934171875 0.9810087609375 0.7274972984375 1 0.757063565625 1 0.679934171875
0 0.062185573437499995 0.9036993984375 0.068934396875 0.8940582234375001 0.07038057187499999 0.87091940625 0.063149690625 0.8567790171875 0.0472417546875 0.8702766609375001 0.035190285937499996 0.8805605796875 0.0221747015625 0.889559009375 0.0101232328125 0.9043421437499999 0.0457955765625 0.9229817468749999 0.05350851718750001 0.912697828125 0.062185573437499995 0.9036993984375
0 0.14654584843750001 0.8336401984374999 0.16052555 0.8464950984374999 0.17257701875 0.8336401984374999 0.181254075 0.8143578515625001 0.1807720171875 0.8015029515625001 0.170648784375 0.7950755015625 0.1532946703125 0.78029236875 0.1431714375 0.7918617765625 0.1359405578125 0.8092158906250001 0.1325661453125 0.8220707890625001 0.14654584843750001 0.8336401984374999
0 0.1745052546875 0.7764358984374999 0.1875208390625 0.788648053125 0.1986081890625 0.7918617765625 0.2096955390625 0.771936684375 0.21596230312500003 0.7545825703125 0.20776730468750002 0.7475123765625 0.193787603125 0.7423704171875001 0.1778796640625 0.7308010078125 0.1687205484375 0.7397994359375 0.16245378593749998 0.7571535500000001 0.1648640796875 0.7680802140625 0.1745052546875 0.7764358984374999
0 0.2005364234375 0.7243735578125 0.214998184375 0.7327292421875 0.22994200468749998 0.7308010078125 0.2376549453125 0.7070194437499999 0.241511415625 0.6915935656250001 0.2265675953125 0.6858088609374999 0.20101848281249998 0.6787386671875 0.1913773078125 0.694807290625 0.1860746625 0.7095904234375 0.1880028984375 0.7198743421875 0.2005364234375 0.7243735578125
0 0.1282276171875 0.7378712015625 0.127745559375 0.753939825 0.13835085 0.7558680609375 0.1518484953125 0.7320864968749999 0.1638999625 0.7160178734375 0.1764334890625 0.6928790546875 0.1667923140625 0.6806669015625 0.1542587875 0.68002415625 0.13979702656249998 0.6941645453125 0.1325661453125 0.7102331687500001 0.130155853125 0.725016303125 0.1282276171875 0.7378712015625
0 0.159079375 0.6337465203125 0.1532946703125 0.6485296546875 0.1610076109375 0.6588135734375 0.1720949609375 0.6723112171875 0.181254075 0.6735967078125 0.1942696609375 0.65302886875 0.2058390703125 0.6305327953125001 0.21403406875000003 0.6118931921875 0.21837259687500002 0.5926108421875 0.2029467171875 0.5861833937500001 0.18993113281250001 0.5938963328125 0.1764334890625 0.6016092734375 0.169684665625 0.6157496609375 0.159079375 0.6337465203125
0 0.25838346875 0.5849364687499999 0.26561435 0.5791517640625 0.2776658171875 0.5740098046875 0.288271109375 0.5682251 0.295501990625 0.5572984359375 0.3032149296875 0.5380160875 0.2969481671875 0.5303031484375 0.28248640625 0.532874128125 0.268506703125 0.5341596171874999 0.2579014109375 0.5469759515625 0.25115258906250004 0.5662968640625 0.2506705296875 0.576580784375 0.25838346875 0.5849364687499999
0 0.2786299359375 0.5341596171874999 0.28875316875 0.532874128125 0.2993584609375 0.532874128125 0.307553459375 0.5238756984374999 0.3118919875 0.5084498203125001 0.305143165625 0.4975231546875 0.29212757968749997 0.4968804109375 0.2757375828125 0.507807075 0.2689887609375 0.5123062890625001 0.26079376249999997 0.5251611890625 0.2603117046875 0.5373733421875 0.2670605265625 0.539944321875 0.2786299359375 0.5341596171874999
0 0.28007611250000003 0.5071643296875 0.290681403125 0.49816589999999994 0.2993584609375 0.496237665625 0.306589340625 0.49430942968749997 0.312856103125 0.48466825625 0.31719463281250004 0.47245610156250006 0.311409928125 0.4589584578125 0.2983943421875 0.4563874796875 0.28393258125 0.46281492812499997 0.2776658171875 0.46924237812499997 0.2757375828125 0.4775980609375 0.26947082031249997 0.4885247265625 0.266096409375 0.5026651140625 0.2709169953125 0.509735309375 0.28007611250000003 0.5071643296875
0 0.23861906249999998 0.5225902078125 0.2482602359375 0.50459335 0.25693729374999996 0.4865964921875 0.2622399390625 0.4673141421875 0.2492243546875 0.46474316250000003 0.2333164171875 0.4641004171875 0.2265675953125 0.48016904218749995 0.21885465625 0.496237665625 0.21644436250000001 0.507807075 0.214998184375 0.5258039328125 0.2256034765625 0.5373733421875 0.234280534375 0.5335168734375 0.23861906249999998 0.5225902078125
0 0.28875316875 0.45970404218749994 0.301768753125 0.4577758078125 0.311409928125 0.458418553125 0.3196049265625 0.451991103125 0.328764040625 0.435279734375 0.3220152203125 0.4288522859375 0.312856103125 0.42371032499999994 0.3012866953125 0.4282095390625 0.2916455203125 0.432066009375 0.2873069921875 0.4429926734375 0.28007611250000003 0.45124551874999996 0.2757375828125 0.4616322765625 0.28007611250000003 0.4674169828125 0.28875316875 0.45970404218749994
0 0.2988764015625 0.43013777500000006 0.30610728125 0.42628130468750003 0.31719463281250004 0.43078052031249997 0.3263537484375 0.43013777500000006 0.33021021875 0.418568365625 0.3350308046875 0.40571346718749995 0.331174334375 0.3980005265625 0.320086984375 0.3986432734375 0.310445809375 0.401856996875 0.3003225765625 0.40635621093749996 0.290681403125 0.4159973859375 0.285860815625 0.4282095390625 0.286342875 0.4423499296875 0.2988764015625 0.43013777500000006
0 0.30466110625 0.4044279765625 0.3186408078125 0.3973577828125 0.3350308046875 0.3935013125 0.3437078609375 0.38321739374999997 0.3437078609375 0.37357622031250004 0.3398513921875 0.3632923 0.329728159375 0.3594358296875 0.320086984375 0.3575075953125 0.308999634375 0.36264955468750004 0.30273287031249996 0.378075434375 0.2969481671875 0.3902875890625 0.2983943421875 0.401856996875 0.30466110625 0.4044279765625
0 0.2506705296875 0.3433029328125 0.2559731765625 0.351015871875 0.26175788125 0.3574433203125 0.27284523125 0.3497303828125 0.28248640625 0.33558999218749996 0.29309169687500003 0.3214496046875 0.286342875 0.31245117499999997 0.2810402296875 0.3098801953125 0.28007611250000003 0.3098801953125 0.2733272890625 0.3169503890625 0.264168175 0.32080685937500003 0.257419353125 0.32916254375 0.2506705296875 0.3433029328125
0 0.2853787578125 0.300881765625 0.2935737546875 0.3021672546875 0.30225081249999997 0.29895353125 0.3099637515625 0.28931235625 0.3147843390625 0.2796711828125 0.3215331609375 0.2681017734375 0.320086984375 0.25910334375 0.31526639843750004 0.25588961875 0.307553459375 0.257175109375 0.2988764015625 0.26488804843749997 0.2911634625 0.2758147125 0.285860815625 0.287384121875 0.2853787578125 0.300881765625
0 0.3437078609375 0.280956671875 0.349974625 0.27774294843749997 0.3557593296875 0.2713154984375 0.3644363859375 0.26488804843749997 0.37070314843749996 0.2610315796875 0.374077559375 0.2501049140625 0.37455961875 0.23789276093749998 0.3649184453125 0.2366072703125 0.35720550625 0.237250015625 0.3509387421875 0.23917825 0.3437078609375 0.250747659375 0.3374410984375 0.2603888328125 0.3340666875 0.267459028125 0.3369590390625 0.2783856921875 0.3437078609375 0.280956671875
0 0.350456684375 0.2411064859375 0.35720550625 0.2346790359375 0.3668466796875 0.2333935453125 0.3735955015625 0.23982099531249998 0.38130844218750004 0.23596452656250003 0.386129028125 0.21925315781250002 0.3827546171875 0.2141111984375 0.37455961875 0.21218296250000002 0.3644363859375 0.2147539421875 0.3576875640625 0.2224668828125 0.349974625 0.2327508015625 0.3441899203125 0.23982099531249998 0.3446719796875 0.2462484453125 0.350456684375 0.2411064859375
0 0.38323667499999997 0.21603943281250002 0.3890213796875 0.20832649218750002 0.39384196875 0.19482884843749998 0.388539321875 0.1864731640625 0.377451971875 0.1884014 0.36829285624999997 0.193543359375 0.3625081515625 0.2044700234375 0.35720550625 0.21218296250000002 0.3547952125 0.22310962656250002 0.3596157984375 0.2179676671875 0.37311344375 0.210254728125 0.38323667499999997 0.21603943281250002
0 0.320086984375 0.2526758953125 0.3326205109375 0.240463740625 0.3393693328125 0.22568060625 0.3422616859375 0.21089747343749998 0.3350308046875 0.2051127671875 0.32056904375 0.2031845328125 0.31574845625000003 0.21732492187500002 0.312856103125 0.2308225671875 0.3118919875 0.24496295468749998 0.320086984375 0.2526758953125
0 0.3533490359375 0.17940297031250002 0.3625081515625 0.1678335609375 0.3692569734375 0.1504794484375 0.3692569734375 0.1446947421875 0.36106197500000003 0.1379459203125 0.3490105078125 0.1414810171875 0.3427437453125 0.1524076828125 0.343225803125 0.16847630625 0.3456360953125 0.17940297031250002 0.3533490359375 0.17940297031250002
0 0.3663646203125 0.1402340921875 0.37311344375 0.135734878125 0.3755237375 0.125450959375 0.3803443234375 0.11388155 0.37311344375 0.10998651562499999 0.3649184453125 0.1138429859375 0.3562413875 0.12802193906249998 0.35865168281250004 0.13702036875 0.3663646203125 0.1402340921875
0 0.3967343203125 0.0843152828125 0.3991446125 0.07338861875 0.3875752046875 0.0663184234375 0.3803443234375 0.0804588125 0.37793403125 0.0978129265625 0.38130844218750004 0.10295488593749999 0.3899854984375 0.0978129265625 0.3967343203125 0.0843152828125
0 0.4083037296875 0.055391759375 0.411678140625 0.0425368609375 0.400590790625 0.03675215625 0.39143167343749996 0.0528207796875 0.3904675578125 0.0688894046875 0.39528814375 0.075316853125 0.40637549375 0.0688894046875 0.4083037296875 0.055391759375
0 0.4189090203125 0.0131505609375 0.41071402187499995 0.005437621875 0.4054113765625 0.009936835937500001 0.40444725937500003 0.0271109828125 0.41119608124999996 0.0433595734375 0.41939107968749995 0.031790165625 0.4189090203125 0.0131505609375
0 0.21644436250000001 0.4846296921875 0.2212649484375 0.4711320484375 0.2313881828125 0.45891989375 0.24343965 0.44992146406250005 0.2506705296875 0.44028029062499996 0.24440376718749998 0.4293536265625 0.23524465156250002 0.433852840625 0.22512141875 0.4434940140625 0.21644436250000001 0.44606499531250005 0.20776730468750002 0.460848128125 0.1971620140625 0.47627400781249996 0.21210583437500002 0.500698315625 0.21885465625 0.49555635625 0.21644436250000001 0.4846296921875
0 0.24054729687499998 0.4666328328125 0.2506705296875 0.4666328328125 0.2603117046875 0.4563489140625 0.25934758593749996 0.4441367609375 0.2535628828125 0.4441367609375 0.24247553125 0.45056420937499997 0.22608553593749997 0.46534734375 0.21596230312500003 0.4820587109375 0.22030083125000002 0.4916998859375 0.229459946875 0.47884498750000004 0.24054729687499998 0.4666328328125
0 0.2309061234375 0.4357810765625 0.24102935625000002 0.4364238203125 0.247778178125 0.4332100953125 0.2530808234375 0.4216406859375 0.2492243546875 0.41135676718749997 0.2419934734375 0.4158559828125 0.2333164171875 0.423568921875 0.22367524218749998 0.43128186093750004 0.214998184375 0.44285127031249993 0.2101775984375 0.4518496984375 0.21644436250000001 0.45249244375000003 0.222711125 0.44606499531250005 0.2309061234375 0.4357810765625
0 0.20728524531249998 0.4409230359375 0.202464659375 0.45249244375000003 0.2029467171875 0.4634191078125 0.2082493640625 0.45249244375000003 0.213552009375 0.44542225 0.21789053749999998 0.44028029062499996 0.22801377031249997 0.4357810765625 0.2333164171875 0.4216406859375 0.2400652375 0.4152132375 0.229459946875 0.40814304218749997 0.2193367140625 0.41071402343749996 0.21210583437500002 0.42549715624999995 0.20728524531249998 0.4409230359375
0 0.1990902484375 0.4595626390625 0.2019826 0.45249244375000003 0.200054365625 0.4434940140625 0.2101775984375 0.4357810765625 0.20535701093749997 0.4293536265625 0.19812613125 0.4325673515625 0.19330554375 0.43192460625000006 0.18848495625 0.4415657796875 0.1855926046875 0.45249244375000003 0.1894490734375 0.4595626390625 0.1990902484375 0.4595626390625
0 0.1798079 0.45891989375 0.1846284875 0.4544206796875 0.1875208390625 0.44028029062499996 0.179325840625 0.4325673515625 0.16823849062500001 0.4396375453125 0.1629358453125 0.45056420937499997 0.16148966874999998 0.4602053828125 0.16920260781250002 0.46470459843749995 0.1798079 0.45891989375
0 0.142689378125 0.48334420156249996 0.154740846875 0.4749885171875 0.1638999625 0.46470459843749995 0.16245378593749998 0.4550634234375 0.156187021875 0.44735048437499997 0.14172526093749999 0.4544206796875 0.13835085 0.46791832343750006 0.13931496875 0.4756312625 0.142689378125 0.48334420156249996
0 0.1190685015625 0.49491361093749997 0.1272635 0.4916998859375 0.1349764390625 0.4814159671875 0.131602028125 0.4544206796875 0.10990938593749999 0.4692038125 0.10605291718750001 0.483986946875 0.1084632109375 0.49491361093749997 0.1190685015625 0.49491361093749997
0 0.1749873125 0.38179050000000003 0.165828196875 0.3882179484375 0.16341790312499999 0.3997873578125 0.16148966874999998 0.4087857875 0.16148966874999998 0.42228343125 0.17113084375 0.4229261765625 0.1759514296875 0.4087857875 0.181254075 0.3946453984375 0.1846284875 0.3856469703125 0.1749873125 0.38179050000000003
0 0.16282806875 0.42418228437499994 0.16069292500000001 0.41799345624999995 0.1618069140625 0.41007175625 0.1626424046875 0.40078851406249993 0.163013734375 0.3963325578125 0.157258125 0.398931865625 0.15438031875 0.403387821875 0.1521523421875 0.40821510781250003 0.1519666765625 0.41502281874999997 0.1498315296875 0.4255438265625 0.1521523421875 0.4329704203125 0.1576294546875 0.4334655265625 0.162085409375 0.42888579375 0.16282806875 0.42418228437499994
0 0.1424049375 0.42542004999999994 0.1403626234375 0.42987600625000005 0.1384131421875 0.43383685625 0.1385988078125 0.44089212031249997 0.1398984609375 0.4460907359375 0.146118234375 0.44472919375000003 0.1504813578125 0.44138722656249996 0.152523671875 0.43408440937500004 0.1507598546875 0.4277718046875 0.151131184375 0.41960255156250004 0.1528021671875 0.41267106406250004 0.15233800625 0.40413048125 0.1483462109375 0.40809133124999997 0.145189909375 0.41267106406250004 0.1436117578125 0.418241009375 0.1424049375 0.42542004999999994
0 0.1321933703125 0.42616270937499995 0.13265753125 0.4337130796875 0.131357878125 0.43767392968749996 0.12968689375 0.44138722656249996 0.1279230796875 0.4460907359375 0.129779728125 0.45166068125000003 0.135813834375 0.45265089375 0.140269790625 0.4480711609375 0.1385988078125 0.4411396734375 0.139805628125 0.4322277609375 0.1425906015625 0.424677390625 0.1430547625 0.41923122187499995 0.1450042453125 0.4135375 0.145375575 0.408833990625 0.1400841265625 0.40908154375 0.13544250468750002 0.4144039359375 0.1325647 0.42071654062499997 0.1321933703125 0.42616270937499995
0 0.11371971875 0.46799918749999997 0.11511220468750001 0.465771209375 0.1128842265625 0.460820146875 0.11344122187500001 0.45475509531249997 0.11251289687499999 0.45042291562500003 0.1076856109375 0.45128935156249994 0.10295115625 0.45364110625 0.099145028125 0.45958238125 0.0958958921875 0.46886562343750005 0.09561739531249999 0.4767873234375 0.1003518484375 0.48582301406250006 0.105643296875 0.4824810453125 0.10944942656250001 0.47418801562499996 0.11371971875 0.46799918749999997
0 0.11622619375000001 0.465276103125 0.1195681609375 0.46242924218750003 0.1237456203125 0.4584683921875 0.12755175000000002 0.4572306265625 0.129779728125 0.4542599890625 0.1277374140625 0.451413128125 0.125416603125 0.446462065625 0.12755175000000002 0.44089212031249997 0.1300582234375 0.4342081859375 0.1286657390625 0.42591515625 0.1236527875 0.43111377187500005 0.117897178125 0.44089212031249997 0.1142767125 0.447204725 0.1144623765625 0.45500264843749993 0.11344122187500001 0.461315253125 0.11622619375000001 0.465276103125