0 0.28515625 0.803125 0.08828125 0.0859375
0 0.27109375 0.7421875 0.08203125 0.0734375
0 0.2640625 0.69140625 0.08828125 0.07109375
0 0.3047455578125 0.619197553125 0.2754431 0.6038137640625 0.2417452734375 0.6230435 0.20804744843749998 0.6604041328125 0.24687320468750001 0.6779856093750001 0.3047455578125 0.619197553125
0 0.206582325 0.60820913125 0.230024290625 0.6252411859375 0.29595482031250003 0.569200234375 0.26518723906249997 0.5510693390625 0.206582325 0.60820913125
0 0.1897334109375 0.5428280234375 0.22929172968749997 0.56810139375 0.285698959375 0.5170052328125 0.24687320468750001 0.49392954843750003 0.1897334109375 0.5428280234375
0 0.260059309375 0.4290978609375 0.1831403578125 0.44832759843750003 0.1992567109375 0.4763480734375 0.2761756609375 0.45272296718750005 0.260059309375 0.4290978609375
0 0.43587405468749996 0.53458670625 0.4307461234375 0.5082144953125 0.3450650609375 0.52073990625 0.345768996875 0.5450257078125 0.43587405468749996 0.53458670625
0 0.35016436562500003 0.5538164453125 0.350896928125 0.580738078125 0.44319966875 0.5686508140625001 0.43660661562499997 0.5428280234375 0.35016436562500003 0.5538164453125
0 0.4659090734375 0.6384272906249999 0.45931602031249996 0.60656086875 0.37653657812499997 0.6126045 0.37653657812499997 0.6109562375 0.3758040171875 0.6483168703125 0.4659090734375 0.6384272906249999
0 0.4776300546875 0.670843134375 0.471037003125 0.6428226593749999 0.38239706875 0.6565581859375 0.38312962968750003 0.6571076078125 0.3838621921875 0.685677503125 0.4776300546875 0.670843134375
0 0.483490546875 0.6818315546875 0.393385490625 0.6977647671875 0.3970482984375 0.730180609375 0.49301384531250003 0.71314855625 0.483490546875 0.6818315546875
0 0.4900836 0.7241369796875 0.410966965625 0.742267875 0.41902514062499996 0.773584875 0.5003394609375 0.7554539796874999 0.4900836 0.7241369796875
0 0.6307353953125 0.7318288734375 0.5677351125000001 0.7389713484375 0.5750607265625 0.7680906656250001 0.6373284484374999 0.7571022421875 0.6307353953125 0.7318288734375
0 0.6314679578125 0.6911717140625 0.5574792515625 0.7060060828125 0.5670025515625 0.7345759796875 0.64099125625 0.72029103125 0.6314679578125 0.6911717140625
0 0.6292702734375 0.6790844515625001 0.6226772203125 0.65216281875 0.5472233921874999 0.666447765625 0.5501536375 0.668096028125 0.55454900625 0.6939188203125 0.6292702734375 0.6790844515625001
0 0.625607465625 0.647218028125 0.6160841671874999 0.6142527624999999 0.5362349703125 0.6301859750000001 0.53770009375 0.6312848171875001 0.5464908296875 0.6571076078125 0.625607465625 0.647218028125
0 0.608758553125 0.6131539218750001 0.6028980609375 0.5867817093750001 0.5230488640625001 0.59777013125 0.5230488640625001 0.5983195515624999 0.5296419171875 0.6219446578125 0.608758553125 0.6131539218750001
0 0.595572446875 0.5818369203125 0.5919096390624999 0.5538164453125 0.5091301984375 0.561508340625 0.51132788125 0.5620577609375 0.52011861875 0.589528815625 0.595572446875 0.5818369203125
0 0.5772584109375 0.518104075 0.4981417765625 0.5268948124999999 0.5091301984375 0.5538164453125 0.5860491484375 0.5477728125 0.5772584109375 0.518104075
0 0.5604094984375 0.485138809375 0.4959440921875 0.4900836 0.501072021875 0.5164558125 0.5648048671875 0.5104121796875 0.5604094984375 0.485138809375
0 0.5538164453125 0.473051546875 0.5494210765624999 0.4466793359375 0.4820254234375 0.452173546875 0.4842231078125 0.45382180937500005 0.4893510390625 0.4785457578125 0.5538164453125 0.473051546875
0 0.5413629015625 0.4219553859375 0.4725021265625 0.4252519140625 0.4746998109375 0.447778178125 0.47836261718750006 0.447778178125 0.543560584375 0.4433828078125 0.5413629015625 0.4219553859375
0 0.522316303125 0.41481291249999996 0.5230488640625001 0.39118780625 0.4417345453125 0.388990121875 0.4402694234375 0.3900889640625 0.44319966875 0.41536233281249996 0.522316303125 0.41481291249999996
0 0.427815878125 0.3834959109375 0.3428387515625 0.3780017 0.344303875 0.4120658078125 0.34796668125 0.4120658078125 0.4307461234375 0.4120658078125 0.427815878125 0.3834959109375
0 0.2659198015625 0.421405965625 0.2490708875 0.393385490625 0.1714193765625 0.41536233281249996 0.1728844984375 0.417010596875 0.1860706046875 0.440635703125 0.2659198015625 0.421405965625
0 0.186803165625 0.4054727546875 0.186803165625 0.4060221765625 0.25932674843750003 0.3834959109375 0.24321039687499998 0.356574278125 0.1648263234375 0.38239707031250003 0.186803165625 0.4054727546875
0 0.10988421562499999 0.3334985921875 0.1150121453125 0.3571237 0.11574470625 0.357673121875 0.1260005671875 0.36481559375 0.20584976406250002 0.356574278125 0.1992567109375 0.3285538046875 0.10988421562499999 0.3334985921875
0 0.1032911625 0.331300909375 0.15676814687500001 0.3258066984375 0.1479774109375 0.30602754062500004 0.054942107812499995 0.3104229078125 0.054209545312499996 0.30987348593749997 0.0637328453125 0.3307514875 0.1032911625 0.331300909375
0 0.094500425 0.22910858906249998 0.0483490546875 0.22306495625 0.0498141765625 0.2521842734375 0.0498141765625 0.253283115625 0.11061677656249999 0.2642715375 0.1289308125 0.2576784859375 0.131128496875 0.2433935359375 0.094500425 0.22910858906249998
0 0.2446755203125 0.275259959375 0.1904659734375 0.2510854328125 0.15969839218749998 0.24778890625 0.1509076546875 0.2631726953125 0.1604309546875 0.27361169531249996 0.21757074531249998 0.29064375 0.23148941406249998 0.290094328125 0.2446755203125 0.275259959375
0 0.3391759453125 0.309324065625 0.3267224 0.2994344859375 0.3018153109375 0.2889954859375 0.2607918703125 0.2807541703125 0.2461406421875 0.2917425921875 0.2476057640625 0.3043792765625 0.3128037328125 0.3258066984375 0.3296526453125 0.32470785625 0.3391759453125 0.309324065625
0 0.4629788265625 0.3230595921875 0.441001984375 0.316466540625 0.4073041578125 0.3082252234375 0.3867924375 0.309324065625 0.3853273140625 0.331300909375 0.3867924375 0.3285538046875 0.3985134203125 0.3362456984375 0.44832759843750003 0.3444870140625 0.46151370468749997 0.3406410671875 0.4629788265625 0.3230595921875
0 0.5904445171875 0.35217890937499996 0.5794560953125 0.3384433828125 0.5604094984375 0.3323997515625 0.5362349703125 0.329103225 0.5215837421875 0.3340480140625 0.52011861875 0.35217890937499996 0.5486885140625 0.3587719625 0.5787235328125 0.36151906875 0.5904445171875 0.35217890937499996
0 0.6637006609375 0.356574278125 0.6571076078125 0.3411904875 0.6373284484374999 0.3384433828125 0.61461904375 0.33679512031250003 0.6014329390625 0.3428387515625 0.604363184375 0.3582225421875 0.6241423421875 0.36316733125 0.6527122390625 0.3637167515625 0.6637006609375 0.356574278125
0 0.6505145546875 0.46371138749999996 0.6351307640625 0.43349322968750004 0.62780515 0.417010596875 0.5985026921875 0.42635075625 0.6094911140625 0.46371138749999996 0.621212096875 0.4719527046875 0.6395261328124999 0.473051546875 0.6505145546875 0.46371138749999996
0 0.6695611515625 0.5098627578125 0.660037853125 0.4900836 0.6483168703125 0.47689749531250003 0.6241423421875 0.48184228281249997 0.62340978125 0.4823917046875 0.6365958875 0.5208511812500001 0.64904943125 0.5279936546874999 0.6673634671875 0.5246971281249999 0.6695611515625 0.5098627578125
0 0.7142473984375 0.5917264984374999 0.6973984859375 0.563706025 0.6973984859375 0.5626071828125 0.6849449421875 0.543926865625 0.660037853125 0.5444762875 0.6549099234375 0.55656355 0.6563750453125 0.55656355 0.671026275 0.5933747625 0.6842123796874999 0.606011446875 0.7039915390625 0.601616078125 0.7142473984375 0.5917264984374999
0 0.2563965015625 0.951597303125 0.2754431 0.95819035625 0.36481559531249996 0.9296204609375 0.36554815625 0.9098413015625001 0.35236205 0.893908090625 0.35236205 0.8933586703125 0.2681174859375 0.9153355140625001 0.2563965015625 0.951597303125
0 0.45931602031249996 0.9125884078125001 0.48568823125 0.8977540390625001 0.4864207921875 0.879073721875 0.471037003125 0.8631405109375001 0.3728737703125 0.887864459375 0.3736063328125 0.88841388125 0.3875249984375 0.9285216187499999 0.45931602031249996 0.9125884078125001
0 0.5149906890625 0.8917104078125 0.5845840250000001 0.8757771968749999 0.595572446875 0.8565474578125001 0.577990971875 0.8356694578124999 0.501072021875 0.8576463000000001 0.49960689843750006 0.8581957203125 0.49960689843750006 0.87962314375 0.5149906890625 0.8917104078125
0 0.6637006609375 0.8565474578125001 0.7267009437499999 0.8395154046875 0.7274335046875 0.816989140625 0.7054566624999999 0.80600071875 0.6446540625 0.8246810359375001 0.6453866234375 0.8296258249999999 0.64099125625 0.8461084578125 0.6637006609375 0.8565474578125001
0 0.8182711234375001 0.8186374031250001 0.8219339296875001 0.7988582453124999 0.784573296875 0.784573296875 0.73549168125 0.7730354546875 0.73549168125 0.773584875 0.7296311890625 0.7983088234375 0.754538278125 0.8092972453125 0.7926314734375 0.8230327718750001 0.8182711234375001 0.8186374031250001
0 0.8109455078125001 0.7873204031250001 0.8255967375000001 0.77798024375 0.8314572296874999 0.763695296875 0.7472126640625001 0.7263346625 0.7464801015625 0.726884084375 0.7362242421875 0.750509190625 0.7442824171875 0.763145875 0.7926314734375 0.7862215609375001 0.8109455078125001 0.7873204031250001
0 0.77798024375 0.7197416109375 0.7772476828125 0.7027095578125 0.75234059375 0.6867763453125 0.7193753296875001 0.67139255625 0.6995961703125 0.6774361875 0.7017938546875 0.6768867671875001 0.696665925 0.6933693984375 0.7135148375 0.7054566609374999 0.7603987703125 0.7296311890625 0.77798024375 0.7197416109375
0 0.763329015625 0.675238503125 0.767724384375 0.656008765625 0.73988705 0.6417238171874999 0.707654346875 0.6219446578125 0.6893403109375 0.6290871328125001 0.69227055625 0.6279882906250001 0.6849449421875 0.6422732375 0.6952008015625 0.654360503125 0.7428172953125001 0.6763373453125 0.763329015625 0.675238503125
0 0.7659126140625 0.392641725 0.7575015953124999 0.3869069390625 0.7422088296875 0.3844218640625 0.7077228625 0.38632366406249996 0.701937884375 0.3999057890625 0.718250165625 0.409846084375 0.755462559375 0.40927260624999995 0.7682065296875 0.4039201390625 0.7712650828125 0.39570027812499997 0.7659126140625 0.392641725
0 0.831416621875 0.40086158593750004 0.8199470484375 0.3876715765625 0.8072030796874999 0.3853776625 0.775343153125 0.3878627359375 0.7707553234375 0.3979941921875 0.7799309828125 0.4088902859375 0.7781468265625 0.409463765625 0.8138299421875 0.4104195625 0.831416621875 0.40086158593750004
0 0.8033798875 0.36110039843749997 0.8015957312499999 0.35001314375 0.7906359171874999 0.34561647500000003 0.7758529109375 0.3433225609375 0.7549528 0.3438960390625 0.74730641875 0.349630825 0.7480710562499999 0.349630825 0.7452673828124999 0.3547921328125 0.753678403125 0.36549706875 0.7949688671875 0.3670263453125 0.8033798875 0.36110039843749997
0 0.7192696828125 0.34198444375000003 0.7049964359375 0.339690528125 0.6789987375 0.3375877734375 0.66778404375 0.342557921875 0.664725490625 0.35001314375 0.6726267515625 0.362056196875 0.67288163125 0.362056196875 0.7134074578125 0.366644025 0.7246221515625 0.362056196875 0.7276807046875 0.3511601015625 0.7192696828125 0.34198444375000003
0 0.8495130609375 0.3477192296875 0.8375337281249999 0.3435137203125 0.817143375 0.3414109640625 0.80592868125 0.346189953125 0.810771390625 0.36511475 0.8110262703125001 0.3649235890625 0.8431410749999999 0.3677909828125 0.853081371875 0.3639677921875 0.8569045624999999 0.3546009734375 0.8495130609375 0.3477192296875
0 0.8640411859375 0.34676343125 0.8581789593750001 0.353454015625 0.8608337 0.3632282859375 0.8688838953125 0.3685556203125 0.8849412984375 0.36874678125 0.9236829671875 0.3463811125 0.9198597765625 0.34064632499999997 0.8879998499999999 0.3402640078125 0.8640411859375 0.34676343125
0 0.0888616484375 0.194492909375 0.08332940625 0.14911122968749999 0.06707844375000001 0.141072190625 0.0490986546875 0.1415908390625 0.051173245312500004 0.1934556140625 0.07191915625 0.199160740625 0.0888616484375 0.194492909375
0 0.1615069125 0.1187703359375 0.15839502656249999 0.1089160296875 0.1459474796875 0.0980244265625 0.1338456984375 0.08739214687499999 0.10618448437500001 0.074685278125 0.0882046953125 0.0749446015625 0.080252096875 0.0868735 0.080252096875 0.08713282343749999 0.0857843390625 0.1013956375 0.1317711078125 0.124994109375 0.1480220703125 0.1278466734375 0.1615069125 0.1187703359375
0 0.3181385359375 0.17789618125 0.3202131265625 0.167004578125 0.2866739046875 0.1517044703125 0.259012690625 0.15196379375 0.2527889171875 0.1615587765625 0.252443153125 0.16285539531249998 0.259012690625 0.173487675 0.2942807390625 0.182823334375 0.311568996875 0.1867131921875 0.3181385359375 0.17789618125
0 0.397664525 0.20408789375 0.4011221765625 0.18930643125 0.3872915703125 0.1753029421875 0.33853868125000003 0.1592248625 0.3264369 0.17608091406249998 0.3257453703125 0.17634023906250001 0.3250538390625 0.1864538703125 0.3371556203125 0.194492909375 0.383488153125 0.20590315937499998 0.397664525 0.20408789375
0 0.23235419531249998 0.199160740625 0.2216354765625 0.1906030515625 0.2036556859375 0.18826913750000002 0.203309921875 0.18826913750000002 0.18705895781249998 0.22353718437499998 0.19881497343750001 0.2346881109375 0.21817782343749997 0.2354660828125 0.23235419531249998 0.199160740625
0 0.258286584375 0.254137403125 0.26831377343749996 0.2396152640625 0.2748833125 0.22120326875 0.272808721875 0.209015046875 0.2503339859375 0.20512518906250002 0.24998822031249998 0.20486586406249999 0.2403067953125 0.21731341093749998 0.23235419531249998 0.242208503125 0.24168985625 0.25050686875 0.258286584375 0.254137403125
0 0.318103959375 0.22353718437499998 0.30323605625 0.2170540875 0.2893937828125 0.21629445 0.28214438125 0.22768636718750002 0.2783409640625 0.2575086125 0.2828359109375 0.265288328125 0.3025445265625 0.2696968359375 0.31326324687499996 0.26684427187500004 0.318103959375 0.22353718437499998
0 0.4439624828125 0.2870715359375 0.44707436874999995 0.2782545234375 0.44465401250000003 0.265288328125 0.4384302390625 0.2520628109375 0.4284030484375 0.240911884375 0.4118063203125 0.23987458906249998 0.4114605546875 0.24039323750000002 0.4052367828125 0.2507661921875 0.41491820781250005 0.2805884375 0.42701998906250005 0.28810883125000003 0.4439624828125 0.2870715359375
0 0.4481116640625 0.2795511421875 0.45571849843749995 0.2868122109375 0.4740440515625 0.2870715359375 0.4799220609375 0.2808477625 0.4726609921875 0.2575086125 0.4619422703125 0.242208503125 0.4481116640625 0.23987458906249998 0.4391217703125 0.242986475 0.4384302390625 0.2424678265625 0.4387760046875 0.25310010625 0.4481116640625 0.2795511421875
0 0.5106951609375 0.2787731703125 0.5148443421875 0.27047480625000003 0.5055086828124999 0.246876334375 0.49617302343749997 0.23650337812500002 0.47646440781250005 0.23365081562499998 0.4705864 0.24532039062500002 0.4823424171875 0.27358669375 0.49651878906249997 0.2798104671875 0.5106951609375 0.2787731703125
0 0.545271678125 0.27929181875000003 0.549420859375 0.2696968359375 0.5414682609375 0.2476543046875 0.5272918890625 0.23728135 0.5120782203124999 0.2370220265625 0.5120782203124999 0.236762703125 0.5055086828124999 0.246876334375 0.5186477593750001 0.27566128437500004 0.5314410703125 0.2816257328125 0.545271678125 0.27929181875000003
0 0.5418140265625 0.2484322765625 0.549766625 0.2738460171875 0.55702769375 0.278513846875 0.573624421875 0.2779952 0.5763905421875 0.27021548281249996 0.5698210046875001 0.2512848390625 0.5587565203125 0.23728135 0.54250555625 0.236762703125 0.5418140265625 0.236762703125 0.535590253125 0.242208503125 0.5418140265625 0.2484322765625
0 0.6151162421875 0.26814089218750004 0.611658590625 0.2520628109375 0.6019771656249999 0.23909661718750003 0.5888380890625 0.2346881109375 0.5763905421875 0.236762703125 0.5763905421875 0.23728135 0.5756990125 0.2497288953125 0.5846889078124999 0.2730680453125 0.5985195140624999 0.278513846875 0.6151162421875 0.26814089218750004
0 0.545271678125 0.189047109375 0.5366275484374999 0.181526715625 0.5055086828124999 0.1662266078125 0.49271537031249996 0.1776368578125 0.4916780765625 0.1784148296875 0.4951357265625 0.18697251718750002 0.52798341875 0.199160740625 0.5390479046875 0.19993871093749999 0.545271678125 0.189047109375
0 0.5504581546875 0.1854165734375 0.556681928125 0.17634023906250001 0.5532242765625 0.16856052187499998 0.5404309656249999 0.15870621406250002 0.5106951609375 0.1421094859375 0.5100036296875 0.1423688109375 0.49202384062500004 0.15559432812500001 0.49928490937500003 0.165707959375 0.5411224953125 0.18515725 0.5504581546875 0.1854165734375
0 0.5393936703125 0.1436654296875 0.528329184375 0.14029421875 0.5252172984375 0.1465179921875 0.5238342359375 0.1493705546875 0.5390479046875 0.1563722984375 0.5414682609375 0.162077425 0.5552988671875 0.170116465625 0.55702769375 0.1765995609375 0.5739701859374999 0.1799707734375 0.57811936875 0.168041875 0.569129475 0.160002834375 0.5597938140625 0.15040785 0.5393936703125 0.1436654296875
0 0.5632514671875 0.1524824421875 0.5670548828124999 0.15974350937499998 0.5753532484375 0.1649299875 0.5826143171875 0.1618181015625 0.585726203125 0.149629878125 0.561522640625 0.133811121875 0.5418140265625 0.1283653203125 0.5414682609375 0.1288839671875 0.5321326015625 0.133811121875 0.5310953046875 0.1400348953125 0.54250555625 0.1413315140625 0.5632514671875 0.1524824421875
0 0.5660175875 0.1086567046875 0.556681928125 0.10295157968749999 0.5414682609375 0.100617665625 0.542851321875 0.10113631249999999 0.5393936703125 0.1268093765625 0.5546073375 0.1332924734375 0.5642887625 0.1304399125 0.5660175875 0.1086567046875
0 0.569129475 0.08817011875 0.5660175875 0.071832715625 0.55702769375 0.06794285625 0.544580146875 0.0663869140625 0.5449259125 0.065868265625 0.5383563734375 0.071832715625 0.542851321875 0.09283795 0.5622141703125 0.099061721875 0.569129475 0.08817011875
0 0.5501123890625 0.0381206109375 0.5435428515625 0.0347494 0.5269461234375 0.031896837500000004 0.5276376546875 0.050049509375 0.5272918890625 0.0495308609375 0.53282413125 0.061459759375 0.5535700421875 0.0653496171875 0.556681928125 0.051864776562500006 0.5501123890625 0.0381206109375
0 0.5079290390625 0 0.504739653125 0.004066467187500001 0.5189935250000001 0.0272290078125 0.5248715328125 0.0308595421875 0.54250555625 0.0334527796875 0.5532242765625 0.0176340234375 0.5418140265625 0.0005186484375 0.5079290390625 0
0 0.6393198046874999 0.0565326046875 0.6386282734375001 0.0464189734375 0.631021440625 0.0381206109375 0.6151162421875 0.0357866953125 0.6037059921875 0.0386392578125 0.5950618624999999 0.0376019625 0.592295740625 0.0425291171875 0.5919499765625 0.0422697921875 0.590566915625 0.049271537500000004 0.59748221875 0.055495309375 0.6299841453125 0.060681787499999994 0.6393198046874999 0.0565326046875
0 0.6209942500000001 0.0256730640625 0.6244519015625001 0.020745909375 0.6171908328125 0.0140034890625 0.5981737484375 0.010372956249999999 0.5777736046874999 0.0111509265625 0.568783709375 0.0147814609375 0.5694752390625 0.0147814609375 0.5722413609375 0.0225611765625 0.5822685515625 0.027488331249999998 0.5940245671875 0.0256730640625 0.6209942500000001 0.0256730640625
0 0.6050890515625 0.0381206109375 0.6144247125 0.036046020312499996 0.6268722578125 0.0378612859375 0.6241061375 0.026710359375 0.6054348171874999 0.0241171203125 0.5967906890625 0.026710359375 0.5850346734375 0.029822245312500002 0.5843431421874999 0.0352680484375 0.590566915625 0.040973173437499996 0.5964449234375 0.0370833140625 0.6050890515625 0.0381206109375
0 0.5649802921875 0.0028525625 0.573624421875 0.011669575 0.592295740625 0.009594984375 0.6140789468750001 0.0114102515625 0.6144247125 0.002074590625 0.6137331828125 0.0010372953125 0.5677464140625 0 0.5649802921875 0.0028525625
0 0.6849608078125 0.16907916875 0.67666244375 0.1581875671875 0.6561870734374999 0.153324665625 0.6438147515625 0.1638926921875 0.6469266390625 0.1753029421875 0.6839235109375 0.1898250796875 0.6918761109375 0.1854165734375 0.6953337625 0.1765995609375 0.6849608078125 0.16907916875
0 0.7489273640625 0.20642180937500001 0.7544596078125 0.197345471875 0.7499646609374999 0.191640346875 0.72921875 0.18126739218750001 0.709510134375 0.1797114484375 0.70259483125 0.184379278125 0.7019033015625 0.1963081765625 0.7105474296875001 0.20356924531249998 0.7354425234375 0.20719977968749997 0.7489273640625 0.20642180937500001
0 0.8090905046874999 0.19812344375 0.7945683671875 0.191640346875 0.7793547000000001 0.19241831874999998 0.7651783265625001 0.1955302046875 0.7593003203124999 0.20356924531249998 0.7586087890625001 0.204606540625 0.7693275093749999 0.21368287656249998 0.795951428125 0.21886935468750002 0.80770744375 0.2144608484375 0.8090905046874999 0.19812344375
0 0.7465070078125 0.24946957187500002 0.7364798171875 0.23779999843750002 0.719537325 0.23857796874999998 0.7194023921875 0.23857796874999998 0.7140050828125 0.24895092343749997 0.7236865078125 0.26891886249999997 0.731293340625 0.27566128437500004 0.7510019546875 0.2766985796875 0.7537680765625 0.26762224375 0.7465070078125 0.24946957187500002
0 0.7541138421875 0.274364665625 0.7620664406250001 0.281366409375 0.7793547000000001 0.2787731703125 0.77209363125 0.2543967265625 0.7641410328125 0.24454241875 0.7489273640625 0.243505121875 0.7492731296875 0.24402377187500002 0.7420120609375 0.2463576859375 0.7541138421875 0.274364665625
0 0.7748597515625 0.2696968359375 0.781429290625 0.2808477625 0.7966429578125 0.2829223515625 0.8066701484375001 0.2795511421875 0.8004463749999999 0.2580272609375 0.7893818890625 0.2471356578125 0.7734766921875 0.2455797140625 0.7731309265624999 0.2455797140625 0.7700190390625 0.252322134375 0.7748597515625 0.2696968359375
0 0.8886164953125 0.2258710984375 0.8934572062499999 0.21653544062500002 0.8882707296874999 0.2087557234375 0.8706367046875 0.20719977968749997 0.8599179859375001 0.20979301874999998 0.8460873781249999 0.211867609375 0.8453958484375 0.219128678125 0.8526569171875 0.22613042343749998 0.8796265999999999 0.2287236609375 0.8886164953125 0.2258710984375
0 0.8979521546875 0.21290490625 0.8917283812499999 0.21653544062500002 0.8930775015625001 0.2258949640625 0.8951860328125001 0.2313169 0.9162777078125 0.23365081562499998 0.9242303078124999 0.2313169 0.9228472468750001 0.221981240625 0.91282005625 0.21601679062499998 0.8979521546875 0.21290490625
0 0.9494711640625001 0.22431515625 0.9371428671875 0.2277216578125 0.9429016265625 0.24194917968750002 0.96295600625 0.2432458 0.9691797796875001 0.239355940625 0.9733289609375 0.230798253125 0.9653763625 0.22405583281250002 0.9494711640625001 0.22431515625
0 1 0.2476543046875 0.9996071140625 0.23105757656249998 0.9760950828125001 0.2313169 0.9719459015625 0.23572540625 0.9817572265625 0.24688183437500003 1 0.2476543046875