0 0.4893618953125 0.323455884375 0.45092472343749995 0.310714221875 0.4289050921875 0.358445259375 0.41359527187499995 0.4498177015625 0.45432094687499996 0.4672199828125 0.4853734 0.4093774578125 0.5064888640625 0.35245784687500004 0.4893618953125 0.323455884375
0 0.5460854046875 0.351690625 0.489011721875 0.46792363281249993 0.541283690625 0.48885596875 0.61259449375 0.3819268765625 0.61385336875 0.3753800859375 0.5898825671875 0.3541881375 0.5460854046875 0.351690625
0 0.5993910234375 0.201627734375 0.5863911125 0.1639851578125 0.43626763437499994 0.096302559375 0.4772616140625 0.166269503125 0.509780784375 0.21780162500000003 0.525475803125 0.23448293437499998 0.5484429296875 0.23952421250000003 0.5822554906249999 0.22609602812500001 0.5993910234375 0.201627734375
0 0.5947102296875 0.21207953281249997 0.5835488796875 0.161135721875 0.4387075421875 0.0980387515625 0.5146346515625 0.2262172703125 0.5519643578125 0.24258129843749998 0.5947102296875 0.21207953281249997
0 0.5823424125 0.4687310125 0.5808542828125 0.49303200625 0.61914005 0.50869809375 0.639567759375 0.5050410859375 0.6855624734375 0.45176687031249996 0.7096932453125 0.4165641375 0.69787436875 0.38720454531250004 0.65993903125 0.3825382171875 0.6345277140625 0.4024958734375 0.595277321875 0.44099798281249997 0.5823424125 0.4687310125
0 0.7466984703125 0.416985146875 0.71821995 0.4251124421875 0.6871977265625 0.451276578125 0.6479213875000001 0.4947219484375 0.649855175 0.515117934375 0.6614490828124999 0.5354966 0.6883659109375 0.539764946875 0.7238396765624999 0.5209032140625001 0.7531011828125 0.4932105328125 0.78812500625 0.4563869453125 0.7906687078125 0.43835010468749996 0.7734638921875 0.42417792031249996 0.7466984703125 0.416985146875
0 0.8700089125 0.46062636250000005 0.8551185484375001 0.4461715375 0.822214434375 0.4420531703125 0.7874198625 0.46112255625 0.7528502640625 0.48917286562499995 0.723035021875 0.5186767296875 0.718453740625 0.5360906203125 0.7236580390625 0.555506025 0.743731034375 0.5675843859375 0.7644096609375 0.567965046875 0.8026002 0.5499339140624999 0.8202375703125 0.5335409546875 0.8414482640625 0.5103185625 0.8674652125 0.4786632046875 0.8700089125 0.46062636250000005
0 0.929453478125 0.46295657500000004 0.899240190625 0.4646120671875 0.8730761171875001 0.4724567234375 0.8576017890625 0.49149146874999994 0.8316107875000001 0.518203565625 0.8043868609375 0.5465191968750001 0.8201337765625001 0.5533139890625 0.8539680031250001 0.5616776734375 0.8824205765625001 0.5584936375 0.9082082703125 0.5445924828125001 0.9431542484375001 0.522598671875 0.9608694640625 0.49137593749999997 0.9587583203125 0.47884763281250003 0.929453478125 0.46295657500000004
0 1 0.49596962343750006 0.9872585078125 0.4925122078125 0.968037778125 0.499508940625 0.9441362578125 0.516957471875 0.9185994796875001 0.5348962937499999 0.8906227984375 0.5510989234375 0.8658171109374999 0.5593588796875 0.8561829390625 0.554432940625 0.861486746875 0.5808104375 0.8753951046875 0.6009064625 0.9032679937499999 0.6044768703125001 0.9384129937499999 0.59640724375 0.9707417078124999 0.580544925 1 0.5568042906249999 1 0.49596962343750006
0 0.33169852031249997 0.52578366875 0.340753009375 0.53746405 0.36565820625 0.5361661875 0.38717599687500004 0.4803598171875 0.38488749843750003 0.47569920000000004 0.3450919359375 0.46254223593750005 0.33169852031249997 0.52578366875
0 0.44933305625 0.510255759375 0.4461663390625 0.49146330625 0.40989220625 0.481363428125 0.3829408640625 0.5355085953125001 0.4232382640625 0.55674089375 0.44933305625 0.510255759375
0 0.47821390468749997 0.5032417062500001 0.4554934140625 0.5289732218750001 0.44200476875000005 0.5585174359375 0.453499165625 0.5719340093749999 0.48159702812500005 0.5844853421875 0.503486915625 0.5614706 0.51984374375 0.5298325640625 0.47821390468749997 0.5032417062500001
0 0.5747546406249999 0.566425278125 0.582078646875 0.544898728125 0.5320951796875 0.528627009375 0.5139040734375 0.5468311531250001 0.50404065 0.5596594171875 0.501471 0.5826395171875001 0.5398822265625001 0.6003244390625 0.553543946875 0.5896476703125 0.5747546406249999 0.566425278125
0 0.597665590625 0.6080882015625 0.6166354000000001 0.5970538000000001 0.636613165625 0.5754349421875 0.6429551609375 0.55954959375 0.6126942625 0.544356478125 0.59485786875 0.5468252515625001 0.5751829171875 0.5625952609375 0.5618975765625 0.5793285312500001 0.5637318515625 0.592762425 0.597665590625 0.6080882015625
0 0.70602066875 0.571898984375 0.6577979140625 0.557155809375 0.634424178125 0.5777364171875 0.6128111546875 0.599845565625 0.62825525625 0.612489209375 0.65486926875 0.62260640625 0.6783165671875 0.6139311515625 0.69623080625 0.5966326 0.70602066875 0.571898984375
0 0.6698850953125 0.639080065625 0.6958458640625 0.644046353125 0.719743103125 0.65333295 0.7401967593750001 0.6447326828125 0.7530538265625 0.63182943125 0.7661877593749999 0.6180205875 0.77159964375 0.5978899203125 0.741338740625 0.5826968031249999 0.7107231281249999 0.5832390546874999 0.6822922203124999 0.6082149593749999 0.6636987875 0.6253058609375 0.6698850953125 0.639080065625
0 0.769877978125 0.6666802421875 0.7884930765625 0.6713812109374999 0.8116635078125001 0.663611546875 0.8266836156249999 0.653350078125 0.8371526687499999 0.6288241140624999 0.8408774015624999 0.61907025625 0.81086741875 0.6079148078125 0.7870696890625 0.605590303125 0.7646779640625 0.6205297109375 0.7351395890625 0.64912798125 0.7507350953125 0.6588471984375001 0.769877978125 0.6666802421875
0 0.8835844796875 0.673717134375 0.896869821875 0.6569838640625 0.8943822984375001 0.6383990609375 0.8677682828125001 0.6282818625 0.8450261265625001 0.6322215109375 0.8234390546875 0.6493874015625 0.8024057156250001 0.6647421078125 0.8315850953125 0.6786143328125 0.8583764671875 0.6808638453125 0.8835844796875 0.673717134375
0 0.8929201171875001 0.6577567953125001 0.867911128125 0.67882769375 0.8908523046875001 0.68881223125 0.9222985203125 0.6855532046875 0.9400094546875 0.681065596875 0.94195180625 0.6479913265625 0.9051239375 0.6397026328125001 0.8929201171875001 0.6577567953125001
0 0.388512975 0.61445075625 0.40489146875 0.6046045890625 0.40600321875 0.57424709375 0.37302554374999997 0.5582233765625 0.32917648593750004 0.56561238125 0.31724953125 0.5827609515625001 0.328994846875 0.6002151921875 0.3473330765625 0.6058217515625001 0.3623748515625 0.6173521515625 0.388512975 0.61445075625
0 0.47809726562500005 0.603220125 0.46987337812499996 0.58882296875 0.43835359843750005 0.5801766453125 0.4120640671875 0.586002465625 0.3798089171875 0.6137701359375 0.4005870546875 0.6211128890625 0.4227971421875 0.64077629375 0.45560174687500005 0.6379325687499999 0.47064779999999995 0.622727840625 0.47809726562500005 0.603220125
0 0.2276176265625 0.5771429734375 0.22359007812499998 0.59274568125 0.2474613703125 0.6069755359375 0.27042849687500004 0.6120168140625 0.2880658671875 0.5956238546875 0.303613759375 0.5884944625 0.31589114375 0.5823456515625 0.3155666625 0.5664026328125 0.3122225890625 0.5554778625 0.2822126078125 0.5443224140625 0.2521983421875 0.5599020921875 0.2276176265625 0.5771429734375
0 0.2209252015625 0.5820285625 0.2504116796875 0.5633168078125 0.26890559999999997 0.5392638140625 0.24287126875 0.522392175 0.22070879531249998 0.5195773796875 0.19109685625 0.5362703015625 0.1761503125 0.558437121875 0.183543596875 0.57555105 0.2034911359375 0.5856105796875 0.2209252015625 0.5820285625
0 0.2322334203125 0.5013155671875 0.2250693875 0.466447434375 0.18625583437499998 0.44764927343750005 0.16882176875 0.4512312890625 0.165521028125 0.48389025781250006 0.1655903109375 0.5225307375 0.19728744375 0.523309378125 0.227124353125 0.515597384375 0.2322334203125 0.5013155671875
0 0.182050675 0.31565215625 0.13800259374999999 0.309116975 0.1268543453125 0.3334352890625 0.1297658609375 0.374925203125 0.13642805625 0.4017180015625 0.1621855203125 0.4194952328125 0.18666244375000002 0.4220273875 0.21290007812499998 0.426088084375 0.2263887234375 0.3965438703125 0.2080331109375 0.3424103140625 0.20489234218750002 0.3186746 0.20292832343749997 0.329957 0.182050675 0.31565215625
0 0.0972769203125 0.2917146953125 0.1285198296875 0.3012666109375 0.1681899328125 0.312404740625 0.191459875 0.3115971703125 0.2093264984375 0.27745000625 0.1892749125 0.1316960078125 0.1673935875 0.1012404921875 0.1056864703125 0.089306403125 0.0644851625 0.2143530375 0.0813309828125 0.27099571875 0.0972769203125 0.2917146953125
0 0.5936120953125 0.62863416875 0.5058187484375 0.60971495625 0.501410540625 0.6459962906250001 0.51154655 0.6589975640625 0.5463368375 0.66666330625 0.572803725 0.6529698015625 0.5840731515625001 0.65740545 0.5971811375 0.6485398640625 0.5936120953125 0.62863416875
0 0.69501098125 0.6734982578125 0.70439423125 0.674386528125 0.7021835765625 0.6548961328125 0.633961390625 0.6399799484375001 0.620952915625 0.6558076265625 0.6278184171875 0.66978948125 0.6413503953124999 0.68382900625 0.659160840625 0.6863034906250001 0.6786584328124999 0.678401165625 0.69501098125 0.6734982578125
0 0.7353300468749999 0.7165224234375 0.755454940625 0.7187142671875 0.775631728125 0.7110195906250001 0.792715365625 0.696437815625 0.7961632296875 0.6875895484375001 0.749601678125 0.667412825 0.71928888125 0.6621062249999999 0.70816658125 0.68148128125 0.70957258125 0.6987451921875001 0.723381428125 0.7118791250000001 0.7353300468749999 0.7165224234375
0 0.9227182328125 0.7351934421874999 0.9453825437500001 0.7460835718750001 0.9620940843750001 0.698710165625 0.909718321875 0.6975508640625 0.8956542765625001 0.70711439375 0.8974626062500001 0.7254915453125 0.9227182328125 0.7351934421874999
0 0.8492096203124999 0.74242675625 0.8668686578125 0.747825665625 0.879825234375 0.7418845046875 0.8866950156250001 0.7291312328124999 0.888935903125 0.716943240625 0.8635288671874999 0.7101657703125 0.83874913125 0.7134824656250001 0.8160069734375 0.7174221125 0.8154013421874999 0.7291198140625 0.8251609734375001 0.736064584375 0.8492096203124999 0.74242675625
0 0.806165215625 0.7520422453125 0.8240275562500001 0.7446302109375 0.8154013421874999 0.7291198140625 0.796509378125 0.7253244390625 0.7603088062500001 0.7271299109375 0.7561817468750001 0.735770528125 0.7674252265625 0.7451494328125 0.7808576921875 0.752226865625 0.806165215625 0.7520422453125
0 0.73660630625 0.758502628125 0.75597844375 0.74858146875 0.74274928125 0.7286930953125 0.699730825 0.7333653234375 0.7038536015625 0.7514598359375 0.7204051687499999 0.7604811109375 0.73660630625 0.758502628125
0 0.929021434375 0.8044567359375 0.9363454390625 0.7829301875 0.9207758796875 0.7682677109375 0.899668978125 0.7717170671875 0.9120934890625 0.789378959375 0.923185559375 0.8016822906250001 0.929021434375 0.8044567359375
0 0.8461857484375 0.774180134375 0.8259094484375 0.774912715625 0.82341764375 0.783063040625 0.82713809375 0.8000443109375001 0.85201734375 0.8036897062499999 0.8726959703125001 0.8040703671875 0.8741322015625 0.789655890625 0.8423874546875 0.772028640625 0.8461857484375 0.774180134375
0 0.9108086625 0.8008690093749999 0.9161427015625 0.7955681203125 0.8941099687499999 0.76803703125 0.8640480890625 0.7667681 0.8642211625 0.78563554375 0.879539803125 0.7962603515625 0.9108086625 0.8008690093749999
0 0.8003986187500001 0.787908278125 0.8063080593749999 0.8025880750000001 0.8245208296875 0.8061758015624999 0.838809846875 0.8055931984375 0.8236166671875 0.796987225 0.8214319578125 0.772553571875 0.7988412109375 0.7735687921875 0.8003986187500001 0.787908278125
0 0.6884268859375 0.7873431906249999 0.707266953125 0.8010250843750001 0.724497715625 0.8102540109374999 0.73745429375 0.80431285 0.7387391171875 0.7928227999999999 0.7380599234375 0.7926151499999999 0.6951452609375 0.7775143421874999 0.6884268859375 0.7873431906249999
0 0.7996415812500001 0.8025304046875 0.8093017015624999 0.802513084375 0.794614640625 0.7752473156249999 0.7740614734375 0.776885490625 0.77073906875 0.7877525890625 0.7797935578125 0.7994329703124999 0.7996415812500001 0.8025304046875
0 0.8569447734375 0.8240107015625 0.8701782171874999 0.81716395 0.8680930203124999 0.7996923890625001 0.8301317359375 0.7999693203125 0.830330759375 0.8138935046875 0.8397875734375001 0.8266871281249999 0.8569447734375 0.8240107015625