0 0.1486704640625 0.780683015625 0.1682017140625 0.789472078125 0.255441296875 0.725995515625 0.224191296875 0.706464265625 0.1486704640625 0.757245515625 0.1486704640625 0.780683015625
0 0.2576559296875 0.7933865124999999 0.2563538453125 0.7709255749999999 0.2224996796875 0.7650661999999999 0.1378642625 0.8422146375 0.1521871796875 0.860769325 0.1925517625 0.860769325 0.2576559296875 0.7933865124999999
0 0.40603760156249996 0.898571296875 0.2693188515625 0.918102546875 0.27192301875 0.970836921875 0.40864176875 0.945446296875 0.40603760156249996 0.898571296875
0 0.5215443984375 0.8812352671875001 0.41347148125000005 0.8997899546875001 0.41737773125000005 0.9398290171875001 0.52675273125 0.9242040171875001 0.5215443984375 0.8812352671875001
0 0.6602217296874999 0.8514542031250001 0.5716800625 0.8700088906250001 0.5820967296874999 0.9120010781250001 0.6797529796874999 0.8905167031250001 0.6602217296874999 0.8514542031250001
0 0.6679116609375 0.8558528265625001 0.7603595765625 0.8861262640625001 0.7694741609375 0.8538997015625001 0.6758009953124999 0.8202227984375 0.6679116609375 0.8558528265625001
0 0.51939650625 0.8078429125 0.5910110890625 0.7980772859374999 0.57017775625 0.7687804109374999 0.50377150625 0.7765929109374999 0.51939650625 0.8078429125
0 0.3536205625 0.7982693249999999 0.46820389531249995 0.7845974499999999 0.45648514531249995 0.7396755749999999 0.3458080625 0.7572536999999999 0.3536205625 0.7982693249999999
0 0.43703155000000005 0.7037348015625 0.3237503 0.7095941765625 0.3302607171875 0.7476801140625 0.44744821718749994 0.7408441765625 0.43703155000000005 0.7037348015625
0 0.43943549375 0.659931471875 0.32224799375 0.662861159375 0.3248521609375 0.698017409375 0.44203966093749997 0.694111159375 0.43943549375 0.659931471875
0 0.43507296875 0.6590968921875 0.43897921875 0.6307765796875 0.3348125515625 0.6229640796875 0.3309063015625 0.6561672046875 0.43507296875 0.6590968921875
0 0.420427259375 0.584243784375 0.34490642656250003 0.584243784375 0.32537517656250003 0.590103159375 0.31756267656250003 0.609634409375 0.355239571875 0.6204005390625 0.40610434218749997 0.618423471875 0.43344809218749997 0.605728159375 0.420427259375 0.584243784375
0 0.16626627031250002 0.7321619 0.2613583796875 0.6711444625 0.236000484375 0.649352521875 0.13826692812500002 0.7064077859375 0.16626627031250002 0.7321619
0 0.17366232343750002 0.6811340421875001 0.266641275 0.6157582171875 0.23177416874999998 0.594758709375 0.14196495468749998 0.6522101921875 0.17366232343750002 0.6811340421875001
0 0.1710208765625 0.6122723234375 0.19373732500000002 0.6091025859375 0.25818864375 0.5690846578125 0.2544906171875 0.5532359734375001 0.2307175890625 0.541349459375 0.18369982499999998 0.5682922234375 0.1562287703125 0.583348475 0.1530590328125 0.59681985625 0.1710208765625 0.6122723234375
0 0.20535696718750002 0.4886587171875 0.18105564999999998 0.4973754921875 0.16098065 0.5152052625 0.14935827968749998 0.5294690796875 0.1556977546875 0.5401669421874999 0.1757727546875 0.5504685874999999 0.1995457828125 0.54135559375 0.2523747328125 0.504111184375 0.2481484171875 0.49380953906249997 0.228073415625 0.4831116765625 0.20535696718750002 0.4886587171875
0 0.157071853125 0.4230488421875 0.1507323796875 0.43018075 0.167109353125 0.4531613421875 0.2574468578125 0.4432559140625 0.257975146875 0.42899209843749997 0.2442396203125 0.414332065625 0.157071853125 0.4230488421875
0 0.21190721093749998 0.3807357171875 0.1860210265625 0.3799432828125 0.16066312968750002 0.3827168015625 0.14904076093750002 0.389056275 0.1522104984375 0.403716309375 0.1596065515625 0.4124330859375 0.176511815625 0.41362173750000003 0.2150769484375 0.410452 0.24730260781250002 0.40609361093749996 0.2515289234375 0.393018446875 0.2383216859375 0.379547065625 0.21190721093749998 0.3807357171875
0 0.196269296875 0.3388167625 0.1561192953125 0.3483259734375 0.14555350625000002 0.3550616640625 0.151364690625 0.36892926406250004 0.1645719265625 0.3756649546875 0.1783074546875 0.37685360625 0.2100048234375 0.3720990015625 0.2543811421875 0.3610049203125 0.24909824687499998 0.33921297968749997 0.23113640468750002 0.333269721875 0.196269296875 0.3388167625
0 0.3238991328125 0.5490336171875 0.3122767640625 0.55775039375 0.3159747890625 0.5692406906249999 0.3238991328125 0.57914611875 0.4041991359375 0.5831082890625 0.41740637343750003 0.5680520390625 0.40789716093750006 0.554976875 0.36827545 0.5482411828125 0.3238991328125 0.5490336171875
0 0.36484375 0.528125 0.10625 0.04140625
0 0.30266890156250004 0.4807910203125 0.4032349359375 0.48721924687499996 0.39809235468750004 0.45250682343750004 0.29809771875 0.44907843593749996 0.30266890156250004 0.4807910203125
0 0.3976338390625 0.44477601875 0.3924912578125 0.4152061765625 0.298782 0.4092064984375 0.30163898906250003 0.43963343750000006 0.3976338390625 0.44477601875
0 0.356425459375 0.3871108546875 0.35128287812500003 0.408966825 0.4369925671875 0.42439456875000003 0.43897461406250005 0.3945696671875 0.356425459375 0.3871108546875
0 0.43936846406249996 0.415240040625 0.4507964234375 0.4229539125 0.523363959375 0.4332390765625 0.523363959375 0.4058119765625 0.4422254546875 0.3942411671875 0.43936846406249996 0.415240040625
0 0.4702465296875 0.455642121875 0.54509965625 0.4616418015625 0.5319575046875 0.43250050624999997 0.46681814218750006 0.4273579265625 0.4702465296875 0.455642121875
0 0.4685549125 0.477943575 0.47712588125 0.4878001875 0.54912201875 0.48951438124999996 0.5411224484375 0.462944378125 0.47026910624999996 0.4578017984375 0.4685549125 0.477943575
0 0.55597879375 0.532403090625 0.5605499765624999 0.516975346875 0.55255040625 0.4976906671875 0.4731260953125 0.4968335703125 0.4731260953125 0.51440405625 0.4794114734375 0.5268319625 0.55597879375 0.532403090625
0 0.5191800703125 0.568468890625 0.5614635156250001 0.56761179375 0.5694630859375 0.5560409859375001 0.5654633015625 0.5380419515625 0.4751824296875 0.5350421125 0.4763252265625 0.53675630625 0.47346823593750004 0.5594693734375 0.5191800703125 0.568468890625
0 0.5157516828125 0.574073884375 0.480896409375 0.5770737234375 0.4888959796875 0.60235808125 0.5671774953125001 0.6066435671875 0.5620349140625 0.5779308203125 0.5157516828125 0.574073884375
0 0.5385850234375 0.6411840484375 0.56372653125 0.6403269515625001 0.5740116937499999 0.6343272718749999 0.5757258875 0.6218993687500001 0.5631551328125 0.612042753125 0.492301790625 0.6107571078125 0.4877306078125 0.630898884375 0.499158565625 0.6420411453125 0.5385850234375 0.6411840484375
0 0.502060709375 0.6808671093750001 0.5014893109375 0.68172420625 0.5911987843750001 0.6765816250000001 0.579199428125 0.6444404921875 0.49234694531249995 0.6491545249999999 0.502060709375 0.6808671093750001
0 0.5902852453125 0.683728871875 0.50171856875 0.686728709375 0.5028613640625 0.7201554890625 0.5914280421875 0.7192983921875 0.5902852453125 0.683728871875
0 0.5906273859375 0.7280751671875 0.5014893109375 0.737503234375 0.5077746890625 0.7675016234375 0.599769753125 0.7606448484375 0.5906273859375 0.7280751671875
0 0.6976819890625 0.7733098093749999 0.6868254281249999 0.7878804578125 0.6862540296875 0.802451103125 0.7696781265625 0.856019659375 0.7953910328125 0.8320209453125 0.7188237109375 0.7775952937499999 0.6976819890625 0.7733098093749999
0 0.6710781203125 0.7095433718749999 0.6510791921875 0.7271138578125 0.6590787640625 0.7421130546875 0.7230753296875 0.7849678984375 0.7447884515625 0.7652546703125 0.74021726875 0.7511125703125 0.6710781203125 0.7095433718749999
0 0.6508047828125 0.66790644375 0.6422338140625 0.6837627359375 0.7165155421875 0.7334743546875 0.735943071875 0.7081899968750001 0.6719465046875001 0.6563356359375 0.6508047828125 0.66790644375
0 0.6599019953124999 0.5694614484375 0.6416172625 0.571604190625 0.623332528125 0.5823178999999999 0.6244753234375 0.5818893515625 0.6496168328125 0.6431717796875 0.6850435046875 0.63760065 0.6873290953125 0.619173065625 0.6599019953124999 0.5694614484375
0 0.6038598453125 0.5042204906250001 0.6244301703125 0.5582175921875 0.6547142609375001 0.5565033984375 0.6375723234375 0.5020777484375001 0.6038598453125 0.5042204906250001
0 0.6395951921874999 0.48326963906250003 0.6321670203124999 0.4528427 0.6155964796875 0.43998624687500004 0.589312175 0.44255753750000004 0.5973117453125 0.4849838328125 0.609311103125 0.49784028593749996 0.6321670203124999 0.49955447968750005 0.6395951921874999 0.48326963906250003
0 0.6839458609375 0.41731243593749995 0.6273774671875 0.414312596875 0.629663059375 0.431454534375 0.6633755359375 0.4425967953125 0.6908026359375 0.43745421249999994 0.6839458609375 0.41731243593749995
0 0.530081784375 0.34389519375 0.523225009375 0.35418035625 0.5243678046875 0.3648940671875 0.523225009375 0.3713222921875 0.5957925453125 0.389321328125 0.591792759375 0.35760874375 0.5569374859375 0.344752290625 0.530081784375 0.34389519375
0 0.11566374531250001 0.29557604843749996 0.12309191718750001 0.33157411875 0.2082302078125 0.33714524687499997 0.20023063593749998 0.2985758875 0.133948478125 0.2930047578125 0.11566374531250001 0.29557604843749996
0 0.0634356375 0.17888849843750002 0.0541368734375 0.193324915625 0.052422679687499994 0.204467175 0.13110031718749998 0.2258308703125 0.139558403125 0.20109097187499997 0.0921931265625 0.18206028125 0.0634356375 0.17888849843750002
0 0.2051439609375 0.22291168906249997 0.1891448203125 0.21734055937500002 0.1622891171875 0.21991185 0.1542895453125 0.2284828203125 0.1537181484375 0.23233975468749998 0.24171342812500002 0.279480084375 0.2594267640625 0.2606239515625 0.24171342812500002 0.2409107234375 0.2051439609375 0.22291168906249997
0 0.2489800734375 0.266296678125 0.24555168593749999 0.28515280781249996 0.330118578125 0.3250078125 0.3478319140625 0.30015200468750003 0.278692765625 0.25858280625 0.2489800734375 0.266296678125
0 0.3865480234375 0.3313318265625 0.4688293234375 0.357044734375 0.4745433015625 0.32704634375 0.3974045828125 0.30219053281249997 0.3865480234375 0.3313318265625
0 0.6018712421875 0.382738090625 0.66643920625 0.3960230921875 0.6618680234375 0.3685959921875 0.6024426390625 0.360453571875 0.6018712421875 0.382738090625
0 0.0724893359375 0.0975020078125 0.07020210625 0.15287988749999998 0.10657187187499999 0.15922345 0.11305858906249999 0.0957878140625 0.0724893359375 0.0975020078125
0 0.169420303125 0.137889771875 0.13227943749999999 0.122462028125 0.1019953484375 0.15974574218749998 0.1345650296875 0.1773162296875 0.169420303125 0.137889771875
0 0.14009490468750002 0.173132340625 0.138952109375 0.1787034703125 0.17380738281250002 0.191988471875 0.20409147187499999 0.1521334671875 0.17609297343750002 0.1388484640625 0.14009490468750002 0.173132340625
0 0.2243873859375 0.161784271875 0.2003886734375 0.20035363281250002 0.23352975312500002 0.2149242796875 0.25809986406249996 0.175926371875 0.2243873859375 0.161784271875
0 0.27748223906249997 0.18029651875 0.24662675156249997 0.2192944265625 0.2791964328125 0.23643636406250002 0.30833772656249997 0.1944386171875 0.27748223906249997 0.18029651875
0 0.3081536234375 0.1921747296875 0.29158308437499997 0.2427434453125 0.3218671734375 0.256028446875 0.3452944890625 0.20674537656249997 0.3081536234375 0.1921747296875
0 0.393428284375 0.2264673109375 0.3825717234375 0.274893284375 0.4191411921875 0.2881782859375 0.4282835578125 0.24146650625000002 0.393428284375 0.2264673109375
0 0.42728843281250006 0.23817457343749998 0.4418931234375 0.2925965234375 0.4698916203125 0.2921679765625 0.45368524218750006 0.2400076859375 0.42728843281250006 0.23817457343749998
0 0.4630747109375 0.245347146875 0.46821729218749997 0.2886305390625 0.5036439625 0.29463021718750004 0.49164460625000006 0.2474898890625 0.4762168625 0.2406331125 0.4630747109375 0.245347146875
0 0.5060305703125 0.2878153390625 0.5351718640625001 0.2908151765625 0.5214583140625 0.24153210625 0.491745621875 0.24110355781249998 0.5060305703125 0.2878153390625
0 0.5372614828125 0.2942235359375 0.5664027765624999 0.294652084375 0.54640385 0.24708320625 0.5212623421875 0.249654496875 0.5372614828125 0.2942235359375
0 0.5688095109375 0.2997906984375 0.5922368265625 0.296790859375 0.5819516640625 0.24665069218750002 0.5510961765625 0.2509361765625 0.5688095109375 0.2997906984375
0 0.5963869109375 0.29991455 0.6312421828125 0.30334293749999997 0.6152430421874999 0.2532027703125 0.5878159421875 0.2566311578125 0.5963869109375 0.29991455
0 0.6512945234374999 0.253818934375 0.6684364609375 0.30438765 0.6947207640624999 0.3009592625 0.6821230421875 0.2535727125 0.6512945234374999 0.253818934375
0 0.1294087015625 0.0367926703125 0.11502995625000001 0.052017221875 0.182638803125 0.0911167265625 0.1952095578125 0.076974628125 0.1615494234375 0.050748510937500005 0.1294087015625 0.0367926703125
0 0.1932661078125 0.1032710921875 0.2624052546875 0.136697871875 0.276690203125 0.11312770624999999 0.2086938515625 0.0835578640625 0.1932661078125 0.1032710921875
0 0.3753267453125 0.1484289234375 0.3581848078125 0.16685650624999998 0.352470828125 0.175427475 0.427895353125 0.2075686078125 0.433037934375 0.18442699375 0.41818158906249997 0.168142153125 0.3753267453125 0.1484289234375
0 0.4582020203125 0.1902716609375 0.4376316953125 0.1937000484375 0.4427742765625 0.20827069531250003 0.4964856796875 0.2219842453125 0.5084850359375 0.20827069531250003 0.49191449687500005 0.1954142421875 0.4582020203125 0.1902716609375
0 0.5499713171875 0.1831217984375 0.5339721749999999 0.1818361515625 0.5242584109374999 0.19254986406250002 0.5345435734375 0.20412067031249997 0.5693988453125 0.2204055125 0.5831123953125 0.2062634140625 0.5791126109375 0.1972638953125 0.5499713171875 0.1831217984375
0 0.754569946875 0.42890017656249996 0.6997157453125 0.4203292078125 0.7037155312500001 0.443899371875 0.7591411296875 0.45161324374999995 0.754569946875 0.42890017656249996
0 0.662826715625 0.3710122734375 0.6673978984375 0.3937253390625 0.731394465625 0.40658179375000003 0.7256804859375 0.377869046875 0.6873968265625 0.3662982390625 0.662826715625 0.3710122734375
0 0.760832746875 0.3815709734375 0.7459764015625 0.38414226406249996 0.7442622078125 0.3935703296875 0.7522617781250001 0.404284040625 0.8025447953124999 0.414569203125 0.8008306015625 0.3935703296875 0.786545653125 0.3858564578125 0.760832746875 0.3815709734375
0 0.5867169265625 0.18070931875000001 0.5703328703125 0.1715923828125 0.5631097921875 0.1636646140625 0.5498968453125 0.1597007296875 0.5402073484375001 0.161022025 0.532384628125 0.1682178125 0.5296725312499999 0.1730995875 0.5348255156249999 0.182659728125 0.5508268875 0.18469380156249998 0.558420759375 0.1901857984375 0.5660146296875 0.19506757187499998 0.5706251953125 0.20015275312499997 0.57496455 0.20381408437499998 0.5820160015625 0.20442430625000002 0.5893595171875 0.1896941234375 0.5867169265625 0.18070931875000001
0 0.54639229375 0.1972848328125 0.5337051671874999 0.1928443390625 0.5158886640625 0.1878868359375 0.5012237703125 0.1933861703125 0.5026902609375 0.20108524062500002 0.5075785578125 0.2076844421875 0.5110003671875 0.21025079687499998 0.5421632515625 0.2232934453125 0.5556961874999999 0.21060631718749998 0.5556961874999999 0.20235968437500002 0.54639229375 0.1972848328125
0 0.7094975109375 0.26650338125 0.685056021875 0.26503689375 0.6958102765625 0.3082983265625 0.71927410625 0.31013143906249996 0.722207084375 0.2925335671875 0.7094975109375 0.26650338125
0 0.7011170250000001 0.187095178125 0.689873940625 0.1815958421875 0.6737425578125 0.1984604703125 0.716759578125 0.22998999062499997 0.7226255359375 0.21349198593750002 0.718714896875 0.2010268265625 0.7011170250000001 0.187095178125
0 0.6120866328125001 0.1947918015625 0.6067095046875 0.1808601515625 0.5920446109374999 0.16766174843749998 0.5768908890625 0.1610625453125 0.563692484375 0.1588628125 0.5597818453125 0.1661952578125 0.5808015265625001 0.1848929984375 0.5935111 0.2002911359375 0.6042653546875 0.20212424687500002 0.6120866328125001 0.1947918015625
0 0.7686844875000001 0.31097566875 0.7647738484375 0.29447766249999996 0.7569525734375 0.28677859375 0.7471759765625 0.2798127703125 0.7305557640625 0.282012503125 0.7422876796875 0.319774603125 0.76037438125 0.32454069375 0.771617465625 0.3205078484375 0.7686844875000001 0.31097566875
0 0.825597740625 0.4513388984375 0.8270642296874999 0.44657280781250003 0.8192429546875 0.43740724843749995 0.8016450828125 0.4319079140625 0.7840472109375 0.430441425 0.7669381671875 0.4355741375 0.7732929546875 0.44950578593749996 0.78746901875 0.45317200937499996 0.8123993374999999 0.45683823281249997 0.825597740625 0.4513388984375
0 0.8354514859375 0.3916083890625 0.8168759546875 0.3890420328125 0.8041663796874999 0.39014190000000004 0.80172223125 0.396374478125 0.804655209375 0.405906659375 0.8105211671875001 0.41323910625 0.8452280796875 0.4176385734375 0.8510940375 0.4110393734375 0.8471833999999999 0.40077394687499995 0.8354514859375 0.3916083890625
0 0.79120923125 0.2991327703125 0.7838767843750001 0.2870342328125 0.77067838125 0.2775020515625 0.7589464671874999 0.275668940625 0.7525916796875001 0.280801653125 0.7589464671874999 0.2863009875 0.762368275 0.296199790625 0.7657900828125 0.306465215625 0.7677454015625 0.316730640625 0.78094380625 0.3218633546875 0.7877874234375 0.3196636203125 0.7926757203125 0.3104980625 0.79120923125 0.2991327703125
0 0.8207641453125 0.311062459375 0.8144093578125 0.2982306796875 0.8065880828124999 0.291631478125 0.795344996875 0.28759863124999996 0.7880125515625 0.2886984984375 0.7909455296875 0.29603094531249996 0.7943673375 0.3029967703125 0.795344996875 0.3088627265625 0.7948561671875 0.3165617953125 0.7948561671875 0.322794375 0.8060992515625 0.3279270875 0.8158758484374999 0.3279270875 0.8202753156249999 0.322794375 0.8207641453125 0.311062459375
0 0.7852493359375 0.233211653125 0.7764504 0.22807894062499998 0.7652073140625 0.2236794734375 0.7539642296875 0.21964662656249997 0.7451652953125001 0.2192800046875 0.7373440171875 0.21964662656249997 0.73489986875 0.22331284999999998 0.7344110390624999 0.2277123171875 0.7358775296875 0.23541138749999999 0.7617855062500001 0.24714330156250003 0.7779168890625 0.247876546875 0.783782846875 0.24127734374999998 0.7852493359375 0.233211653125
0 0.8318018671875 0.2574915578125 0.8337571859375 0.2519922234375 0.8347348453125001 0.24685950937499998 0.8278912281249999 0.2402603078125 0.8156704843749999 0.23732732968749998 0.8088268671875 0.23952706406250002 0.7995391015625 0.239160440625 0.7931843140625 0.23952706406250002 0.7853630390624999 0.241360175 0.7853630390624999 0.2464928875 0.7873183578125 0.25089235625 0.78976250625 0.25602506875 0.8054050593750001 0.26115778125 0.8190922921875 0.2648240046875 0.8283800578125 0.2629908921875 0.8318018671875 0.2574915578125
0 0.11249253125 0.294975715625 0.1530913390625 0.2981474984375 0.160703615625 0.27848245 0.13617516875 0.27213888750000004 0.099805403125 0.2645266109375 0.0439820421875 0.265795321875 0.0431362328125 0.2816542328125 0.08627246718750001 0.28926650781249996 0.11249253125 0.294975715625
0 0.33494016718749997 0.14336454062499998 0.3019536359375 0.134483553125 0.27911680625 0.13828969062500002 0.2782709984375 0.1478050359375 0.3391692109375 0.171910578125 0.3501647203125 0.165567015625 0.3543937640625 0.15478295625 0.33494016718749997 0.14336454062499998
0 0.6153747953125001 0.16720077656250001 0.6053400359375 0.15967470625 0.5966613265625 0.1570304125 0.5890674546875 0.1529622671875 0.5809311640625 0.1497077515625 0.5727948734375 0.1499111578125 0.5703539859375 0.1556065625 0.5687267265625 0.15926789218749998 0.5757781796875 0.1604883359375 0.5844568890625 0.16374285156249999 0.5896098734375 0.1680144046875 0.5925931796875 0.17086210625 0.5980173734374999 0.175133659375 0.603712778125 0.17940521250000002 0.606424875 0.183880171875 0.6104930203125 0.18550743125 0.6180868921875 0.1840835796875 0.6213414078125 0.177777953125 0.622426246875 0.1726927734375 0.6153747953125001 0.16720077656250001
0 0.9033994890624999 0.2676839671875 0.8936359406250001 0.2654464875 0.8817027140624999 0.2650396734375 0.8705831171874999 0.26483626562499996 0.8621756156249999 0.2650396734375 0.8629892453125001 0.2711418921875 0.8673285999999999 0.277244109375 0.8692270671875001 0.2817190703125 0.9017722312500001 0.2870076578125 0.9096373124999999 0.27785433125000003 0.9071964250000001 0.2715487046875 0.9033994890624999 0.2676839671875
0 0.9381143296875001 0.2894485453125 0.9351310234374999 0.2839565484375 0.9302492484375 0.277447515625 0.9207569093749999 0.274193 0.9131630390625001 0.2750066296875 0.9101797312500001 0.2782611453125 0.9058403765625 0.282329290625 0.9071964250000001 0.287211065625 0.9090948921875001 0.28924513749999997 0.9226553765625001 0.2939235046875 0.9297068296875001 0.29677120625 0.936487071875 0.2943303203125 0.9381143296875001 0.2894485453125
0 0.9194008609375001 0.3502673203125 0.926181103125 0.34579235937499997 0.9280795718749999 0.339486734375 0.9250962640625 0.33277429375 0.9212993296875001 0.324638003125 0.9172311828125 0.31772215625 0.9126206187499999 0.31284038125 0.9063827953124999 0.3112131234375 0.8993313437499999 0.312026753125 0.8933647296875 0.3142642328125 0.8925511015625001 0.318332378125 0.8928223109375001 0.3224005234375 0.9001449734375001 0.33236747968749997 0.9033994890624999 0.3413174 0.9104509421874999 0.348233246875 0.9194008609375001 0.3502673203125