0 0.12673611093749998 0 0.1319444453125 0.015625 0.22395833281250002 0.0416666671875 0.2517361109375 0.0325520828125 0.23611111093749998 0 0.12673611093749998 0
0 0.2899305546875 0.203125 0.31597222187499996 0.1875 0.3020833328125 0.1536458328125 0.234375 0.14453125 0.1770833328125 0.1471354171875 0.1649305546875 0.1822916671875 0.1944444453125 0.19921875 0.2899305546875 0.203125
0 0.2916666671875 0.1510416671875 0.3177083328125 0.1354166671875 0.29340277812500004 0.1015625 0.246527778125 0.09765625 0.20138888906250002 0.092447915625 0.17013888906250002 0.095052084375 0.1666666671875 0.1197916671875 0.1979166671875 0.1458333328125 0.2916666671875 0.1510416671875
0 0.2986111109375 0.1002604171875 0.31597222187499996 0.078125 0.3055555546875 0.046875 0.23611111093749998 0.0442708328125 0.1805555546875 0.0494791671875 0.1788194453125 0.076822915625 0.203125 0.092447915625 0.2986111109375 0.1002604171875
0 0.2881944453125 0.29296875 0.3038194453125 0.2734375 0.2864583328125 0.24609375 0.2552083328125 0.240885415625 0.1805555546875 0.27734375 0.1666666671875 0.298177084375 0.17534722187500001 0.325520834375 0.215277778125 0.33984375 0.2881944453125 0.29296875
0 0.29340277812500004 0.377604165625 0.3038194453125 0.350260415625 0.26909722187499996 0.330729165625 0.206597221875 0.35546875 0.15798611093749998 0.380208334375 0.1666666671875 0.4114583328125 0.206597221875 0.4205729171875 0.29340277812500004 0.377604165625
0 0.3038194453125 0.4375 0.296875 0.4114583328125 0.265625 0.4036458328125 0.15972222187500001 0.4544270828125 0.15798611093749998 0.4856770828125 0.1927083328125 0.5013020828125 0.2586805546875 0.4739583328125 0.3038194453125 0.4375
0 0.4045138890625 0.00390625 0.30902777812500004 0 0.40625 0.057291665625 0.43055555468750006 0.046875 0.43402777812500004 0.015625 0.4045138890625 0.00390625
0 0.5607638890625 0.078125 0.5208333328125 0.05859375 0.49305555468750006 0.055989584375 0.484375 0.092447915625 0.5694444453124999 0.1328125 0.5920138890625 0.1067708328125 0.5607638890625 0.078125
0 0.5798611109375 0.0026041671875 0.527777778125 0.006510415625 0.5329861109375 0.0403645828125 0.5677083328125 0.0546875 0.5833333328125 0.0455729171875 0.5798611109375 0.0026041671875
0 0.5954861109375 0.063802084375 0.6197916671875 0.059895834375 0.612847221875 0.009114584375 0.5798611109375 0.0026041671875 0.5763888890625 0.0494791671875 0.5954861109375 0.063802084375
0 0.6631944453124999 0.069010415625 0.668402778125 0.0455729171875 0.6493055546875001 0.015625 0.6163194453124999 0.005208334375 0.612847221875 0.03515625 0.6267361109375 0.0625 0.6631944453124999 0.069010415625
0 0.5173611109375 0.208333334375 0.5364583328125 0.17578125 0.5086805546875001 0.1471354171875 0.4357638890625 0.1236979171875 0.41319444531249994 0.1458333328125 0.4166666671875 0.1731770828125 0.48090277812500004 0.1979166671875 0.5173611109375 0.208333334375
0 0.5104166671875 0.356770834375 0.5052083328125 0.32421875 0.44965277812500004 0.30859375 0.3958333328125 0.30859375 0.3767361109375 0.32421875 0.38715277812500004 0.354166665625 0.4826388890625 0.373697915625 0.5104166671875 0.356770834375
0 0.42328480781250005 0.410941509375 0.4708516625 0.41455418125000004 0.4919255859375 0.41500576562499997 0.503967828125 0.40371616406250005 0.49975304375 0.3829432953125 0.4780770078125 0.373911615625 0.3979960984375 0.36171884374999996 0.3829432953125 0.3684926046875 0.3781263984375 0.386104384375 0.3901686421875 0.4068772515625 0.42328480781250005 0.410941509375
0 0.485904465625 0.5129995093749999 0.5105910609375 0.508935253125 0.5202248546875 0.49629089843749996 0.5214290796875 0.4750664484375 0.49252769843750005 0.46738951875 0.4521861875 0.461518925 0.41124256406250004 0.45745466874999996 0.3949855390625 0.46648635 0.3937813140625 0.494032978125 0.41304890156249996 0.5071289171875 0.485904465625 0.5129995093749999
0 0.1956864328125 0.5712538546875 0.2257920375 0.556803165625 0.2516828578125 0.5432556421875 0.2799821265625 0.52654703125 0.2992497140625 0.5120963421875 0.3016581625 0.50532258125 0.2751652296875 0.4795822875 0.2637251 0.480033871875 0.20592233906250001 0.5084836703125 0.1902674234375 0.5152574296875 0.164978715625 0.523837528125 0.1475174640625 0.5391913875000001 0.15534492187499999 0.555899996875 0.17641884531250002 0.5717054390625 0.1956864328125 0.5712538546875
0 0.192675871875 0.65028106875 0.21856669218749997 0.6389914671875 0.2486722984375 0.6150575109374999 0.2829926875 0.5915751390625 0.2932285921875 0.5780276171875001 0.2805842390625 0.559964253125 0.2558976421875 0.552738909375 0.22820048593750003 0.5644800953125 0.1944822078125 0.58615613125 0.155947034375 0.6091869187500001 0.1529364734375 0.6340240421875001 0.174612509375 0.648926315625 0.192675871875 0.65028106875
0 0.1716019484375 0.7563942953125 0.1920737609375 0.7550395421875 0.21615824374999998 0.7374277640625 0.250478634375 0.7089779671875001 0.2896159203125 0.678721834375 0.2998518265625 0.6602068859375 0.2841969109375 0.6425951078125001 0.2607145390625 0.635821346875 0.231211046875 0.6475625328125 0.21856669218749997 0.6602068859375 0.1914716484375 0.678721834375 0.16859138906249999 0.6990431171875 0.1451090171875 0.716663928125 0.13848578281249999 0.73336350625 0.1529364734375 0.744201525 0.1716019484375 0.7563942953125
0 0.1433026796875 0.9199941734375001 0.127045653125 0.9249615999999999 0.1427005671875 0.9357996171874999 0.1679892765625 0.9312837765624999 0.2005033296875 0.9258647671875 0.2348237203125 0.9190910062500001 0.2703483328125 0.9114140765625001 0.30226027499999997 0.9001244749999999 0.31068984374999997 0.8784484390625 0.305872946875 0.857675571875 0.2914222578125 0.8490954734375 0.2667356609375 0.8468375531250001 0.25409130625 0.8518049796874999 0.20532022656249999 0.8589038796875 0.184246303125 0.8838674484375 0.1709998359375 0.9064466515625 0.1433026796875 0.9199941734375001
0 0.33236587968750003 0.9023823953125 0.36066514843749997 0.9014792265624999 0.3992003234375 0.8938022984374999 0.42870381562500004 0.8879317046875 0.4582073078125 0.881609528125 0.47867912031250004 0.8725778453125 0.48710868906250004 0.8522565625 0.48108756875 0.8314836953125001 0.4642284296875 0.819290925 0.438337609375 0.8206456781250001 0.3979960984375 0.8283226062500001 0.3456123453125 0.8359995359375001 0.32152786093749997 0.8441280499999999 0.3137004046875 0.86806200625 0.3179151890625 0.8906412093749999 0.33236587968750003 0.9023823953125
0 0.4985488203125 0.8558692359375 0.5093868374999999 0.8644493328125 0.528654425 0.866707253125 0.55574946875 0.8608366593750001 0.5888656343750001 0.8558692359375 0.61234800625 0.85135339375 0.6249923609375 0.838709040625 0.6255944734375001 0.817936171875 0.61234800625 0.8012275624999999 0.579231840625 0.800775978125 0.5539431328125 0.8080013234375001 0.5220311921875 0.8093560765625 0.5009572671875 0.8215488453124999 0.49614037031249997 0.83825745625 0.4985488203125 0.8558692359375
0 0.6827951234375 0.794905384375 0.6821930109375 0.8143235000000001 0.6912246921875 0.83329003125 0.7092880546875 0.838709040625 0.74421055625 0.8350963671875 0.7719077140625 0.8274194375 0.7863584046875001 0.8152266687499999 0.7797351703125 0.7903895453125 0.7568549109375 0.780906278125 0.7363830984375 0.7840673671875 0.7177176234375 0.788131625 0.6960415890625 0.787680040625 0.6827951234375 0.794905384375
0 0.82007668125 0.7985180578125 0.8417527171874999 0.808904490625 0.8562034078125 0.8138719171875 0.8790836671875001 0.8138719171875 0.8911259093749999 0.8070981546875 0.8941364703125 0.789486375 0.8911259093749999 0.781809446875 0.8580097437499999 0.7637460828125 0.8351294843750001 0.75426281875 0.8008090937500001 0.74432796875 0.7893689640625 0.754714403125 0.7809393953125 0.7745841015625 0.7887668515625 0.7845189515625 0.82007668125 0.7985180578125
0 0.8285544203124999 0.7452311359375 0.8442093343750001 0.7569723234375 0.8694980421875 0.7700682609375 0.8857550703125 0.7709714296875 0.8990015359375001 0.7646492515625 0.9068289921874999 0.7470374734375 0.86829381875 0.714975003125 0.8538431281250001 0.7041369859375 0.8351776531249999 0.6955568875 0.8194745703124999 0.6914926328125001 0.8044699359375 0.7027822328125 0.8008572640624999 0.7181360921875 0.8092868328125 0.7325867828125 0.8285544203124999 0.7452311359375
0 0.683445403125 0.7041369859375 0.6930791968750001 0.698717978125 0.6906707484375 0.6756871890625 0.6762200578125 0.6702681796875 0.6099877265625 0.6720745171875 0.6142025109375 0.705943321875 0.6358785484375 0.7082012421874999 0.6653820406250001 0.706846490625 0.683445403125 0.7041369859375
0 0.8171142890624999 0.6847188703125 0.8291565328124999 0.6901378796875 0.8405966609375 0.6896862953125 0.8562515765625 0.6847188703125 0.8622726984375 0.6693650109375 0.8430051109375001 0.648140559375 0.8424029984375 0.640012046875 0.8128995046874999 0.6219486843750001 0.7984488140625 0.612917003125 0.7821917890625001 0.6142717546875 0.7725579953125 0.6282708609375 0.77316010625 0.6431731359375 0.7906213578125 0.6571722421875 0.8141037296875 0.6770419421875 0.8171142890624999 0.6847188703125
0 0.6828432921875 0.65852699375 0.6966918703125 0.6571722421875 0.7063256640625 0.6467858093750001 0.7051214390625 0.6327867015625 0.6966918703125 0.6219486843750001 0.6858538515625 0.6196907640625 0.6575545828125 0.620142346875 0.6352764359374999 0.620142346875 0.6075792796874999 0.62556135625 0.6057729421875 0.64046363125 0.6099877265625 0.6558174890624999 0.6256426421875 0.659881746875 0.6828432921875 0.65852699375
0 0.4251393125 0.679751446875 0.45464280468749996 0.6770419421875 0.4733082796875 0.6761387734375 0.5022096609375 0.6743324375 0.5202730234375 0.6711713484375 0.533519490625 0.66530075625 0.5323152671875 0.6503984796875 0.5226814734375 0.63233511875 0.5040159984375 0.6291740296875 0.4606639265625 0.6336898703125 0.428751984375 0.6327867015625 0.410086509375 0.6422699671875 0.40707594843750006 0.6558174890624999 0.41129073437499997 0.6698165953124999 0.4251393125 0.679751446875
0 0.46608293593749994 0.5754626203125001 0.4317625453125 0.5713983625 0.401656940625 0.5732046984375 0.39684004375000004 0.5912680625 0.40105482812500004 0.6079766734375001 0.41129073437499997 0.617911521875 0.4450090109375 0.619266275 0.4871568578125 0.619266275 0.5268962578124999 0.6133685875 0.5347237140625001 0.59352598125 0.523283584375 0.5754626203125001 0.500403325 0.5736562828125 0.46608293593749994 0.5754626203125001
0 0.6997024296875 0.5813332124999999 0.6912728609375 0.5686888578125 0.6720052734374999 0.5659793546875 0.6455123421875 0.5659793546875 0.6220299687499999 0.5650761859375 0.6027623828124999 0.5682372734375 0.6021602703125 0.5863006375 0.608181390625 0.6025576640625 0.6316637625 0.6070735046875 0.6587588078125 0.604815584375 0.675015834375 0.6070735046875 0.6918749734375 0.604364 0.703315103125 0.5971386546875 0.6997024296875 0.5813332124999999
0 0.7846002359375001 0.5939775671875 0.7978467031250001 0.60526716875 0.8080826078125 0.6156536015625 0.815307953125 0.6242337 0.8279523078125001 0.627846371875 0.8472198953125 0.6233305312499999 0.8550473515625001 0.6070735046875 0.8454135578124999 0.5944291515625 0.8369839890625 0.5799784609375 0.8147058421875 0.5605603453125 0.7984488140625 0.5524318312500001 0.7839981234375 0.553335 0.7707516578125 0.56236668125 0.7671389859375 0.5741078671875 0.7725579953125 0.5835911328125001 0.7846002359375001 0.5939775671875
0 0.6593609203125 0.5185901203125 0.6310616515625 0.517686953125 0.6093856140625 0.517686953125 0.598547596875 0.5285249703125 0.6027623828124999 0.5456851656249999 0.6136003999999999 0.5565231828125 0.6352764359374999 0.557877934375 0.66056514375 0.5587811046875 0.6846496281250001 0.5605874390625 0.7003045421875 0.552883415625 0.7003045421875 0.5371050687500001 0.6930791968750001 0.5240091296875 0.67923061875 0.5199448734375001 0.6593609203125 0.5185901203125
0 0.43537521718749994 0.5529105109375 0.47451250468749995 0.5542652625 0.4841462984375 0.5583295203125 0.49859698906250005 0.5574263515625 0.5070265578125001 0.5542652625 0.5226814734375 0.550652590625 0.5238856968750001 0.5398145734375001 0.5226814734375 0.5280733875 0.5172624640625 0.521751209375 0.4943822046875 0.5163322 0.47150194375 0.51542903125 0.4444068984375 0.511816359375 0.410086509375 0.5122679437500001 0.3944315953125 0.5185901203125 0.3932273703125 0.5447819968750001 0.410688621875 0.5542652625 0.43537521718749994 0.5529105109375
0 0.6858538515625 0.49555933281250003 0.67923061875 0.48065705937500003 0.6641778171875 0.47343171406250006 0.646716565625 0.4716253765625 0.62263208125 0.47027062500000005 0.6009560453125 0.47027062500000005 0.5889138046875 0.47659280156249995 0.590118028125 0.4964625 0.598547596875 0.507752103125 0.6322658750000001 0.5104616078124999 0.655748246875 0.5131711109375 0.6689947140625 0.5136226953125 0.6816390671875 0.507752103125 0.6858538515625 0.49555933281250003
0 0.759311528125 0.49601091718749996 0.7581073046875 0.5091068562500001 0.7653326484375 0.5190417046875 0.7821917890625001 0.5258154671875 0.8002551515624999 0.5249122984375 0.815910065625 0.5131711109375 0.8092868328125 0.47343171406250006 0.797244590625 0.4639484484375 0.79182558125 0.45085250937500004 0.777977003125 0.44362716406249997 0.7617199765625 0.44588508437499996 0.750279846875 0.45220726093749997 0.7466671734375 0.461690528125 0.7544946312499999 0.47388329687499997 0.759311528125 0.49601091718749996
0 0.6527376859375 0.4293661390625 0.6304595390625 0.4253018828125 0.6111919515625 0.42259237812499995 0.5907201390625 0.4243987140625 0.5871074671875001 0.43613989999999997 0.589515915625 0.44923583906250003 0.594934925 0.46007385625 0.6099877265625 0.4618801921875 0.6322658750000001 0.46458969687499996 0.6521355734375 0.4672992015625 0.6683926015625 0.47181504218750003 0.67983273125 0.46485161562500005 0.6810369546875 0.45239692812500004 0.67862850625 0.4420104921875 0.6720052734374999 0.432527228125 0.6527376859375 0.4293661390625
0 0.664779928125 0.38646565312500003 0.65093135 0.3824013953125 0.6117940640625 0.37336971406249997 0.5907201390625 0.37291812968750004 0.5786778984375001 0.3778855546875 0.5786778984375001 0.4009163421875 0.5853011312499999 0.41085119218750005 0.5973433734375 0.418528121875 0.6099877265625 0.415141240625 0.6400933328125 0.4203344578125 0.6491250140625 0.426656634375 0.6665862640625 0.42620505 0.67923061875 0.4203344578125 0.6846496281250001 0.40859327187499994 0.6804348421874999 0.392787828125 0.664779928125 0.38646565312500003
0 0.7827938999999999 0.399173228125 0.7791812265625 0.381109865625 0.7725579953125 0.3743361046875 0.7605157515625 0.356724325 0.741248165625 0.3544664046875 0.7280016984375 0.36078858125 0.7286038109375 0.37427288281250004 0.73643126875 0.39369099687500003 0.740646053125 0.41220594374999997 0.750279846875 0.41988287343749997 0.778579115625 0.4217524328125 0.7815896765625 0.41136599843750005 0.7827938999999999 0.399173228125
0 0.71716368125 0.33143561718750003 0.7231848015625 0.3391125453125 0.73582915625 0.3436283875 0.7556988546875 0.3490473953125 0.768343209375 0.3409188828125 0.7707516578125 0.326468190625 0.7659347609375 0.3038889890625 0.7532904078125 0.2916962171875 0.750279846875 0.28176136875 0.7370333796875 0.27589077500000003 0.7183679046875 0.275439190625 0.7087341109375 0.2880835453125 0.7147552328125 0.2984699796875 0.721378465625 0.3215007671875 0.71716368125 0.33143561718750003
0 0.5973433734375 0.3698202625 0.6328679875 0.3743361046875 0.6479207890625001 0.379303528125 0.6587588078125 0.3747876875 0.669596825 0.361240165625 0.6629735921875 0.34453155468749996 0.6437060046874999 0.3350482890625 0.599751821875 0.326919775 0.5834947953125 0.33053244843749996 0.5774736734375 0.342273634375 0.580484234375 0.3589822453125 0.5973433734375 0.3698202625
0 0.6142025109375 0.275439190625 0.5877095796875 0.2740844390625 0.5738610015625001 0.27498760624999996 0.5720546640624999 0.29079305 0.579882121875 0.3065984921875 0.599751821875 0.31292066875 0.6298574265625 0.3210491828125 0.6497271265625 0.3210491828125 0.6623714796875 0.3111143328125 0.65093135 0.28672879375 0.6370827718750001 0.2822129515625 0.6142025109375 0.275439190625
0 0.5768715609374999 0.2349320984375 0.570850440625 0.24351219687499998 0.5744631140625 0.2606723921875 0.5822905703125001 0.271058825 0.5979454859375 0.275574665625 0.627448978125 0.2800905078125 0.6443081171875 0.2841547640625 0.6569524703125 0.2691170140625 0.6406954453125 0.2507375421875 0.6244384171874999 0.24215744374999998 0.594934925 0.2349320984375 0.5768715609374999 0.2349320984375
0 0.5840487375000001 0.230307878125 0.6111437828125 0.23527530312499997 0.6334219296875 0.23572688749999998 0.6448620609375 0.22172778124999998 0.6340240421875001 0.20637392187499998 0.61355223125 0.19192323125 0.5870592984375 0.1865042234375 0.5677917109374999 0.1851494703125 0.5485241234375 0.18153679843749998 0.53768610625 0.1905684796875 0.5388903296875001 0.20682550625 0.5545452453124999 0.21992144531250002 0.5840487375000001 0.230307878125
0 0.7002563734375 0.197793825 0.7195239609375 0.18785897499999998 0.721932409375 0.1706987796875 0.7056753828125 0.1585060109375 0.6864077953125001 0.14586165625 0.6532916296875 0.1395394796875 0.6394430515625 0.151280665625 0.6478726203125 0.1706987796875 0.6737634406249999 0.18785897499999998 0.7002563734375 0.197793825
0 0.7809393953125 0.2248888703125 0.7941858609375 0.22398570156250003 0.7990027578125 0.20772867499999997 0.787562628125 0.1941811515625 0.7761224984374999 0.1860526390625 0.739995771875 0.1797304625 0.7273514171875 0.18831055937500002 0.731566203125 0.208180259375 0.7604675828125 0.2208246140625 0.7809393953125 0.2248888703125
0 0.8327210359375 0.2434038171875 0.8489780625 0.250177578125 0.862826640625 0.2456617375 0.8664393140625 0.2275983734375 0.8537949593749999 0.2176635234375 0.84837595 0.21043817812499999 0.8140555609375 0.203212834375 0.7971964218750001 0.208180259375 0.8014112062500001 0.2275983734375 0.8134534484374999 0.23933956093750003 0.8327210359375 0.2434038171875
0 0.8604181921875 0.3079803390625 0.8796857796875001 0.31159301250000004 0.8971470296874999 0.306174003125 0.8935343578125 0.291271728125 0.8820942281249999 0.2822400484375 0.8706540984375 0.273208365625 0.8453653890625 0.2700472765625 0.8327210359375 0.2745631171875 0.8285062515625 0.2863043046875 0.83934426875 0.3003034109375 0.8604181921875 0.3079803390625
0 0.8929322453124999 0.26733777187499996 0.9079850484374999 0.2741115328125 0.920027290625 0.277272621875 0.9302631953124999 0.2754662859375 0.9344779796875 0.2659830203125 0.9338758687500001 0.2555965875 0.9254462984374999 0.248371240625 0.9224357390625 0.2429522328125 0.909189271875 0.23933956093750003 0.8959428062500001 0.23798480781250003 0.8869111249999999 0.23617847187500002 0.8760731078124999 0.24475856875000002 0.8778794421875 0.25966084375 0.8929322453124999 0.26733777187499996
0 0.9019639265625001 0.320173109375 0.9121998328125 0.32468895 0.9260484109375 0.3273984546875 0.9356822046875 0.3314627109375 0.9513371203125001 0.32694687031249997 0.95314345625 0.3188183578125 0.9477244468749999 0.31159301250000004 0.9429075499999999 0.30256133125 0.9362843171874999 0.2948844015625 0.9260484109375 0.293078065625 0.9146082812499999 0.29262648125 0.9049744875 0.2957875703125 0.8959428062500001 0.2980454890625 0.8941364703125 0.3057224203125 0.9019639265625001 0.320173109375
0 0.9356822046875 0.2745631171875 0.9411012140624999 0.28359480000000004 0.9597666890625 0.2903685609375 0.976023715625 0.29533598437499997 0.9826469484375 0.2840463828125 0.9790342765625001 0.27365995 0.976023715625 0.2646282671875 0.9663899218750001 0.2569513390625 0.9537455671874999 0.25469341874999996 0.9423054375 0.255145003125 0.9344779796875 0.25966084375 0.9314674203125 0.2646282671875 0.9356822046875 0.2745631171875
0 0.6617211984375 0.051480584375000006 0.6520874046875 0.0645765234375 0.6587106390625 0.07947879687500001 0.6852035703125 0.083543053125 0.7014605984375 0.07586612499999999 0.6990521484375 0.057351178125 0.6894183546875 0.039287815625 0.67918245 0.0270950453125 0.664129646875 0.0212244515625 0.6538937421875 0.023482371874999998 0.655700078125 0.033417221875 0.6617211984375 0.051480584375000006
0 0.6954394765624999 0.0546416734375 0.6966437015625 0.066382859375 0.6918268046875 0.0763177078125 0.6960415890625 0.08715572656250001 0.7092880546875 0.0952842390625 0.7237387453124999 0.0916715671875 0.7279535296875 0.07586612499999999 0.7213302968749999 0.056448009375 0.7135028390625 0.0401909828125 0.6960415890625 0.0329656375 0.6846014578124999 0.038384646875 0.6900204671875 0.0442552390625 0.6954394765624999 0.0546416734375
0 0.7279535296875 0.0736082046875 0.7321683140624999 0.0921231515625 0.7333725390625 0.10386433749999999 0.750231678125 0.11018651406249999 0.772509825 0.10025166562500001 0.7749182734375 0.0867041421875 0.7701013765625 0.0740597890625 0.7604675828125 0.0623186015625 0.7484253421875 0.052383753125 0.731566203125 0.050125831249999996 0.7261471937499999 0.05689959375 0.7243408578125 0.0627701859375 0.7279535296875 0.0736082046875
0 0.76408025625 0.05193216874999999 0.8044217671875 0.0645765234375 0.8260978015625 0.046513159375 0.8176682328125 0.030256132812499996 0.78334784375 0.020321284375000002 0.7622739203125 0.0198697 0.7520380140625 0.029352965624999998 0.7538443499999999 0.042448903125 0.76408025625 0.05193216874999999
0 0.8586118562499999 0.0388362296875 0.8586118562499999 0.027546628125 0.8537949593749999 0.006322178124999999 0.8453653890625 0 0.8122492234375001 0.0040642578125 0.8182703453125001 0.0162570265625 0.8411506046874999 0.04109415 0.8477738390624999 0.04199731875 0.8586118562499999 0.0388362296875
0 0.8790836671875001 0.0767963890625 0.8947385828125001 0.0853764859375 0.9134040578124999 0.0831185640625 0.910393496875 0.0659583703125 0.9067808234375001 0.049249759375 0.890523796875 0.04383075 0.8736646578125 0.040669660937500005 0.8634287531249999 0.0460886703125 0.8622245281250001 0.05963619375 0.8790836671875001 0.0767963890625
0 0.8688477609374999 0.1463403359375 0.8845026765625 0.158984690625 0.900157590625 0.158984690625 0.9061787109375 0.1504045921875 0.909189271875 0.13866340625 0.900157590625 0.1228579640625 0.8965449187500001 0.1129231140625 0.8851047890625001 0.10569776875 0.8688477609374999 0.1097620265625 0.8682456500000001 0.1228579640625 0.8688477609374999 0.13459915 0.8688477609374999 0.1463403359375
0 0.9236399625 0.099827175 0.938692765625 0.107052521875 0.9513371203125001 0.115181034375 0.9645835859374999 0.10931044062499999 0.97180893125 0.09756925625 0.97120681875 0.0849249015625 0.9513371203125001 0.07950589218750001 0.9320695328124999 0.07769955625 0.9206294015625 0.081312228125 0.9194251781249999 0.090343909375 0.9236399625 0.099827175
0 0.9073829359375001 0.1427276625 0.9019639265625001 0.153114096875 0.8971470296874999 0.1594362734375 0.909189271875 0.1693711234375 0.9230378515625001 0.172080628125 0.9266505234375 0.163048946875 0.9272526359375 0.1476950875 0.9206294015625 0.1359539015625 0.9170167296875 0.12647063593750002 0.9037702640624999 0.1215032125 0.9025660390624999 0.12556746875 0.9067808234375001 0.132341228125 0.9073829359375001 0.1427276625
0 0.9248441875 0.160791025 0.9218336265625 0.1698227078125 0.9296610828125 0.1779512203125 0.9447138859375 0.1865313171875 0.9561540171875 0.1788543890625 0.9579603515624999 0.1644036984375 0.9495307828125 0.1508561765625 0.9429075499999999 0.143179246875 0.9272526359375 0.1359539015625 0.9224357390625 0.1422760796875 0.9278547484375 0.1490498390625 0.9248441875 0.160791025