0 0.229054178125 0.8417136812500001 0.23929123749999998 0.8098650546874999 0.2333196203125 0.7922345671875 0.22265601875000002 0.7751728015625 0.2085800625 0.7393430984375 0.1987695484375 0.7103381 0.180428153125 0.7012384921875 0.1599540359375 0.709769375 0.13777374375 0.7342245703125 0.14118609531249998 0.76493574375 0.1591009484375 0.8115712328125 0.180428153125 0.8570692687499999 0.1842670484375 0.8621877984375 0.21113932656249998 0.8553630921875 0.229054178125 0.8417136812500001
0 0.34891307031249996 0.8388700546875001 0.3420883640625 0.806452703125 0.31223027812500004 0.7404805484375 0.305405571875 0.7234187859375 0.29388888125 0.7052195703125 0.2751209421875 0.7063570218749999 0.2559264578125 0.7205751578124999 0.24483631093749997 0.7404805484375 0.24910175156249997 0.7569735875 0.26147153125 0.7893909390625 0.2772536609375 0.8246519171875001 0.2874907203125 0.8496758375000001 0.2951685140625 0.8667376015625001 0.3066852046875 0.8746997578125001 0.3211877046875 0.8712874046874999 0.3378229234375 0.8616190734375 0.34891307031249996 0.8388700546875001
0 0.45128365312499996 0.8439885828125 0.4470182125 0.814983584375 0.4201459328125 0.772329175 0.40137799375 0.7364994703125001 0.38516931875 0.706925746875 0.374932259375 0.70237594375 0.35872358437499996 0.709769375 0.34678035 0.7251249609375 0.3382494671875 0.7353620203125 0.3373963796875 0.7473052546875001 0.34550071718750003 0.7615233921875 0.35147233437500003 0.78029133125 0.3617093921875 0.8041778015625001 0.3753588046875 0.8280642703125001 0.389861303125 0.85650054375 0.40137799375 0.8712874046874999 0.41588049375 0.8746997578125001 0.4389138734375 0.8678750515625 0.45128365312499996 0.8439885828125
0 0.08445573125 0.7353620203125 0.0870149953125 0.7165940796875 0.08616190625 0.70237594375 0.07720448125 0.6955512374999999 0.0639816140625 0.6921388859375 0.05374455625 0.6927076109375 0.0405216890625 0.6995323171875001 0.0341235265625 0.710906825 0.023886470312499998 0.737636921875 0.0200475734375 0.7592484890625 0.0153555875 0.7888222140625001 0.01578213125 0.814983584375 0.01492904375 0.8354577015625001 0.018341396875 0.8439885828125 0.027298821875 0.8513820140625 0.04691985 0.8468322109375 0.07165940781249999 0.8286329953125 0.0767779375 0.7859785859375 0.08445573125 0.7353620203125
0 0.5417110015625 0.8331827984375 0.5233696046875 0.7962156453125 0.50161585625 0.7558361359375 0.482421371875 0.7239875109375 0.47346394687500004 0.706925746875 0.45938799062499996 0.7114755515625 0.43976696249999997 0.73365584375 0.4325157125 0.7427554515625 0.44147313749999995 0.7706229984374999 0.4581083578125 0.8070214281249999 0.4755966671875 0.845126034375 0.4849806359375 0.8695812296875 0.505454753125 0.8934676984375001 0.5280615890625 0.8815244640625 0.5451233531249999 0.8547943671875 0.5417110015625 0.8331827984375
0 0.6453612171875001 0.8417136812500001 0.629579084375 0.8075901546875001 0.6005740859375 0.7655044703125 0.5643178375 0.721712609375 0.560052396875 0.7148879046875 0.537019015625 0.729674765625 0.5246492375 0.7546986859375 0.5280615890625 0.7740353515625 0.5408579125 0.799627996875 0.5562134999999999 0.8292017203125001 0.5685832796875 0.8479696609375 0.597588278125 0.8906240703125 0.613370409375 0.8963113249999999 0.64152231875 0.8735623078125 0.6453612171875001 0.8417136812500001
0 0.760528121875 0.9088232859375 0.776310253125 0.8798182875 0.7810022375 0.8519507390625 0.7664997390625 0.8246519171875001 0.7507176078125 0.8087276046874999 0.7362151078125 0.7876847625 0.7084897421874999 0.7575423140625 0.6867359937499999 0.7285373140625 0.6649822453125 0.7114755515625 0.6513328328125 0.71773153125 0.6355507015625 0.7325183921875 0.6287259953125 0.7575423140625 0.6321383484374999 0.7706229984374999 0.6457877609375 0.7893909390625 0.6713804062500001 0.8252206421875 0.688015625 0.8502445640625 0.7127551828125 0.8792495609375001 0.7268311375 0.8957425999999999 0.7430398140625 0.9082545609375 0.760528121875 0.9088232859375
0 0.172750359375 0.618204575 0.1825608734375 0.6039864390624999 0.193224475 0.5619007546875 0.20218189999999997 0.5431328140625 0.211992415625 0.513559090625 0.205594253125 0.4953598765625 0.1957837390625 0.48739772031250006 0.18554668125 0.4856915421875 0.173176903125 0.48626026875 0.1591009484375 0.49820350312499995 0.1544089625 0.513559090625 0.1382002859375 0.5590571265625 0.1279632296875 0.5960242828125 0.1283897734375 0.6187733015625 0.14118609531249998 0.6273041828125 0.1625133 0.6261667328125 0.172750359375 0.618204575
0 0.26275116249999997 0.6091049671875 0.27768020625 0.6045551640625 0.28493145625 0.5914744796875 0.297727778125 0.5402891875 0.30839138125 0.5078718359375001 0.30796483750000003 0.4856915421875 0.29815432343750004 0.47488575937500005 0.2755474859375 0.47317958281249994 0.26360425 0.4777293859375 0.254646825 0.50218458125 0.24952829531249998 0.520952521875 0.24483631093749997 0.5419953640624999 0.2388646921875 0.5738439890625 0.2375850609375 0.59488683125 0.24355667812499998 0.6011428109375 0.24910175156249997 0.6079675171875001 0.26275116249999997 0.6091049671875
0 0.352325421875 0.5840810484375 0.3604297609375 0.536308109375 0.366401378125 0.49990967968750005 0.3612828484375 0.4879664453125 0.34933961406249997 0.48341664218749997 0.3314247625 0.48682899375 0.3237469671875 0.5004784046874999 0.31649571875000004 0.5124216390624999 0.308817925 0.5300521296875 0.304125940625 0.552232421875 0.296874690625 0.57953124375 0.2943154265625 0.6039864390624999 0.303699396875 0.6119485953125 0.32204079218750004 0.6187733015625 0.3348371140625 0.6085362421875 0.352325421875 0.5840810484375
0 0.4227051984375 0.49479115 0.421425565625 0.47147340625 0.4116150515625 0.4618050734375 0.3988187296875 0.45554909375 0.3804773328125 0.462942525 0.37151990625 0.48967262187499994 0.366401378125 0.5203837953125 0.3600032171875 0.56417565625 0.35915012812499997 0.5800999703125 0.36298902499999997 0.5965930078125 0.3783446125 0.6028489875 0.40137799375 0.59488683125 0.40692306718750004 0.5846497734375 0.4227051984375 0.49479115
0 0.46749232812499997 0.5806686953125 0.48071519531250007 0.48739772031250006 0.47943556249999997 0.4720421328125 0.468345415625 0.4612363484375 0.45597563750000003 0.45896144687499996 0.44189968281249997 0.4600988984375 0.4333688015625 0.4800042890625 0.4252644640625 0.520952521875 0.4197193890625 0.5550760484375 0.4180132140625 0.5704316359375 0.4197193890625 0.5891995765625 0.43166262343749995 0.59488683125 0.44403240312500003 0.59431810625 0.45768181406249997 0.590337028125 0.46749232812499997 0.5806686953125
0 0.5272085015625 0.5783937921875 0.5301943109375 0.5437015390625 0.5348862953125 0.5033220328125 0.53403320625 0.4794355640625 0.529341221875 0.4612363484375 0.5173979875 0.45441164218749996 0.5020424 0.45441164218749996 0.4939380625 0.4686297796875 0.4849806359375 0.4970660515625 0.482421371875 0.5243648734375 0.47858247499999995 0.5567822265625 0.4768762984375 0.574981440625 0.47900901874999996 0.5846497734375 0.49095225468750003 0.598867909375 0.50972019375 0.5971617328125001 0.5233696046875 0.586924675 0.5272085015625 0.5783937921875
0 0.598441365625 0.5874934015625 0.6048395281250001 0.5692941859375 0.6048395281250001 0.5391517359375 0.605692615625 0.512990365625 0.6044129828125 0.4777293859375 0.6010006296875 0.45384291718750003 0.5967351890625 0.4509992890625 0.586924675 0.4475869375 0.5788203375000001 0.4475869375 0.57114254375 0.4504305640625 0.559625853125 0.4578239953125 0.5579196765625001 0.48682899375 0.55664004375 0.5101467375000001 0.5545073234375 0.5562134999999999 0.5562134999999999 0.5806686953125 0.5609054859375 0.5886308515625001 0.583938865625 0.590337028125 0.598441365625 0.5874934015625
0 0.667541509375 0.5852184984375 0.682044009375 0.5664505578125001 0.6799112875 0.5408579125 0.676925478125 0.5084405609375 0.675219303125 0.48398536718749996 0.67180695 0.46066762343749995 0.6671149640625 0.44815566249999994 0.6543186421875 0.4464494859375 0.6282994515625 0.4487243890625 0.6248871 0.45839272031249995 0.6261667328125 0.5073031109375 0.627872909375 0.5664505578125001 0.6351241578125 0.5806686953125 0.6492001125 0.586924675 0.667541509375 0.5852184984375
0 0.1335083015625 0.4782981125 0.1258305078125 0.4726108578125 0.11260764062499999 0.4737483078125 0.1019440390625 0.4919475234375 0.0908538921875 0.5181088953125 0.081043378125 0.5408579125 0.081043378125 0.5607633046875 0.072085953125 0.5761188921875 0.0678205109375 0.5914744796875 0.06995323125 0.6017115375000001 0.073792128125 0.6079675171875001 0.08445573125 0.6136547718750001 0.09810514218750001 0.6130860453125 0.119005803125 0.6034177140625 0.15568859375 0.5044594828125 0.15526204999999998 0.4919475234375 0.1445984484375 0.48512281718750005 0.1335083015625 0.4782981125
0 0.0827495546875 0.5391517359375 0.0908538921875 0.5169714437499999 0.09981131875 0.49820350312499995 0.1096218328125 0.47886683750000003 0.118579259375 0.4737483078125 0.1326552140625 0.47659193593750004 0.1369206546875 0.462942525 0.13137558124999998 0.44815566249999994 0.1228447 0.4345062515625 0.10322367031249999 0.4379186046875 0.084882275 0.4492931140625 0.07293904062499999 0.47659193593750004 0.0678205109375 0.4964973265625 0.0605692625 0.5203837953125 0.06142235 0.5402891875 0.070379775 0.544838990625 0.08146992187499999 0.5471138921875001 0.0827495546875 0.5391517359375
0 0.1633663890625 0.33611674687500004 0.1458780796875 0.3429414515625 0.1279632296875 0.3605719421875 0.11815271406250001 0.3867333140625 0.1147403609375 0.4026576265625 0.10535639062499999 0.4180132140625 0.10834220000000001 0.43166262343749995 0.12497741874999999 0.4333688015625 0.134787934375 0.43507497656250005 0.153555875 0.40834487968750005 0.1761627109375 0.3645530203125 0.17786888750000002 0.3491974328125 0.1633663890625 0.33611674687500004
0 0.227348003125 0.32758586562500003 0.2183905765625 0.3213298859375 0.20175535625 0.3332731203125 0.185973225 0.34464762968749996 0.17701579843749998 0.3582970390625 0.17019109375000002 0.3838896859375 0.174029990625 0.398107821875 0.1765892546875 0.4077761546875 0.197916459375 0.40152017500000003 0.2115658703125 0.3804773328125 0.22564182656249998 0.33611674687500004 0.227348003125 0.32758586562500003
0 0.2708555015625 0.32474223750000003 0.26147153125 0.31336772968750004 0.247395575 0.3173488078125 0.2371585171875 0.32360478593750003 0.2299072671875 0.3344105703125 0.22393564999999999 0.340097825 0.21711094531250003 0.36284684375 0.21284550468750002 0.37706497968749997 0.2141251359375 0.3861645875 0.21668440156250002 0.398107821875 0.22649491562500002 0.3986765484375 0.25123447187500003 0.39128311718750003 0.26360425 0.3679653734375 0.2708555015625 0.32474223750000003
0 0.33185130625000003 0.320761159375 0.3250266 0.3042681203125 0.312656821875 0.30142449375 0.2990074109375 0.3042681203125 0.2900499859375 0.31109282656250004 0.2802394703125 0.3241735125 0.2755474859375 0.3366854734375 0.2708555015625 0.3560221390625 0.267443146875 0.3730839015625 0.2678696921875 0.390145665625 0.28663763124999997 0.3992452734375 0.30796483750000003 0.3929892921875 0.3211877046875 0.367396646875 0.33185130625000003 0.320761159375
0 0.38858167187500003 0.3241735125 0.389008215625 0.3082492 0.3843162296875 0.2957372390625 0.37279953906249996 0.2934623375 0.3548846875 0.2991495921875 0.34720689375 0.3105241015625 0.3352636578125 0.3190549828125 0.3301451296875 0.3412352765625 0.32587968906250003 0.3645530203125 0.32758586562500003 0.3793398828125 0.33227785 0.3952641953125 0.34805998125 0.3964016453125 0.368107553125 0.3890082140625 0.374505715625 0.3679653734375 0.38858167187500003 0.3241735125
0 0.4384276140625 0.2985808671875 0.417100409375 0.2957372390625 0.40643680625 0.3036993953125 0.39705283593749996 0.31678008125 0.39150776249999997 0.344078903125 0.3859626890625 0.3719464515625 0.3881551265625 0.390145665625 0.41332122812499994 0.3890082140625 0.4269706390625 0.374221353125 0.44275277187500006 0.31223027812500004 0.4384276140625 0.2985808671875
0 0.478522759375 0.3776337046875 0.4827882 0.3605719421875 0.48492092031249995 0.33839164843749997 0.4887598171875 0.3179175328125 0.4887598171875 0.304836846875 0.4827882 0.2934623375 0.470844965625 0.2917561609375 0.45676901093750005 0.296874690625 0.4503708484375 0.3076804734375 0.444825775 0.340097825 0.44056033437500003 0.3759275296875 0.4499443046875 0.3838896859375 0.464873346875 0.3838896859375 0.478522759375 0.3776337046875
0 0.5211771671875 0.3759275296875 0.533546946875 0.370809 0.53653275625 0.358865765625 0.5390920203125 0.3418040015625 0.538665475 0.320192434375 0.542504371875 0.2991495921875 0.5369593 0.2803816515625 0.52928150625 0.2769692984375 0.5198975359375 0.277538025 0.5045419484375 0.2826565546875 0.4994234203125 0.2980121421875 0.49601106718750004 0.3224673359375 0.49558452343750004 0.3645530203125 0.4968641546875 0.3730839015625 0.5079543015625 0.3759275296875 0.5211771671875 0.3759275296875
0 0.5779075328125 0.3736526265625 0.59070385625 0.3645530203125 0.5932631203125001 0.3497661578125 0.594542753125 0.32701713906249996 0.5971020171875 0.297443415625 0.596248928125 0.2786754765625 0.588571134375 0.2758318484375 0.5693766499999999 0.2769692984375 0.5582865046875 0.28493145468750003 0.553167975 0.30313067031249996 0.548475990625 0.3582970390625 0.553167975 0.3719464515625 0.5625519453125001 0.3730839015625 0.5779075328125 0.3736526265625
0 0.6465811312499999 0.370809 0.6559651015625 0.3600032171875 0.65383238125 0.3378229234375 0.6534058375 0.30199322031250003 0.6512731171875 0.2786754765625 0.6431687796875 0.2724194953125 0.6226946640625 0.274694396875 0.6120310609375 0.2843627296875 0.6090452515625 0.2980121421875 0.61331069375 0.3520410609375 0.618002678125 0.3679653734375 0.6307990015625 0.3719464515625 0.6465811312499999 0.370809
0 0.7126954671875 0.3224673359375 0.7080034828125 0.2980121421875 0.6960602484375 0.2883438078125 0.680704659375 0.290049984375 0.6708941453125 0.2928936125 0.6670552484375001 0.30938665 0.6683348812500001 0.3327043953125 0.6738799546875 0.3645530203125 0.6892355421875 0.366259196875 0.711415834375 0.358865765625 0.7126954671875 0.3224673359375
0 0 0.48626026875 0.0037791796874999998 0.4856915421875 0.0481397671875 0.4111885078125 0.0349169 0.3929892921875 0.016575503125 0.39469547031249996 0.0037791796874999998 0.4077761546875 0 0.4111885078125 0 0.48626026875
0 0.13643439375 0.26161371093749997 0.12747696875 0.2593388109375 0.1142541015625 0.26331988906250003 0.1023108671875 0.27014459375 0.0865287359375 0.2809503765625 0.07501204375000001 0.30199322031250003 0.0745855015625 0.3139364546875 0.08141020624999999 0.3309982171875 0.0912207203125 0.3304294921875 0.10145777812500001 0.32587968906250003 0.11809299843750001 0.3139364546875 0.1411263796875 0.2803816515625 0.1432591 0.2690071421875 0.13643439375 0.26161371093749997
0 0.16123366875 0.24057087031250002 0.16976455 0.227490184375 0.1765892546875 0.21554694843750002 0.181281240625 0.20132881249999998 0.17957506406249998 0.1916604796875 0.17019109375000002 0.1882481265625 0.1573947703125 0.1945041078125 0.1445984484375 0.204741165625 0.134787934375 0.2172531265625 0.1309490375 0.2411395953125 0.1369206546875 0.2485330265625 0.149716978125 0.247395575 0.16123366875 0.24057087031250002
0 0.9998193593750001 0.8587754453124999 0.9981131828124999 0.8007654484375 0.98190450625 0.7512863328125 0.97166745 0.721712609375 0.9614303906250001 0.7057882953125 0.9337050234375001 0.7029446687500001 0.9085389218750001 0.7046508453125 0.8936098796874999 0.7319496671875 0.9055531140624999 0.7876847625 0.9238945093750001 0.8559318171875001 0.9362642890625 0.9110981875 0.9972600953124999 0.9156479921875 0.9998193593750001 0.8587754453124999
0 0.9541791406250001 0.6819018265625 0.95844458125 0.6654087890625 0.961003846875 0.6432284953125 0.9392500984375 0.5698629109375 0.9243210546875 0.5181088953125 0.9153636281249999 0.505596934375 0.9017142171874999 0.5004784046874999 0.8752684828125 0.50161585625 0.8565005421875 0.5107154640625 0.84839620625 0.5266397765625 0.8825197328125001 0.6767832984375 0.907259290625 0.6864516296875001 0.9354112000000001 0.68758908125 0.9541791406250001 0.6819018265625
0 0.886785175 0.4811417390625 0.8991549531249999 0.47147340625 0.900434584375 0.45384291718750003 0.8991549531249999 0.4310938984375 0.886785175 0.3855958625 0.8803870125 0.3651217453125 0.8710030421875 0.35260978593750003 0.8437042203124999 0.3543159609375 0.82578936875 0.3617093921875 0.8202442953125001 0.3844584109375 0.8266424562499999 0.4077761546875 0.84199804375 0.46749232812499997 0.851808559375 0.47886683750000003 0.8718561296875 0.4800042890625 0.886785175 0.4811417390625
0 0.85735363125 0.2803816515625 0.8543678234375 0.2593388109375 0.8471165734375001 0.227490184375 0.84029186875 0.20758479218749998 0.8317609859375 0.19677900937499998 0.81853811875 0.19677900937499998 0.8014763546875001 0.2030349890625 0.7942251046875 0.212134596875 0.792092384375 0.22635273281249998 0.7955047375000001 0.243414496875 0.808301059375 0.2826565546875 0.8159788546875 0.296874690625 0.8355998828125 0.2957372390625 0.85735363125 0.2803816515625
0 0.7827084140625 0.1956415578125 0.7955047375000001 0.18767940156250001 0.8048887078125 0.1677740109375 0.8176850312499999 0.1490060703125 0.8236566468750001 0.1325130328125 0.82493628125 0.11090146406250001 0.8210973828125001 0.0989582296875 0.8091541484375 0.09270225 0.7942251046875 0.0938397015625 0.7848411343749999 0.10350803281250001 0.77332444375 0.1262570515625 0.759248490625 0.154693325 0.7507176078125 0.17857979531249998 0.7541299593749999 0.189385578125 0.7703386359375 0.19336665625 0.7827084140625 0.1956415578125
0 0.7302434921875001 0.1791485203125 0.7379212859375001 0.1683427359375 0.7468787109374999 0.1552620515625 0.7660731953125001 0.1393377375 0.77972260625 0.11203891562499999 0.78014915 0.10066440624999999 0.7767367984375 0.088152446875 0.7652201062499999 0.081327740625 0.7473052546875001 0.08360264218749999 0.7332293 0.096114603125 0.7200064328125 0.1126076421875 0.707210109375 0.13137558124999998 0.6944137875 0.1484373453125 0.69569341875 0.1672052859375 0.7008119484375 0.1768736171875 0.7178737125 0.1802859703125 0.7302434921875001 0.1791485203125
0 0.6897218015625 0.1552620515625 0.6892952578125 0.1444562671875 0.6799112875 0.1336504828125 0.6696742296875 0.1291006796875 0.65730445 0.1325130328125 0.644934671875 0.1416126390625 0.6325648921875 0.1450249921875 0.6206216578125 0.1598118546875 0.6129438640625 0.1711863640625 0.608678425 0.1882481265625 0.6116642328124999 0.19962263593750001 0.6197685703125 0.21042842031250003 0.636403790625 0.20929097031250002 0.655598275 0.18995430468750002 0.6777785671875 0.166636559375 0.6897218015625 0.1552620515625
0 0.6193420265625 0.1478686203125 0.6078253359375 0.1359253859375 0.5958821015625 0.13535665937500002 0.58649813125 0.1416126390625 0.5698629109375 0.1444562671875 0.5579196765625001 0.1558307765625 0.54768261875 0.1706176390625 0.5417110015625 0.18767940156250001 0.5417110015625 0.1990539109375 0.5540807796875 0.2144094984375 0.57839379375 0.20758479218749998 0.5967351890625 0.189385578125 0.613370409375 0.1643616578125 0.6193420265625 0.1478686203125
0 0.497776959375 0.1717550890625 0.48199482812500005 0.1649303828125 0.44957747656249997 0.17744234375 0.4337953453125 0.18995430468750002 0.42398483125 0.1950728328125 0.4192928453125 0.2144094984375 0.42441137500000004 0.22407783124999997 0.4337953453125 0.23090253593750001 0.49351151875 0.2172531265625 0.5041751203125 0.20929097031250002 0.5075874734375 0.18881685312500002 0.497776959375 0.1717550890625
0 0.3915674796875 0.2064473421875 0.3813304203125 0.19962263593750001 0.3604297609375 0.1984851859375 0.34336799687499997 0.20872224374999998 0.3314247625 0.2144094984375 0.32289388125 0.2218029296875 0.3216142484375 0.23886469375 0.32758586562500003 0.24682685000000001 0.3689606421875 0.23943341875000002 0.38516931875 0.236021065625 0.390287846875 0.2223716546875 0.3915674796875 0.2064473421875
0 0.304125940625 0.21554694843750002 0.288770353125 0.20758479218749998 0.2721351328125 0.21042842031250003 0.254646825 0.219528028125 0.23971778124999998 0.22635273281249998 0.23502579687499997 0.23943341875000002 0.2333196203125 0.247395575 0.23587888437500001 0.258201359375 0.2486752078125 0.2644573390625 0.289623440625 0.25422028124999996 0.30114013125 0.2479643015625 0.3096710125 0.234883615625 0.304125940625 0.21554694843750002
0 0.19151829843749998 0.1296694046875 0.173603446875 0.1410439140625 0.1633663890625 0.158674403125 0.16379293281250001 0.1745987171875 0.16805837343750002 0.181992146875 0.188959034375 0.1842670484375 0.20985969375 0.1535558734375 0.21284550468750002 0.1336504828125 0.203888078125 0.12398214999999999 0.19151829843749998 0.1296694046875
0 0.25123447187500003 0.16379293281250001 0.23929123749999998 0.16379293281250001 0.2247887375 0.1745987171875 0.21540476718749998 0.19052302968749998 0.2132720484375 0.20985969531249998 0.22393564999999999 0.2183905765625 0.2380116046875 0.212703321875 0.24355667812499998 0.20132881249999998 0.2525141046875 0.17573616718750001 0.25123447187500003 0.16379293281250001
0 0 0.27810674999999996 0.00767779375 0.2843627296875 0.0174883078125 0.2843627296875 0.032843895312499996 0.2644573390625 0.0298580859375 0.2559264578125 0.0162086765625 0.2525141046875 0.0012796312500000001 0.2485330265625 0 0.251376653125 0 0.27810674999999996
0 0.0319908078125 0.1916604796875 0.0174883078125 0.18597322656249998 0.0008530875 0.18995430468750002 0 0.2456893984375 0.018341396875 0.247395575 0.0375358796875 0.2479643015625 0.0430809546875 0.24967047656250002 0.0648347015625 0.234883615625 0.07165940781249999 0.2172531265625 0.057156907812500005 0.2036037140625 0.0319908078125 0.1916604796875
0 0.2375850609375 0.06426597656250001 0.228627634375 0.0671096046875 0.21625785625 0.0790528390625 0.20943315 0.0938397015625 0.205594253125 0.1018018578125 0.20815351875000002 0.111470190625 0.2132720484375 0.11545126875 0.22094984062499998 0.1165887203125 0.23545234062499998 0.1063516609375 0.247395575 0.0904273484375 0.25123447187500003 0.06995323125 0.2375850609375 0.06426597656250001
0 0.27128204375 0.134787934375 0.27853329531250004 0.1165887203125 0.2840783671875 0.09554587656249999 0.273841309375 0.093270975 0.26104498593750003 0.09270225 0.24952829531249998 0.10464548437500001 0.240144325 0.13080685625 0.240144325 0.150712246875 0.250807928125 0.1552620515625 0.26360425 0.1478686203125 0.27128204375 0.134787934375