0 0.30078125 0.55 0.1 0.09375
0 0.2140625 0.64453125 0.1390625 0.1296875
0 0.4390625 0.6796875 0.1734375 0.171875
0 0.4339856203125 0.8155802796874999 0.481882625 0.75892170625 0.473112409375 0.731537615625 0.42683522187499995 0.7211679 0.352514109375 0.7165623140624999 0.32102293125000003 0.7582652953125 0.3559396390625 0.8031785453125 0.4339856203125 0.8155802796874999
0 0.4168459234375 0.8530144296875 0.2924020515625 0.7991145093750001 0.24668009687499998 0.876214790625 0.3949819484375 0.9480902718750001 0.4168459234375 0.8530144296875
0 0.8119738968749999 0.43415035 0.7161171109375 0.375262009375 0.670663115625 0.42674186093750005 0.7219494421875 0.47522145781249997 0.8119738968749999 0.43415035
0 0.710176153125 0.3308683796875 0.7118877078125 0.3655070671875 0.7432316328125 0.3805529859375 0.832367721875 0.366692759375 0.852259425 0.31461523125 0.76342991875 0.301671946875 0.710176153125 0.3308683796875
0 0.7167544234375 0.495043559375 0.6745086859375 0.46566647968749997 0.6320794859375 0.5115602390625 0.688488409375 0.577261609375 0.7167544234375 0.495043559375
0 0.25349252031249997 0.7720255390624999 0.1771508515625 0.7422459203125 0.14073744375 0.8128282859375 0.21525651093749998 0.846196178125 0.25349252031249997 0.7720255390624999
0 0.30092361562500003 0.7122250859375 0.23024529062500002 0.6831040984375 0.195458946875 0.7386747453125 0.267223590625 0.769347159375 0.30092361562500003 0.7122250859375
0 0.346104825 0.65168795 0.2790354921875 0.63391235625 0.24952383125000002 0.68463359375 0.3119388890625 0.705668146875 0.346104825 0.65168795
0 0.38050250625 0.5906092640625 0.31933068124999997 0.583732665625 0.290362178125 0.6352296187500001 0.3583609171875 0.6419501078125001 0.38050250625 0.5906092640625
0 0.415713721875 0.52202471875 0.3469787015625 0.5204439265625 0.320998784375 0.584876721875 0.3919450671875 0.58837728125 0.415713721875 0.52202471875
0 0.537016925 0.585059978125 0.44558749531249997 0.5646888875 0.4178549796875 0.5783272203125 0.40405148906250005 0.6180494796875 0.4165827828125 0.6347077765625 0.501960209375 0.6489121984375 0.5345039109374999 0.6446214375 0.54943234375 0.605267521875 0.537016925 0.585059978125
0 0.8451211031250001 0.3068971359375 0.84675058125 0.30922427343750003 0.8660242921875 0.27607605468749996 0.8501954171874999 0.255946565625 0.8009320609374999 0.249979859375 0.7706406609374999 0.2723461640625 0.736976846875 0.3109462953125 0.8451211031250001 0.3068971359375
0 0.7579138296875 0.2442644171875 0.7645041625 0.21652908593750003 0.7411893453125 0.1993292375 0.7037982484375 0.2127943625 0.6870447953125 0.23839769375 0.6628826515624999 0.2645645046875 0.682590890625 0.28775781562499997 0.7579138296875 0.2442644171875
0 0.6022950234375 0.27461939218750003 0.532365053125 0.3270529953125 0.55025069375 0.35383457812499997 0.6138220765625 0.32203781875000004 0.6205693218749999 0.3069090171875 0.6022950234375 0.27461939218750003
0 0.815010753125 0.23665374374999998 0.895106253125 0.20369100156250003 0.86713233125 0.15507239687500002 0.8020883828125 0.19714855 0.815010753125 0.23665374374999998
0 0.6530025984375001 0.41004226250000003 0.6422001890625 0.38948849218750003 0.582942465625 0.3843177796875 0.5270227859375 0.421080165625 0.5424849625 0.46110459062500003 0.6319911828125 0.44988107031249996 0.6530025984375001 0.41004226250000003
0 0.5983759140625 0.5063224265625 0.6009031796875 0.4919895875 0.5842392078125 0.470754134375 0.584801378125 0.47155699687499997 0.5137006078125 0.4686963859375 0.4819267546875 0.48675693593749997 0.47893975937500005 0.5151714046875 0.49150863281249996 0.53568478125 0.5024472125 0.5250342609375 0.5453432890625 0.517731565625 0.5788074 0.52899818125 0.5983759140625 0.5063224265625
0 0.5304382890625 0.5867965546875 0.5487862703124999 0.5924948750000001 0.56753276875 0.5769754421875 0.5803365031250001 0.55425044375 0.5785275640624999 0.537569609375 0.5608204546875 0.5212523124999999 0.5208739 0.51931074375 0.4989142859375 0.5251150484375 0.4845839484375 0.5405334984375 0.47553301093749994 0.556443015625 0.4733667828125 0.5687283062499999 0.49372233750000005 0.57601215625 0.5304382890625 0.5867965546875
0 0.55228795625 0.368092615625 0.5487163015625 0.3783707515625 0.544422571875 0.3927439828125 0.5486600875 0.4071260625 0.5540594171875 0.403943659375 0.572123815625 0.3912948328125 0.5939435093750001 0.3897762421875 0.6230901531249999 0.38910975625 0.6466163468749999 0.389387509375 0.6614876171875 0.36641130624999996 0.653416103125 0.352320825 0.6417729359375001 0.34850848125 0.6166814140625 0.35112153125 0.595824903125 0.35017094531250004 0.565997409375 0.3626808953125 0.55228795625 0.368092615625
0 0.44752194687499997 0.49529296875 0.42979485000000006 0.47958791562499997 0.4039999890625 0.47671095937499997 0.3836069578125 0.48859731875 0.3691179625 0.5178865890625 0.394150771875 0.52608313125 0.41482863593749997 0.5415167796875 0.4306443546875 0.5256565046875 0.44752194687499997 0.49529296875
0 0.34915825625 1 0.35121848906249997 0.99406285625 0.35192057656250003 0.9905800031249999 0.267963596875 0.9219402921875 0.22281634218750002 0.9080858203125001 0.1960304953125 0.9376099546875001 0.23971647499999998 1 0.34915825625 1
0 0.1483837703125 0.7639784203125 0.15867897656250002 0.7460011578125 0.1544614515625 0.7310068328125 0.1440613046875 0.7161538828125 0.11997294218750001 0.71507326875 0.0897444328125 0.73085525625 0.0748544234375 0.763416565625 0.10158591718750001 0.80272911875 0.123535853125 0.786163109375 0.13594107187499999 0.78465586875 0.1483837703125 0.7639784203125
0 0.41405533749999995 0.4660806359375 0.40602754843750005 0.4776842421875 0.4471996359375 0.48714316718750006 0.46010581093749997 0.479302665625 0.473471715625 0.45738053125 0.4693154046875 0.44952232968750006 0.4589964609375 0.44119326093750005 0.4461290125 0.438836415625 0.43241955781249997 0.4442481359375 0.41796804062500004 0.454367196875 0.41405533749999995 0.4660806359375
0 0.47290954531249996 0.45657766874999994 0.4788298203125 0.4464497578125 0.4970941 0.42767848124999996 0.4872561234375 0.4136283953125 0.4726821765625 0.4094752078125 0.45509874687499996 0.41640301874999996 0.4458866546875 0.428237634375 0.43635349999999995 0.4408953109375 0.45142840156249997 0.43871523593750006 0.46411595625 0.44658228437499997 0.47290954531249996 0.45657766874999994
0 0.47021362499999997 0.412998453125 0.48635290312499996 0.4142608359375 0.4989205296875 0.4258013546875 0.5287680109374999 0.412679159375 0.5348481921875 0.3976532890625 0.527639921875 0.3841548578125 0.51115959375 0.3843277765625 0.501623940625 0.3790397359375 0.4790022171875 0.38710239999999996 0.46547515625 0.40494963593750005 0.47021362499999997 0.412998453125
0 0.4858869265625 0.383478171875 0.49333255468750004 0.37168394843749997 0.4895172953125 0.36239044531250003 0.4761676296875 0.3567817578125 0.452943759375 0.36526605 0.4370493390625 0.39254816406250004 0.4423112515625 0.4115971921875 0.4858869265625 0.383478171875
0 0.424807775 0.4160760234375 0.431691234375 0.4034789359375 0.4243830234375 0.3930417296875 0.4079226828125 0.39260240468749996 0.3949965203125 0.401055153125 0.3865077515625 0.4177675328125 0.383759365625 0.42986220625 0.39010314375 0.4337957296875 0.40616121875 0.428534234375 0.424807775 0.4160760234375
0 0.3749283 0.4390370296875 0.3812495890625 0.42563708125 0.3810072296875 0.4150383015625 0.37241477343749996 0.407893328125 0.35930746562500004 0.412883421875 0.3456792140625 0.424819021875 0.3372903875 0.4384701765625 0.3396402578125 0.44759325937499994 0.345762915625 0.44928861875 0.3603556015625 0.4438567015625 0.3749283 0.4390370296875
0 0.3200105296875 0.46313289218750003 0.331431328125 0.4557342109375 0.3334976140625 0.44651014531250005 0.325848353125 0.437508240625 0.3111544765625 0.437028525 0.29734508125 0.44550146875 0.29136484218750003 0.45746611406250004 0.28903745937499997 0.465676503125 0.29385587968750004 0.4712763421875 0.30511677187499997 0.468775621875 0.3200105296875 0.46313289218750003
0 0.325734671875 0.4860460046875 0.322665225 0.4989637375 0.32927134687500004 0.512883796875 0.3402124265625 0.52017899375 0.35392188125 0.5147672734375 0.3920157703125 0.47433391875 0.3903679890625 0.46172798281249994 0.38436526249999997 0.4563591546875 0.3745897484375 0.45841805156250004 0.362706721875 0.4619526453125 0.3518068703125 0.46240581562500005 0.341149375 0.47345776875 0.325734671875 0.4860460046875
0 0.2826986796875 0.497634415625 0.291990725 0.48335081874999997 0.283137171875 0.47519216875000003 0.2714140515625 0.473828803125 0.261157571875 0.48160871875 0.255799465625 0.492539490625 0.254235384375 0.504403153125 0.26664060312500004 0.5028959109375 0.2826986796875 0.497634415625
0 0.284016653125 0.4482533953125 0.2735590421875 0.45318289843750004 0.2623993421875 0.46159525468749996 0.2620595421875 0.47200341718749994 0.2728194765625 0.475835959375 0.28367935312500003 0.476607275 0.2928901953125 0.45579980000000003 0.284016653125 0.4482533953125
0 0.2197643625 0.4699116265625 0.2434941875 0.4909855078125 0.25876897187500003 0.4826829828125 0.268483271875 0.47348796249999997 0.254872509375 0.46686560000000005 0.24037851406250002 0.46026343281250004 0.23002084374999998 0.4621317125 0.2197643625 0.4699116265625
0 0.8147289203125 0.07903766250000001 0.8006384390625 0.0871091765625 0.7861681828125 0.10681334218750001 0.774166478125 0.1229942625 0.7808725421875 0.13385309843749998 0.8324772546875 0.1031033296875 0.8147289203125 0.07903766250000001
0 0.7793084593749999 0.1457167609375 0.7977788703125 0.16568733125 0.82822725 0.1431706484375 0.8029908109375 0.11417797656249999 0.775954178125 0.13131448437499998 0.7793084593749999 0.1457167609375
0 0.7798743796875 0.17343820000000001 0.7563444359375 0.1462418703125 0.7313153781249999 0.164963903125 0.7536622656249999 0.20136410312500003 0.7798743796875 0.17343820000000001
0 0.70805153125 0.17467268593750002 0.6904081359375 0.18343723125 0.686014465625 0.2008716875 0.6975601890625 0.22569097500000002 0.7277274859375 0.2027728609375 0.7242919999999999 0.18184670625 0.70805153125 0.17467268593750002
0 0.7116656609375 0.18111578125 0.7343673359375 0.17060413593749998 0.765176753125 0.1460399046875 0.7593739078125 0.13454862812499999 0.74185044375 0.1396397046875 0.7247679687499999 0.1402342515625 0.713427125 0.1451839515625 0.69686809375 0.1567787109375 0.698435925 0.1718336234375 0.7026122234375001 0.17907958125 0.7116656609375 0.18111578125
0 0.68992591875 0.180185390625 0.6729608734375 0.15916075000000002 0.634363528125 0.18798165 0.6289866843749999 0.20849752656249998 0.6252538765625 0.2147007609375 0.6341686453125 0.22999553593750002 0.6516308953125 0.2177683359375 0.6838057625 0.1964357484375 0.68992591875 0.180185390625
0 0.6468799359374999 0.264168915625 0.6486226625 0.23782219062499999 0.642779840625 0.2275554046875 0.62228436875 0.22455726875 0.6030556546875 0.23682486093750002 0.5983609109375 0.2544701296875 0.614583890625 0.2802021109375 0.6250215156250001 0.275884853125 0.6468799359374999 0.264168915625
0 0.606582525 0.2720943796875 0.600879775 0.25137875625 0.5834903234375 0.2536714859375 0.5690457656250001 0.26810970312500004 0.564509109375 0.28611154375000003 0.5696094640625 0.2973654765625 0.594127028125 0.2814335296875 0.606582525 0.2720943796875
0 0.565090865625 0.29620540625 0.5702892515625 0.2672390046875 0.5593868234375 0.2662249109375 0.545543371875 0.28085994687500004 0.5398457828125001 0.2972038078125 0.5401579453124999 0.3062510046875 0.5449048624999999 0.3097220796875 0.565090865625 0.29620540625
0 0.5492944671875 0.2776156828125 0.5351582031250001 0.2733064796875 0.5218320078125 0.2814021453125 0.5126516296875 0.2927720640625 0.5185414171875 0.31706303281250003 0.538375271875 0.3050283734375 0.5492944671875 0.2776156828125
0 0.5165510671875 0.312897225 0.5112004640625 0.2906995859375 0.49692101875 0.3000804453125 0.48906796874999997 0.3173158578125 0.49526733749999996 0.3321242796875 0.5131946875 0.322660009375 0.5165510671875 0.312897225
0 0.474064875 0.339557784375 0.49002380156249997 0.3345604078125 0.4923030953125 0.3298758375 0.4877625671875 0.320083065625 0.49298417343749995 0.3090142375 0.48660034531249996 0.3091602140625 0.47700460937500005 0.3146437828125 0.4717623625 0.32634478125 0.474064875 0.339557784375
0 0.5972112328125 0.25209434062499997 0.611094671875 0.22693009375 0.5960670703125001 0.22200957500000001 0.5824712828124999 0.229058575 0.5681299203125 0.24033594218749998 0.5649812187500001 0.253041896875 0.5675107578125 0.2593010328125 0.5728381406249999 0.2636011 0.5846718921875 0.2546972984375 0.5972112328125 0.25209434062499997
0 0.545811675 0.272641740625 0.5619357109374999 0.26258700625000003 0.5688974234375 0.24474027656250003 0.5557982578125 0.24588207343750001 0.5467197796875001 0.244826271875 0.533352309375 0.2541862765625 0.5277991921875 0.2661049484375 0.5332929734375 0.274612528125 0.545811675 0.272641740625
0 0.274220915625 0.4418270984375 0.29920904375 0.415308828125 0.293655209375 0.4070751640625 0.2868439046875 0.403386934375 0.27552195 0.410468896875 0.267965934375 0.42534490781249995 0.2616673921875 0.43567548437500003 0.2678364203125 0.4462975703125 0.274220915625 0.4418270984375
0 0.46387896250000005 0.348213784375 0.4737061984375 0.34020500625 0.47747684687499997 0.3138836109375 0.47507375625000003 0.3110555765625 0.45857709375000005 0.3152767796875 0.44823003281249996 0.3264687296875 0.4418278765625 0.3399729625 0.45028637812500005 0.35265688281249996 0.46387896250000005 0.348213784375
0 0.520186228125 0.2752053734375 0.53922548125 0.262353234375 0.5651626265624999 0.2403575375 0.5686686187500001 0.2412576390625 0.551088609375 0.22385136249999998 0.5386419828125 0.229690846875 0.527932840625 0.24006520625 0.5233028875 0.251934340625 0.511130496875 0.26381256406250003 0.520186228125 0.2752053734375
0 0.41108308281249994 0.3683753421875 0.41439290937499995 0.34640691874999996 0.41091894218749997 0.34452581250000003 0.39536866718749997 0.35157991875 0.38948464375 0.3657650296875 0.394713109375 0.37887914375 0.4006792015625 0.376618796875 0.41108308281249994 0.3683753421875
0 0.3594299859375 0.38393379375 0.36525295625 0.393276603125 0.38204129062500003 0.3843970203125 0.3822344546875 0.385699634375 0.38390688281249996 0.3850078765625 0.39030434375 0.36231533437499996 0.384015975 0.36000845 0.3724691171875 0.3599457296875 0.36037679218749996 0.3693714453125 0.3594299859375 0.38393379375
0 0.7691182484375 0.27373815156250003 0.7911284968750001 0.2588353546875 0.8156330984375 0.251855965625 0.8363138031249999 0.2546793375 0.8537678984375001 0.26434251875000003 0.8638770953125 0.2613355484375 0.86419911875 0.24380590781249997 0.8512533515625 0.23403963593750002 0.823059828125 0.23902152499999998 0.8010293859375001 0.23154484375 0.774765878125 0.238737940625 0.7496480531249999 0.256834578125 0.7404113999999999 0.27144528437500004 0.7513261890625 0.2897589046875 0.7691182484375 0.27373815156250003
0 0.3608563125 0.390636215625 0.3590782734375 0.376103890625 0.3660097484375 0.3631072875 0.35842785 0.365362515625 0.347090075 0.37533709375 0.3425147921875 0.3851570359375 0.347639534375 0.3968370265625 0.3608563125 0.390636215625
0 0.330957021875 0.4095361421875 0.3439176671875 0.403514675 0.34594864687500004 0.394967325 0.3417634046875 0.38517421875 0.3424967234375 0.3780444453125 0.336639725 0.38112766875 0.32560909374999997 0.389360346875 0.32649864375000004 0.40044323125 0.330957021875 0.4095361421875