0 0.302049215625 0.194700925 0.355647375 0.2682493359375 0.39169285 0.26058409375 0.3314247203125 0.17109794218750002 0.3100653125 0.17267687812500002 0.302049215625 0.194700925
0 0.408641290625 0.214213775 0.41754694218750005 0.1935527375 0.3794153171875 0.10796666875000001 0.341485015625 0.09416116875 0.32167979999999996 0.10669814531249999 0.37482475625 0.2081409796875 0.408641290625 0.214213775
0 0.48944667812500003 0.0721505734375 0.6112401984375 0.1372645125 0.629719509375 0.09410709843750001 0.5099300140625 0.0234871484375 0.48944667812500003 0.0721505734375
0 0.635043353125 0.14800662343749998 0.730252596875 0.202405440625 0.7498430093749999 0.16380937812500002 0.65240819375 0.11171822812500001 0.635043353125 0.14800662343749998
0 0.7538698390625 0.229698953125 0.8307257124999999 0.27741768906250003 0.8624392468750001 0.24739102656249998 0.778020478125 0.1938019140625 0.7538698390625 0.229698953125
0 0.946942403125 0.285520140625 0.8497156515625001 0.2823488171875 0.8449430124999999 0.3185284046875 0.944485175 0.31892057500000004 0.946942403125 0.285520140625
0 0.7659303671875 0.309961571875 0.7019747125 0.27629125625 0.6766038859375 0.3003125859375 0.736333315625 0.33036621093749996 0.7659303671875 0.309961571875
0 0.6032145515625 0.27183348125 0.5002174953125 0.21979631249999998 0.47884797656250006 0.2556663609375 0.5768383421875 0.3100381859375 0.6032145515625 0.27183348125
0 0.44926096718749997 0.29966618437500003 0.5537064968750001 0.3439166640625 0.576187115625 0.31260796874999996 0.46840491406250007 0.266103803125 0.44926096718749997 0.29966618437500003
0 0.430924725 0.3481251203125 0.5400429421874999 0.3909586109375 0.5541802015624999 0.3597308890625 0.4453959875 0.3159797296875 0.430924725 0.3481251203125
0 0.521043734375 0.41709465625000003 0.527059178125 0.3891462515625 0.42817251875 0.356272159375 0.42048705625 0.3888089078125 0.521043734375 0.41709465625000003
0 0.40174198437499997 0.39482126093750003 0.40240325156249995 0.415846665625 0.4187525984375 0.4280327578125 0.4897189703125 0.45386240468750005 0.5093026390625 0.4381270828125 0.487949971875 0.416845278125 0.44082891875 0.39759066718749997 0.40174198437499997 0.39482126093750003
0 0.3717736515625 0.310355234375 0.303285490625 0.2204941828125 0.2681662890625 0.23511879375000003 0.340491740625 0.3221600515625 0.3717736515625 0.310355234375
0 0.35800513125 0.38588689062500003 0.292993346875 0.292653034375 0.2533150234375 0.308991425 0.31805851406249996 0.39369471875 0.35800513125 0.38588689062500003
0 0.255309878125 0.383494565625 0.29027715625 0.42489350625 0.316681921875 0.42185469062500003 0.3255774984375 0.4082265984375 0.27870000781250004 0.3485783953125 0.2584376453125 0.337830334375 0.236273978125 0.346207590625 0.234645071875 0.3599506640625 0.255309878125 0.383494565625
0 0.2679448125 0.4834660265625 0.29046802656250004 0.480279378125 0.297962834375 0.4720444828125 0.2610581984375 0.418977621875 0.24183568906250003 0.4022833546875 0.2194479875 0.4050976796875 0.209831946875 0.4129821546875 0.2158748875 0.43036084218750004 0.22864107812499998 0.4539814015625 0.24849553281249998 0.4704840296875 0.2679448125 0.4834660265625
0 0.175718878125 0.5082516515625 0.17923678125 0.51712168125 0.25816637343750004 0.5551259015625 0.276087575 0.5460478046875 0.2804696578125 0.532463515625 0.198968028125 0.4922582109375 0.175718878125 0.5082516515625
0 0.21593015625 0.5815812765625 0.2403451015625 0.5917325250000001 0.25736332968750003 0.583590709375 0.2578638609375 0.5698585875 0.22907230312500002 0.55474121875 0.1939170453125 0.5385725875 0.1776247515625 0.5339076140625 0.167693421875 0.5395691046875 0.1597008171875 0.5522609171874999 0.16845404375 0.5621931578125 0.191334071875 0.5734723234375 0.21593015625 0.5815812765625
0 0.21393746249999998 0.6259677078125 0.2328487875 0.6265261843750001 0.24526636875 0.6078553140625 0.20736066874999998 0.5822526953125 0.17920105625 0.5669436875 0.1658873375 0.5633628296875 0.151172853125 0.5651751671875 0.140969128125 0.5762189046875 0.14859397968750002 0.5861620984375 0.1830702984375 0.6088299421875 0.21393746249999998 0.6259677078125
0 0.4767905234375 0.4657126640625 0.46952932187499996 0.4470472734375 0.3927168578125 0.423306278125 0.38188255625 0.4299040515625 0.374477634375 0.43943659999999996 0.382417775 0.451602775 0.4238468453125 0.46752501406249997 0.46338281718749996 0.47474695625 0.4767905234375 0.4657126640625
0 0.41328125 0.4859375 0.1140625 0.075
0 0.431490221875 0.5413207734375 0.334790478125 0.5129657234375 0.319648628125 0.541202365625 0.41478542812499997 0.572180915625 0.431490221875 0.5413207734375
0 0.3982810953125 0.608568621875 0.41322702343750006 0.5825409234375 0.3212625046875 0.5545411984374999 0.3081711859375 0.5821560203125 0.3982810953125 0.608568621875
0 0.3566291015625 0.6000483156249999 0.353986365625 0.6223450749999999 0.434108259375 0.6435695578125 0.44244646249999997 0.614865415625 0.3566291015625 0.6000483156249999
0 0.436399809375 0.6467783984375 0.5166025125 0.6636563984375 0.525983134375 0.6378833546875 0.4542742234375 0.6227286875 0.44089715625 0.6260687640625 0.436399809375 0.6467783984375
0 0.56479425 0.617058421875 0.49240330937500004 0.5970949984375 0.4795079140625 0.622500871875 0.5424777578125 0.6399473999999999 0.56479425 0.617058421875
0 0.4947527765625 0.5956518562500001 0.56309200625 0.61505268125 0.57969661875 0.5928210593750001 0.5114560906250001 0.5698077453125 0.5000308546875 0.5761384890625 0.4947527765625 0.5956518562500001
0 0.625549015625 0.5843370250000001 0.6265301062499999 0.5682762515625 0.552674921875 0.547323834375 0.54251800625 0.5568525203125 0.536508546875 0.573363375 0.611436128125 0.5997226812500001 0.625549015625 0.5843370250000001
0 0.643080934375 0.562898965625 0.6529955359375 0.5473534140625 0.649435846875 0.5337443984375 0.6099955484375 0.5184772 0.5639624609375 0.5112996109375 0.5588788250000001 0.5336200609375 0.5572186609374999 0.5348400171875001 0.643080934375 0.562898965625
0 0.6543699515625 0.5218587125 0.6690227328125 0.496636425 0.59399645 0.4738896078125 0.577831553125 0.4949131171875 0.609558790625 0.5096532484375 0.6543699515625 0.5218587125
0 0.599564715625 0.4636028921875 0.6665847953124999 0.4866280515625 0.6817685984375 0.48166531562500003 0.684408378125 0.469400615625 0.676795496875 0.46024502968750003 0.6534633515625 0.45084072031250005 0.616707746875 0.4365506703125 0.6021581015625 0.44311237812500004 0.599564715625 0.4636028921875
0 0.6170038484375 0.42571320156250003 0.6970061921874999 0.4598482421875 0.7192748124999999 0.43374947812500003 0.6367343515624999 0.3982345859375 0.6369781437500001 0.3992354234375 0.6170038484375 0.42571320156250003
0 0.6366400859375 0.38679898281249997 0.7188395328125 0.419909496875 0.732078903125 0.386875940625 0.6491465937500001 0.3557789453125 0.6366400859375 0.38679898281249997
0 0.657547603125 0.3410506453125 0.73808540625 0.380397146875 0.7578159062500001 0.35291853125 0.6737139796875 0.31501110312499997 0.657547603125 0.3410506453125
0 0.838460296875 0.35126195625 0.8436786703125 0.368667046875 0.865011115625 0.371870903125 0.9555755296875 0.3469150875 0.9396213453125 0.31556934375 0.8429068125000001 0.33737459531249997 0.838460296875 0.35126195625
0 0.781268096875 0.396462296875 0.7940514796875 0.4198131890625 0.8732385328125 0.40439790000000003 0.882370921875 0.3926721125 0.8687095843750001 0.3667214125 0.7939152609375 0.385103678125 0.781268096875 0.396462296875
0 0.772332315625 0.4746061609375 0.850204653125 0.44776711562499993 0.84059650625 0.41736298437499997 0.7537921375 0.438670778125 0.75642304375 0.45650226250000003 0.772332315625 0.4746061609375
0 0.6975639296875 0.53134225 0.696636625 0.5305486875 0.71015435 0.5468700296875 0.7266035171875 0.5551372953125 0.7693789359375 0.517804275 0.7735337859375 0.4997062921875 0.74214904375 0.4823545078125 0.6975639296875 0.53134225
0 0.6850173546875 0.5533167671875 0.6472194765625 0.5970219796875 0.6781659796875 0.6105658453125 0.7128888015625 0.5652853515625 0.6850173546875 0.5533167671875
0 0.61504353125 0.6517475078125 0.6388632640624999 0.6631534921875 0.6588316437499999 0.6567398359375 0.6762184703125 0.63068845 0.6748080140625 0.6128451203124999 0.6527441875 0.6066387515625 0.637071315625 0.6146158453125 0.61504353125 0.6517475078125
0 0.707744025 0.694827778125 0.683729846875 0.6806147124999999 0.6482396031250001 0.6795546640625 0.6402289624999999 0.6948810984375 0.6944118703125 0.7114097015625 0.707744025 0.694827778125
0 0.5118998375 0.70337339375 0.51077513125 0.7098048109375 0.50603695 0.719481546875 0.5089624781250001 0.7314915937500001 0.5344917265625 0.7398713765625 0.5716421359375 0.7397114671875 0.5862470484375 0.71127939375 0.5118998375 0.70337339375
0 0.09720289062500001 0.637805034375 0.16139318593750002 0.6552397187500001 0.182101821875 0.6217323890625 0.1001925609375 0.5978485296875 0.080900296875 0.6291350625 0.09720289062500001 0.637805034375
0 0 0.730033796875 0.012587092187500001 0.7318186343749999 0.0676553484375 0.7258668921875 0.0709845546875 0.693330796875 0 0.687964184375 0 0.730033796875
0 0.200418471875 0.689090021875 0.10160701406249999 0.7032912812500001 0.100824803125 0.7071110453125 0.10541049531249999 0.7179011375 0.12976716875 0.7295025500000001 0.1467068828125 0.7297394296874999 0.1872269734375 0.725333365625 0.210614384375 0.7128673078125 0.200418471875 0.689090021875
0 0.22960999218749997 0.7219532859375 0.30879704375 0.7065379984375 0.30065314062500004 0.677122859375 0.20755504062500002 0.685650734375 0.2043274953125 0.704542278125 0.22960999218749997 0.7219532859375
0 0.44975996250000005 0.6952751234375001 0.3636465 0.6912954890624999 0.36388141875 0.722392509375 0.44486929374999995 0.7254186859375 0.44975996250000005 0.6952751234375001
0 0.664175109375 0.7284606109375 0.5989573312500001 0.718860884375 0.591872515625 0.7399969140625 0.6504989812499999 0.7526702171874999 0.664175109375 0.7284606109375
0 0 0.8175247671875001 0.003616146875 0.8190166765625 0.0192168921875 0.7571880890625 0 0.753762934375 0 0.8175247671875001
0 0.03369014375 0.8049519500000001 0.0738677375 0.8031575359375 0.0545991390625 0.7541875796874999 0.017984190625 0.7595589484375 0.03369014375 0.8049519500000001
0 0.08407901718750001 0.80450378125 0.11493273749999999 0.8015960140624999 0.100106215625 0.7537867921875 0.062809234375 0.754349403125 0.061977673437500005 0.7599754125 0.08407901718750001 0.80450378125
0 0.12888422500000002 0.757384315625 0.13824414062499998 0.8018357015625 0.1747603875 0.8000768234375 0.1650101078125 0.755027303125 0.12888422500000002 0.757384315625
0 0.180620690625 0.7479576609375 0.1962772953125 0.79515690625 0.2301088515625 0.7924208796875 0.21708906875 0.7429889968750001 0.180620690625 0.7479576609375
0 0.23717339843750002 0.7388617640625 0.2354490953125 0.7920482703125 0.2753335453125 0.7910592656250001 0.2701748734375 0.7367357140624999 0.23717339843750002 0.7388617640625
0 0.3309231828125 0.7448463624999999 0.32456235312500004 0.79406505625 0.36244562343750003 0.7918916265625 0.3698309796875 0.7448700390624999 0.3309231828125 0.7448463624999999
0 0.3985755390625 0.7472550734375 0.36623821875 0.7933998796874999 0.391670065625 0.80070555625 0.42473894999999995 0.7572338281250001 0.3985755390625 0.7472550734375
0 0.412261971875 0.8075348328124999 0.42910446406249997 0.8063681703125001 0.4565031125 0.7661747734375 0.42116092031249996 0.7596959921875001 0.4015246828125 0.7986102109375001 0.412261971875 0.8075348328124999
0 0.489015790625 0.7813932328125001 0.46060592656250005 0.77424525 0.431206096875 0.8132542265625 0.45927346562500004 0.8230138625000001 0.489015790625 0.7813932328125001
0 0.5230717125 0.78903035625 0.49554128124999997 0.7794661515625 0.465263496875 0.8158753171875001 0.4880093546875 0.82689044375 0.5230717125 0.78903035625
0 0.5501736687500001 0.7999939640625 0.5291851984375 0.7891624234375 0.49583087812500004 0.8290123406250001 0.5233598296874999 0.8435925765625001 0.5501736687500001 0.7999939640625
0 0.5938364578125 0.8089133437499999 0.5599106359375 0.8002137687499999 0.53705276875 0.837955409375 0.561653234375 0.8505576593749999 0.5938364578125 0.8089133437499999
0 0.628206246875 0.818285959375 0.594802575 0.8599421203125001 0.62368769375 0.87071746875 0.651732834375 0.8304973515625 0.628206246875 0.818285959375
0 0.13328751562500002 0.8641879921875001 0.17388755625000002 0.8510559453125 0.16691179375 0.8334672703124999 0.090007440625 0.8470851968750001 0.0983119375 0.86630941875 0.13328751562500002 0.8641879921875001
0 0.2610683453125 0.8253066234374999 0.1846661671875 0.8330705375 0.192421184375 0.8568715109375 0.26643033437499997 0.852341071875 0.2610683453125 0.8253066234374999
0 0.271490146875 0.8368347078125 0.2812956953125 0.860013859375 0.328308396875 0.8561467046875 0.3478385390625 0.845925128125 0.35092099062500004 0.8224202578125 0.2690522078125 0.826826334375 0.271490146875 0.8368347078125
0 0.3572773078125 0.8408425156250001 0.3754345125 0.8510996140625 0.4088727453125 0.8577975140625 0.42884112500000005 0.85138385625 0.422255728125 0.834393315625 0.3670932078125 0.8289094531250001 0.3572773078125 0.8408425156250001
0 0.43514708593750007 0.8533699265625 0.42152474531250006 0.860725196875 0.42698839218750007 0.8741150953125001 0.442462384375 0.8783790125 0.47468312656249995 0.875056696875 0.48151971250000003 0.8679679234375 0.473470071875 0.8499883875 0.43514708593750007 0.8533699265625
0 0.7106942468749999 0.7202012328125 0.765171778125 0.7309083984375 0.7772356125 0.7111285328125 0.7225142875 0.69942053125 0.7106942468749999 0.7202012328125
0 0.6762306437500001 0.7665061984375 0.7161629656249999 0.768726978125 0.7313526875 0.7437001203125 0.6668184187499999 0.73389311875 0.6547545859375 0.753672984375 0.6762306437500001 0.7665061984375
0 0.7578358453125 0.7517340109374999 0.746654403125 0.759065590625 0.7450406296875001 0.7685113640625 0.7581215953125 0.77600875625 0.7837495453125001 0.7807760499999999 0.79981130625 0.778413121875 0.8086041578125001 0.7592669234375 0.7578358453125 0.7517340109374999
0 0.45331759375 0.8903774656250001 0.46708943124999996 0.891171728125 0.4765883625 0.8861924999999999 0.4951025140625 0.8832290609375001 0.5006587203125 0.875689925 0.496206415625 0.8657734734375 0.48491825625 0.8643364953124999 0.4826301 0.865472203125 0.475628696875 0.873891421875 0.4676210671875 0.8747733343749999 0.45536822499999996 0.8780471750000001 0.44383889375 0.8777879000000001 0.44466435468750004 0.885821853125 0.45331759375 0.8903774656250001
0 0.5066586281250001 0.894746825 0.5025973703125 0.8858163578125 0.4976161671875 0.88301908125 0.4887803421875 0.8851462578125 0.47362234374999995 0.8891906265625 0.46194176875000004 0.8914072703125001 0.4522039484375 0.8898315218749999 0.4381291640625 0.8955356328124999 0.446386340625 0.91611715625 0.453414071875 0.9205029625 0.46533627343750006 0.915562078125 0.48660570468750003 0.9096644203125 0.48881914843749996 0.9066735984375001 0.496827234375 0.90424515 0.5046849859375 0.90119955 0.5066586281250001 0.894746825
0 0.519282321875 0.8588571609375 0.5268442765625 0.8495147968750001 0.5202483 0.8404814843749999 0.47748655624999997 0.8264780875 0.4733933640625 0.8277193453124999 0.46654280625 0.832248671875 0.4625315203125 0.8389818609375 0.4744311296875 0.8491652343749999 0.49622913124999996 0.8578793609375 0.511095934375 0.861339678125 0.519282321875 0.8588571609375
0 0.6748967328125001 0.847219690625 0.678159459375 0.8296799625 0.6554837124999999 0.823377421875 0.6305817359375 0.8603517015625 0.6540507921875001 0.8673331328125 0.6748967328125001 0.847219690625
0 0.604370965625 0.9452283843749999 0.6168168921875 0.9439060609375 0.6381183874999999 0.93683341875 0.6460565203125 0.9264575203125001 0.6461869734375 0.9089481906250001 0.5949804671875001 0.9238635609375001 0.604370965625 0.9452283843749999
0 0.513216215625 0.8941038062500001 0.4960066484375 0.9042263921875 0.46985960625 0.9146073671874999 0.4710265609375 0.9228351296874999 0.48418135625 0.9252821750000001 0.50067825625 0.9242638328125 0.5189728687499999 0.916877078125 0.528790621875 0.9056246968749999 0.5239488703124999 0.8960594171875 0.513216215625 0.8941038062500001
0 0.7040928765625 0.8356075921875 0.6801530828125 0.8670798078124999 0.6950186203125 0.8748313296875001 0.7065880671875 0.8716293875 0.7165709 0.8670696640625 0.7258883468749999 0.8529041265625 0.73190464375 0.8449499453125 0.7227189140625 0.8373149484375 0.7040928765625 0.8356075921875
0 0.803232575 0.7175817140625 0.788657509375 0.7161783374999999 0.7779210578125 0.727096340625 0.7922428078125 0.7377711484375 0.8092809671875001 0.7424119265625 0.827698440625 0.7432630687499999 0.8381828421874999 0.7373252953125 0.8384348921875 0.7323450671875 0.827913334375 0.7226632625 0.803232575 0.7175817140625
0 0.8558365765625 0.77886435 0.8525814390625 0.7706568515625001 0.8184629015624999 0.762920534375 0.810442859375 0.76780450625 0.8044265640624999 0.7757586890625 0.80459164375 0.7824513453125 0.8161585609375 0.7878318125 0.834491596875 0.7917734328125 0.8486507953125001 0.7871731765625001 0.8558365765625 0.77886435
0 0.737324809375 0.8757939234375 0.748353 0.8669328609375 0.753618209375 0.85675455 0.752159515625 0.8464698453124999 0.7464809734375 0.8420621171875 0.7323230390625 0.8423711703125001 0.7269746593749999 0.85134875625 0.720248228125 0.8598247718750001 0.7136471906249999 0.8679562765625001 0.705794759375 0.870950496875 0.710010815625 0.877947134375 0.7216621703125 0.880237121875 0.737324809375 0.8757939234375
0 0.759083125 0.8774708796875 0.76868978125 0.8739446937500001 0.779050053125 0.864060228125 0.78260325625 0.8528686453125 0.7802246 0.8465407671875 0.7710376046875 0.843196975 0.7587170703125 0.844174784375 0.756585403125 0.8500314937500001 0.754411515625 0.8574334421875 0.751486540625 0.8626112578124999 0.745888640625 0.8679866640625 0.7406246984375 0.873873771875 0.7471387671875 0.8774151531250001 0.759083125 0.8774708796875
0 0.7020190765625001 0.9284891109375 0.7120428624999999 0.9266753515625 0.7134234421875 0.9185945125 0.7101683046875 0.910387015625 0.6947589796875 0.9055587828125 0.6664008921875 0.9077221249999999 0.66238960625 0.9144553140625 0.66134425 0.9187566515625001 0.6623870765625 0.923037725 0.6696112796875 0.9260572703125 0.6780049671875 0.9287221718750001 0.6899493265625 0.928777896875 0.7020190765625001 0.9284891109375
0 0.7459528359375 0.9335554531250001 0.758439715625 0.9349790953125 0.767127671875 0.9311185296875 0.7679644640625 0.9259609781249999 0.7680079484375 0.9201245359374999 0.7666733828125001 0.9137865234375001 0.7585726984375001 0.908887359375 0.744456984375 0.9076511703125 0.7280023015625 0.9071242765624999 0.7239500624999999 0.9111115 0.7206079578125 0.914576890625 0.718852465625 0.9194000625 0.7255751 0.9237976578125 0.7314212546875 0.926315634375 0.7402742921875001 0.929147725 0.7459528359375 0.9335554531250001