0 0.4849111296875 0.8830612 0.49600386875 0.8604795546874999 0.48570346875 0.8319553703125001 0.4524252546875 0.830172609375 0.3383285171875 0.8586967921875001 0.3383285171875 0.893163515625 0.347044240625 0.9157451609375 0.4849111296875 0.8830612
0 0.6061389125 0.8521600015624999 0.6259473734375 0.84146343125 0.6259473734375 0.820664546875 0.613269959375 0.804025440625 0.5887074671875 0.8034311859375001 0.51660466875 0.824824325 0.5086812828125 0.856319778125 0.5292820828125 0.8711761234375001 0.6061389125 0.8521600015624999
0 0.6980501734375 0.8319553703125001 0.7741146640625 0.8170990249999999 0.7852074015625 0.7998656625 0.7749070015624999 0.779066778125 0.7535138640625 0.7719357328124999 0.686957434375 0.7873863328125 0.676657034375 0.8028369328125 0.6853727578125001 0.82007029375 0.6980501734375 0.8319553703125001
0 0.8398787546875001 0.7974886484375 0.864441246875 0.799271409375 0.8779110015624999 0.7957058875 0.8842497078125 0.786792078125 0.8866267234375 0.7707472265625 0.8771186625 0.762427671875 0.8549331859375 0.754702371875 0.8335400484375001 0.7457885640625 0.8184856171874999 0.7404402796875 0.796300140625 0.7333092328124999 0.7828303859375 0.7398460265625 0.7749070015624999 0.7642104328125 0.7828303859375 0.7737184953125 0.8398787546875001 0.7974886484375
0 0.7947154640625 0.7243954265625 0.8145239249999999 0.73568625 0.832747709375 0.7469770718750001 0.85097149375 0.756485134375 0.8699876171875 0.759456403125 0.8858343859375 0.75232535625 0.8937577703124999 0.7404402796875 0.8913807546875001 0.7261781875 0.8755339859375001 0.717858634375 0.8596872171875001 0.7059735578125 0.8382940781249999 0.6958712421875 0.8145239249999999 0.68160915 0.7970924796875 0.6857689265625 0.7891690953125 0.6988425125 0.7875844171875 0.7125103484374999 0.7947154640625 0.7243954265625
0 0.8010541703125 0.6804206421875 0.8208626328124999 0.6822034046875001 0.8351247234375 0.676260865625 0.8398787546875001 0.6619987734375 0.8359170625000001 0.6489251890625 0.8208626328124999 0.6394171281250001 0.8097698937500001 0.6251550359375 0.793923125 0.6180239890625 0.773322325 0.608515928125 0.7550985421874999 0.6120814515624999 0.74717515625 0.6328803359374999 0.7582678953124999 0.64951944375 0.8010541703125 0.6804206421875
0 0.7566832171875 0.59544234375 0.775699340625 0.6097044359375 0.7947154640625 0.6209952578125 0.806600540625 0.6245607828125 0.8192779546875 0.619212496875 0.8256166640625 0.6097044359375 0.8264090015625 0.5972251046875 0.8161086015624999 0.5859342828125 0.8034311859375001 0.5758319671875001 0.7717376484375 0.5496847984375 0.7455904796875 0.5520618140625 0.7360824187499999 0.571672190625 0.7424211265625 0.5829630140625001 0.7566832171875 0.59544234375
0 0.20759267343749999 0.9222819546875 0.1901612265625 0.9294129999999999 0.16559873593750002 0.9407038234374999 0.1766914734375 0.9567486765625001 0.2147237203125 0.9490233765625 0.2860341796875 0.9300072531250001 0.3280281171875 0.9187164296875 0.33119747187500004 0.8949462765625 0.3280281171875 0.8741473921875 0.3098043328125 0.8658278390625 0.2828648265625 0.8687991078125 0.22343944218749998 0.8842497093749999 0.20996968906250002 0.8925692625 0.2155160578125 0.9115853843749999 0.20759267343749999 0.9222819546875
0 0.2147237203125 0.7850093171875 0.2789031328125 0.725583934375 0.3010886109375 0.6934942265624999 0.28999587187500003 0.674478103125 0.2598870109375 0.6679413109375 0.23373984218750002 0.6863631796874999 0.1584676890625 0.7576736421875 0.1600523671875 0.779066778125 0.19253824218749999 0.7927346171874999 0.2147237203125 0.7850093171875
0 0.4239010703125 0.7035965421875 0.5078889453125 0.691711465625 0.5205663609375 0.68458041875 0.5189816828125 0.6685355656249999 0.5142276531250001 0.65546198125 0.5023425765625 0.6459539203125 0.41597768593750006 0.6590275046875 0.40250793125 0.6691298203125 0.3969615625 0.6833919109375 0.40488494687500004 0.697654003125 0.4239010703125 0.7035965421875
0 0.6354554359375 0.7136988578125 0.655263896875 0.710133334375 0.6750723578125 0.70775631875 0.681411065625 0.69408848125 0.671110665625 0.6756666109375 0.6520945421875 0.673289596875 0.5958385140625 0.6822034046875001 0.5958385140625 0.69408848125 0.5998002046875001 0.7089448265625 0.6101006046874999 0.7154816187499999 0.6354554359375 0.7136988578125
0 0.5894998046875 0.6340688421875 0.5855381140625 0.64773668125 0.587915128125 0.66318728125 0.6021772203125 0.6691298203125 0.6457558359375 0.6691298203125 0.686957434375 0.65367921875 0.6861650953125 0.6340688421875 0.6647719578125 0.61980675 0.6101006046874999 0.6299090656249999 0.5894998046875 0.6340688421875
0 0.6101006046874999 0.6180239890625 0.6417941421875 0.6150527203125 0.671110665625 0.61267570625 0.6742800203125 0.6013848828125 0.675864696875 0.585340028125 0.66318728125 0.5758319671875001 0.6362477734375 0.5782089828125 0.6037618984375 0.5788032375000001 0.5807840828125 0.58177450625 0.574445375 0.6043561515625 0.587122790625 0.6186182437500001 0.6101006046874999 0.6180239890625
0 0.5134353140625 0.6310975734375 0.5134353140625 0.6174297359375001 0.50630426875 0.6019791359375 0.4928345140625 0.59544234375 0.4658950078125 0.5990078671875 0.4405401765625 0.6013848828125 0.41518534687499997 0.6013848828125 0.3922075328125 0.6049504046874999 0.38428414843750003 0.6257492890624999 0.4009232546875 0.6483309359375 0.43578614687500006 0.644171159375 0.4714413765625 0.64298265 0.49917322343750004 0.6382286203125 0.5134353140625 0.6310975734375
0 0.2258164578125 0.67388385 0.2598870109375 0.6459539203125 0.2812801484375 0.6275320515625 0.2773184578125 0.6102986890625 0.25592531875 0.59544234375 0.24007855 0.5972251046875 0.20917734999999998 0.61980675 0.175106796875 0.6447654125 0.159260028125 0.6584332515625 0.1560906734375 0.67685511875 0.175106796875 0.6928999734375 0.20046162656250002 0.6934942265624999 0.2258164578125 0.67388385
0 0.169560428125 0.5710779359375 0.145790275 0.585340028125 0.13707455156249998 0.5978193593750001 0.15371365937499998 0.6120814515624999 0.1703527671875 0.6245607828125 0.1996692890625 0.6180239890625 0.25037895 0.5859342828125 0.28761885625 0.5580043531250001 0.2487942734375 0.528362971875 0.20204630468749998 0.5538445750000001 0.169560428125 0.5710779359375
0 0.41518534687499997 0.5889768625 0.457179284375 0.58600559375 0.4849111296875 0.5836285765625 0.49838088437500006 0.572932009375 0.4967962078125 0.5545101390625 0.4888728234375 0.542030809375 0.46668734531249995 0.5432193171875 0.39141519375 0.5438135703125 0.3716067328125 0.5568871546875 0.37081439375 0.5741205171875 0.3850764859375 0.58600559375 0.41518534687499997 0.5889768625
0 0.4199393765625 0.5426250625 0.457179284375 0.542030809375 0.488080484375 0.539059540625 0.4920421765625 0.5230146859375 0.4849111296875 0.5039985625 0.47064903906250005 0.498056025 0.43816316093749996 0.49567901093750005 0.3826994703125 0.4962732640625 0.3692297171875 0.505781325 0.3668527015625 0.5277687171875 0.3866611625 0.53787103125 0.4199393765625 0.5426250625
0 0.7408364484375001 0.531334240625 0.7622295875 0.5295514781249999 0.7812457109375 0.5176664015625 0.759852571875 0.4766628875 0.749552171875 0.46061803437500004 0.723405003125 0.4546754953125 0.7059735578125 0.45883527187500006 0.7043888796875 0.474285871875 0.7249896796875 0.518854909375 0.7408364484375001 0.531334240625
0 0.6584332500000001 0.5693664843749999 0.6726953421874999 0.5580756625000001 0.6679413109375 0.5426250625 0.6544715578125 0.532522746875 0.5728606984375 0.5331170015625 0.5681066671874999 0.5509446171875 0.5784070671875 0.5699607390625 0.6108929437499999 0.572932009375 0.6584332500000001 0.5693664843749999
0 0.5538445750000001 0.4998387859375 0.5570139296875001 0.521231925 0.5704836828125 0.5265802093749999 0.629116728125 0.5277687171875 0.644963496875 0.524797446875 0.650509865625 0.5170721484375 0.6497175265624999 0.5045928171875 0.6362477734375 0.4933019953125 0.618816328125 0.490330725 0.561767959375 0.49151923281250004 0.5538445750000001 0.4998387859375
0 0.5776147296875 0.48379393281249994 0.613269959375 0.487953709375 0.63228608125 0.4861709484375 0.6410018046875 0.47844564843750004 0.6378324515625 0.46418355624999996 0.629116728125 0.45170422656250003 0.6140622984374999 0.4522984796875 0.60059254375 0.45051571875 0.561767959375 0.4487329578125 0.5451288515625 0.4522984796875 0.545921190625 0.4677490796875 0.5538445750000001 0.48082266406249996 0.5776147296875 0.48379393281249994
0 0.1624293828125 0.5093468484375 0.1481672890625 0.5236089390625 0.1521289828125 0.53965379375 0.1743144578125 0.552133125 0.1917459046875 0.5509446171875 0.221854765625 0.5331170015625 0.2654333796875 0.49865027968750003 0.2789031328125 0.48498244062499996 0.2709797484375 0.47309736406249997 0.25037895 0.45764676406250004 0.23532451875 0.46061803437500004 0.1790684890625 0.4968675171875 0.1624293828125 0.5093468484375
0 0.24087088906249998 0.3976390125 0.2250241203125 0.392290728125 0.1711451046875 0.424380434375 0.1442055984375 0.44220804999999996 0.14103624374999998 0.4570643953125 0.1584676890625 0.4760805171875 0.1893688890625 0.4790399015625 0.25592531875 0.43983103437500004 0.26622571875 0.4231919265625 0.2630563640625 0.4124953578125 0.24087088906249998 0.3976390125
0 0.44767122343750004 0.4534988734375 0.46114097656249997 0.444585065625 0.45876396093749994 0.42140916562499997 0.4429171921875 0.41427811875 0.357344640625 0.4095240890625 0.342290209375 0.42022065781249995 0.3430825484375 0.442802303125 0.362891009375 0.4534988734375 0.44767122343750004 0.4534988734375
0 0.5752377140625 0.442802303125 0.618816328125 0.4457735734375 0.6338707578125 0.43745401875 0.634663096875 0.4231919265625 0.6283243890625 0.4095240890625 0.5998002046875001 0.40536431093749997 0.55859860625 0.4017987890625 0.543544175 0.4023930421875 0.5324514375 0.4095240890625 0.5348284515625 0.43151148125 0.5482982062499999 0.4404252890625 0.5752377140625 0.442802303125
0 0.7043888796875 0.4332942421875 0.728159034375 0.43151148125 0.7329130640625 0.42140916562499997 0.7297437109375 0.40358155 0.717858634375 0.38694244375000003 0.7051812187500001 0.3732746046875 0.6845804203125 0.37386885937500003 0.676657034375 0.3815941578125 0.68933445 0.4231919265625 0.7043888796875 0.4332942421875
0 0.6679413109375 0.361389528125 0.6806187265625 0.364360796875 0.7020118656250001 0.3655493046875 0.7083505734375 0.35306997500000004 0.7107275890625 0.338213628125 0.69963485 0.3186032515625 0.6885421109375 0.3073124296875 0.6798263890625 0.3007756375 0.6600179265625 0.298398621875 0.6465481734375 0.3073124296875 0.6544715578125 0.3239515359375 0.665564296875 0.3465331828125 0.6679413109375 0.361389528125
0 0.5364131296875 0.392290728125 0.5482982062499999 0.398233265625 0.5633526359375 0.39585625156250004 0.587915128125 0.398233265625 0.6061389125 0.39942177343749996 0.6156469734375001 0.392290728125 0.6140622984374999 0.37862288906249997 0.6093082671875 0.3679263203125 0.5974231890625 0.3649550515625 0.5855381140625 0.3602010203125 0.5443365140624999 0.358418259375 0.5269050671875 0.3649550515625 0.52769740625 0.3792171421875 0.5364131296875 0.392290728125
0 0.3533829484375 0.40001602812500003 0.38032245468750003 0.402987296875 0.4239010703125 0.40833558124999997 0.4492559 0.40595856562500005 0.45876396093749994 0.39645050312499996 0.46114097656249997 0.3827826671875 0.451632915625 0.36911482812499996 0.41597768593750006 0.3631722890625 0.3866611625 0.3619837828125 0.354967625 0.3619837828125 0.3383285171875 0.37149184375 0.33912085625 0.39110221875 0.3533829484375 0.40001602812500003
0 0.135489875 0.379811396875 0.1600523671875 0.39645050312499996 0.185407196875 0.398233265625 0.24641725781249998 0.35722975 0.26067935000000003 0.34059064375000003 0.2511712890625 0.3257342984375 0.21947774999999997 0.3132549671875 0.1624293828125 0.3423734046875 0.13628221406250002 0.3619837828125 0.135489875 0.379811396875
0 0.5839534359375 0.3132906234375 0.592669159375 0.299622784375 0.587122790625 0.2865492 0.5681066671874999 0.2788239 0.5364131296875 0.273475615625 0.51660466875 0.273475615625 0.50630426875 0.2829836765625 0.5086812828125 0.2966515140625 0.519774021875 0.306718175 0.5443365140624999 0.3091308453125 0.566521990625 0.3115078609375 0.5839534359375 0.3132906234375
0 0.5815764203125 0.3501343609375 0.60059254375 0.3471630921875 0.6053465734375 0.3293354765625 0.5902921437499999 0.31507338281249997 0.5704836828125 0.3121021140625 0.5261127296875 0.3097250984375 0.51660466875 0.3168561453125 0.5221510375 0.33884353749999996 0.5372054671875001 0.34478607499999997 0.5815764203125 0.3501343609375
0 0.5189816828125 0.2664634203125 0.5538445750000001 0.2730002125 0.5696913453125 0.2724059578125 0.574445375 0.2516070734375 0.5657296515625 0.24091050625000002 0.52769740625 0.230808190625 0.488080484375 0.224152546875 0.47461072968750007 0.2336606078125 0.472233715625 0.246258790625 0.4801571 0.25754961249999997 0.5189816828125 0.2664634203125
0 0.3771531015625 0.236750728125 0.420731715625 0.24388177500000002 0.4452942078125 0.2510128203125 0.4603486390625 0.24685304375 0.46193331562499995 0.22545990625 0.4452942078125 0.2147633359375 0.4294474390625 0.2005012453125 0.3779454390625 0.18445639062500002 0.358136978125 0.18742766093750002 0.34625190156249996 0.2034725140625 0.3517982703125 0.2248656515625 0.3771531015625 0.236750728125
0 0.1885765515625 0.27537722656249997 0.23572068906250002 0.2712174515625 0.253548303125 0.261709390625 0.25434064218749997 0.24388177500000002 0.24245556562499998 0.23140244375000002 0.22898581093749998 0.22664841249999998 0.1980846125 0.229025428125 0.1679757515625 0.229025428125 0.133112859375 0.23437371406250002 0.125189475 0.24685304375 0.13390519843749998 0.2664634203125 0.1552983359375 0.27597148125 0.1885765515625 0.27537722656249997
0 0.1703527671875 0.1785138515625 0.14103624374999998 0.1802966140625 0.12360479843750001 0.182079375 0.112512059375 0.1915874375 0.1133043984375 0.20763229062500002 0.1267741515625 0.2218943828125 0.1481672890625 0.2272426671875 0.16639107343749998 0.226054159375 0.21947774999999997 0.2248656515625 0.24087088906249998 0.220705875 0.24562491875 0.205849528125 0.23373984218750002 0.18445639062500002 0.2083850109375 0.17910810625 0.1917459046875 0.1779195984375 0.1703527671875 0.1785138515625
0 0.1584676890625 0.135133321875 0.133112859375 0.1375103375 0.117266090625 0.1458298921875 0.11647375156249999 0.15830922187500002 0.128358828125 0.1755425828125 0.14499793593750002 0.1797023609375 0.159260028125 0.18148512187500002 0.1711451046875 0.1779195984375 0.20996968906250002 0.174354075 0.2361168578125 0.17138280625 0.24562491875 0.163063253125 0.2448325796875 0.147612653125 0.22819347343750002 0.1333505609375 0.20759267343749999 0.129190784375 0.1782761515625 0.1315677984375 0.1584676890625 0.135133321875
0 0.0586330453125 0.057286068749999995 0.061802398437499996 0.0994780921875 0.059425382812500004 0.11255167656250001 0.0689334453125 0.11611719843749999 0.0776491671875 0.108986153125 0.13073584375 0.119682721875 0.1418285828125 0.127408021875 0.1545059984375 0.1232482453125 0.1766914734375 0.118494215625 0.17986082812499998 0.1018551078125 0.1671834125 0.07630219218749999 0.10696569062500001 0.0632286078125 0.0800261828125 0.06501136874999999 0.0586330453125 0.057286068749999995
0 0.053086676562500004 0.032327409375 0.053879014062499994 0.059663084374999995 0.07606449062500001 0.06679413125 0.10300399843750001 0.06560562343750001 0.10934270625 0.057880323437500006 0.0982499671875 0.0406469625 0.049917321875 0.025196362500000003 0.007923384375 0.018659570312500002 0.053086676562500004 0.032327409375
0 0.8240319859374999 0.316143040625 0.8375017390625 0.3119832640625 0.8256166640625 0.28999587187500003 0.8073928796875001 0.28167631718749997 0.7780763562499999 0.2763280328125 0.7646066015625 0.28761885625 0.7741146640625 0.3066349796875 0.7907537718750001 0.3119832640625 0.8240319859374999 0.316143040625
0 0.8771186625 0.3280281171875 0.8985118 0.3173315484375 0.89296543125 0.31079475625 0.88266503125 0.2995039328125 0.8604795546874999 0.294749903125 0.8470098015625 0.2923728875 0.8335400484375001 0.30544647187499996 0.8478021390625001 0.320897071875 0.8771186625 0.3280281171875
0 0.9452597687500001 0.2971269171875 0.98725370625 0.2798935578125 0.9920077375 0.2727625109375 0.9595218609374999 0.26622571875 0.9278283234375 0.2691969875 0.9151509078125001 0.279299303125 0.9230742921875 0.2923728875 0.9452597687500001 0.2971269171875
0 0.9088122000000001 0.2923728875 0.9238666296875 0.285241840625 0.9103968765625 0.265631465625 0.8890037390625001 0.25612340312500004 0.8691952781250001 0.25909467343750003 0.8739493078124999 0.2787050484375 0.8882114 0.2858360953125 0.9088122000000001 0.2923728875
0 0.8501791546874999 0.2787050484375 0.8699876171875 0.2781107953125 0.8715722921875001 0.263848703125 0.8478021390625001 0.2448325796875 0.8192779546875 0.2436440734375 0.8073928796875001 0.2537463875 0.82007029375 0.269791240625 0.8501791546874999 0.2787050484375
0 0.7812457109375 0.25850041875 0.796300140625 0.25077511874999997 0.7931307859375 0.23532451875 0.7764916796875 0.2240336953125 0.7519291875 0.21690265000000003 0.7321207265624999 0.22165668125 0.728159034375 0.231758996875 0.7360824187499999 0.24780385 0.7812457109375 0.25850041875
0 0.7265743578125 0.2293819796875 0.7186509734375 0.213337128125 0.6695259890624999 0.20204630468749998 0.6695259890624999 0.2032348109375 0.6584332500000001 0.21393138125000002 0.6663566359375 0.23294750312499998 0.7170662953125 0.24304981875 0.7265743578125 0.2293819796875
0 0.584745775 0.211554365625 0.6251550359375 0.2240336953125 0.6441711578125 0.2228451890625 0.6481328515625 0.2050175734375 0.6386247890625001 0.196103765625 0.6267397124999999 0.185407196875 0.6013848828125 0.1753048828125 0.5791994046875 0.1764933890625 0.572068359375 0.1842186890625 0.5736530359375 0.2014520515625 0.584745775 0.211554365625
0 0.4761954078125 0.1705508515625 0.4928345140625 0.1753048828125 0.5055119296874999 0.1657968203125 0.5102659609375 0.14975196562499998 0.488080484375 0.13608412812499998 0.47540306875000005 0.1259818125 0.4294474390625 0.11112546718750001 0.4143930078125 0.12301054375 0.41360067031250003 0.1414324140625 0.431032115625 0.15569450625 0.4761954078125 0.1705508515625
0 0.2749414421875 0.040504340625 0.25513297968750004 0.039910087500000004 0.24007855 0.052983671875000006 0.2384938734375 0.0672457640625 0.25434064218749997 0.08329061875 0.31693537968749996 0.1141918171875 0.33674384062499996 0.12132286249999999 0.347044240625 0.112313975 0.35021359375 0.09161017187500001 0.3359515015625 0.079130840625 0.31693537968749996 0.0648687484375 0.2749414421875 0.040504340625
0 0.11568141406250002 0.000689334375 0.13628221406250002 0.011385903125000001 0.1758991359375 0.0357503109375 0.1996692890625 0.0506066578125 0.221854765625 0.0541721796875 0.2384938734375 0.0387215796875 0.23532451875 0.024459487499999998 0.19491525781250002 0 0.11568141406250002 0.000689334375
0 0.23136282656249998 0 0.2654333796875 0.016734189062499998 0.2749414421875 0 0.23136282656249998 0
0 0.29554224218749997 0 0.2860341796875 0.0274307578125 0.3272357796875 0.0464468796875 0.3414978703125 0.00009508125000000001 0.29554224218749997 0
0 0.488080484375 0.10468375468749999 0.49521152968750004 0.096364203125 0.488080484375 0.060708971875 0.4769877453125 0.0482296421875 0.457179284375 0.0393158328125 0.441332515625 0.04941815 0.457179284375 0.092204425 0.4714413765625 0.1017124859375 0.488080484375 0.10468375468749999
0 0.4944191921875 0.092798678125 0.49600386875 0.10349524843749999 0.5189816828125 0.1124090546875 0.530074421875 0.11062629375 0.5340361140625001 0.10290099374999999 0.5261127296875 0.0725940484375 0.51660466875 0.0577377015625 0.4928345140625 0.0506066578125 0.483326453125 0.0589262109375 0.4912498375 0.071405540625 0.4944191921875 0.092798678125
0 0.535620790625 0.092798678125 0.5419594984375 0.107060771875 0.572068359375 0.1141918171875 0.5760300515625 0.09517569375 0.5681066671874999 0.07318830312499999 0.5530522359375001 0.0624917328125 0.5324514375 0.0535779265625 0.5181893453125 0.0654630015625 0.5269050671875 0.071405540625 0.535620790625 0.092798678125
0 0.5681066671874999 0.079130840625 0.5768223906250001 0.0939871875 0.5728606984375 0.10765502499999999 0.5799917437500001 0.11775734062500001 0.6069312515624999 0.12429413125 0.613269959375 0.1094377859375 0.608515928125 0.0862618875 0.5990078671875 0.07556531875 0.5768223906250001 0.06605725625 0.5673143296875 0.0648687484375 0.5633526359375 0.0708112875 0.5681066671874999 0.079130840625
0 0.6061389125 0.09101591718749999 0.6116852828125 0.10290099374999999 0.6077235890625 0.1171630859375 0.6108929437499999 0.12429413125 0.6330784203125 0.1308309234375 0.6425864812500001 0.12429413125 0.6417941421875 0.1058722625 0.63228608125 0.0826963640625 0.6101006046874999 0.07318830312499999 0.60059254375 0.0719997953125 0.598215528125 0.07972509375 0.6061389125 0.09101591718749999
0 0.6489251890625 0.1189458484375 0.650509865625 0.1308309234375 0.6695259890624999 0.1367734625 0.6877497734375 0.1201343546875 0.6822034046875001 0.099335471875 0.6703183265625 0.08745039375 0.6489251890625 0.080913603125 0.6362477734375 0.092798678125 0.6433788203125 0.10468375468749999 0.6489251890625 0.1189458484375
0 0.8216549703125 0.1718344390625 0.832747709375 0.1593551078125 0.824824325 0.1367734625 0.8129392484375 0.1272654015625 0.796300140625 0.120728609375 0.7788686953124999 0.12607689375 0.7891690953125 0.146875778125 0.79867715625 0.16529764687499998 0.8216549703125 0.1718344390625
0 0.8390864171875 0.136179209375 0.817693278125 0.1278596546875 0.8137315859375001 0.1409332390625 0.8279936781250001 0.14865853906249998 0.8264090015625 0.1742114546875 0.8343323859374999 0.1825310078125 0.8517638328125001 0.1831252625 0.8517638328125001 0.157572346875 0.8390864171875 0.136179209375
0 0.8438404484375001 0.1718344390625 0.8462174625 0.1813425015625 0.87236463125 0.188473546875 0.8779110015624999 0.1777769765625 0.8731569703125001 0.160543615625 0.864441246875 0.1504413015625 0.8493868171875001 0.1409332390625 0.8398787546875001 0.146875778125 0.8470098015625 0.157572346875 0.8438404484375001 0.1718344390625
0 0.9262436453125 0.1456872703125 0.9444674296875 0.1528183171875 0.957937184375 0.1439045078125 0.9611065375000001 0.1326136859375 0.9397133999999999 0.125482640625 0.9214896156249999 0.120728609375 0.9127738921875 0.1266711484375 0.9096045390624999 0.136179209375 0.9262436453125 0.1456872703125
0 0.9809149984375001 0.1641091390625 0.9888383828125 0.1528183171875 0.9817073374999999 0.1439045078125 0.969029921875 0.1343964484375 0.9523908140625 0.14925279375 0.9618988765625 0.1593551078125 0.9809149984375001 0.1641091390625
0 0.8398787546875001 0.0856676328125 0.8303706937499999 0.09161017187500001 0.832747709375 0.10349524843749999 0.8549331859375 0.1135975625 0.8715722921875001 0.120728609375 0.8818726921875 0.11003204062500001 0.8897960765624999 0.099335471875 0.8787033390625 0.09101591718749999 0.86127189375 0.0880446484375 0.8398787546875001 0.0856676328125
0 0.7970924796875 0.0880446484375 0.8216549703125 0.0981469625 0.8272013390625 0.085073378125 0.82007029375 0.0725940484375 0.8081852171874999 0.0636802421875 0.78837675625 0.0589262109375 0.7741146640625 0.0654630015625 0.7772840171875 0.0779423328125 0.7970924796875 0.0880446484375
0 0.7447981421875001 0.055360687500000005 0.765398940625 0.0630859875 0.7693606328125 0.0488238953125 0.7638142640625001 0.032779040625 0.7408364484375001 0.01079165 0.713104603125 0.0208939640625 0.717858634375 0.032779040625 0.7447981421875001 0.055360687500000005
0 0.6021772203125 0.011385903125000001 0.5910844828124999 0 0.5498828828125 0.00306635 0.5934614984375 0.0315905328125 0.6053465734375 0.03515605625 0.6124776203125 0.0226767265625 0.6021772203125 0.011385903125000001
0 0.6164393125000001 0.0197054578125 0.6307014046874999 0.0066318718750000005 0.618816328125 0 0.595046175 0.000689334375 0.60059254375 0.01198015625 0.6164393125000001 0.0197054578125
0 0.6259473734375 0.01198015625 0.6394171281250001 0.022082471875000002 0.6544715578125 0.01079165 0.6457558359375 0.000689334375 0.618816328125 0 0.6235703578125 0.00306635 0.6259473734375 0.01198015625