0 0.22855872812500003 0.26617334375 0.2463705484375 0.27337841875 0.2687848328125 0.2620467234375 0.27695590000000003 0.2506116515625 0.20158169374999999 0.1864886921875 0.18574629375 0.183822828125 0.1622117125 0.197833984375 0.160914896875 0.21367678906249998 0.22855872812500003 0.26617334375
0 0.25833969218749997 0.10981087187500001 0.2817529921875 0.10361865781249999 0.283061828125 0.07095193749999999 0.2561135578125 0.0589582890625 0.164694078125 0.055818521875000006 0.15116906562500002 0.065038578125 0.177054184375 0.09689140625 0.25833969218749997 0.10981087187500001
0 0.41414381718750004 0.11772290781250001 0.42664237343750006 0.094779315625 0.4202412265625 0.0759197359375 0.3946654 0.06817241874999999 0.3005199234375 0.062265784375 0.2902067203125 0.08519486875 0.29934195625000004 0.1096772328125 0.41414381718750004 0.11772290781250001
0 0.4536338625 0.11825246874999999 0.5205008515625 0.12453811562499999 0.54181645 0.12162563125 0.5470781265625 0.098037334375 0.5367121171875 0.08692324375 0.456337971875 0.0758780390625 0.44514703593749994 0.08584870156249999 0.44002825 0.1073578140625 0.4536338625 0.11825246874999999
0 0.601787578125 0.117763790625 0.618852534375 0.12675516874999998 0.6799211328125 0.134167909375 0.6951093421875 0.1250613828125 0.7021829390625001 0.10235173125000001 0.6927282953125 0.09311190312499999 0.630682290625 0.0862994359375 0.6102120125 0.09356071406250001 0.601787578125 0.117763790625
0 0.70441029375 0.1335105234375 0.7082742640624999 0.159017515625 0.7207932125000001 0.1615074671875 0.7566822421875 0.1463257 0.798414096875 0.12180255312499999 0.8005454265624999 0.1074386625 0.7913765625 0.0940404609375 0.7714886484375 0.09585486875 0.71251531875 0.12454998125000001 0.70441029375 0.1335105234375
0 0.36607914375 0.26163836093750004 0.3800581890625 0.2716398625 0.44728780625000003 0.2741624796875 0.46346422499999995 0.2673255609375 0.47024123749999996 0.24590440624999998 0.46213743125000006 0.23517115624999999 0.380148275 0.2355175015625 0.3675188484375 0.2437163671875 0.36607914375 0.26163836093750004
0 0.6025163359375 0.23127035624999998 0.611291375 0.22012816562499998 0.6101831015625 0.20598370937500002 0.55960179375 0.20186611875 0.5453033359375 0.20710715156249998 0.5466745671875 0.231047271875 0.6025163359375 0.23127035624999998
0 0.7167394828125 0.18568153125 0.727357640625 0.20372140625 0.7446207265625 0.205289190625 0.76363090625 0.1905163609375 0.8151152078124999 0.1542507546875 0.8079671968750001 0.1371774796875 0.7916707140625 0.132139546875 0.776537740625 0.13590166406249998 0.7230986296874999 0.1733678125 0.7167394828125 0.18568153125
0 0.5337720671875 0.26879852187500003 0.5451046765625 0.27644246250000004 0.6101381375 0.27610971093750003 0.623371534375 0.268203728125 0.6250417828125 0.25146776875 0.6174759062499999 0.24350193125000003 0.551684778125 0.24275111093750001 0.5394948281249999 0.2475822921875 0.5337720671875 0.26879852187500003
0 0.73869336875 0.214195690625 0.6933700875000001 0.24557117499999997 0.6886031234375001 0.26044738125 0.6967177359375001 0.2740505078125 0.7075892609375 0.27932238125 0.7295424625 0.265618615625 0.751858290625 0.24815182187499998 0.7640266328124999 0.2375808875 0.771967159375 0.22495977968749997 0.7634683109375 0.2093799296875 0.7541889687500001 0.20667054375 0.73869336875 0.214195690625
0 0.6928285046875 0.3018851359375 0.685799340625 0.31638050156249997 0.6946716203125 0.33106720312500004 0.7068063312499999 0.3315804296875 0.7185351984375 0.32437718125 0.7452877765625 0.304406840625 0.7615194359374999 0.2922255125 0.7662095515625 0.27695396250000004 0.7503309328125 0.26280859218749997 0.7363290625000001 0.266761128125 0.6928285046875 0.3018851359375
0 0.53117721875 0.3201779265625 0.5458046734375 0.322258025 0.59417901875 0.3206503703125 0.612397903125 0.3158781296875 0.6199217796875 0.2926706703125 0.6073920265625 0.2873108421875 0.5491451671875 0.28878610625 0.5359009640625 0.29382221406250003 0.53117721875 0.3201779265625
0 0.173362934375 0.2974164390625 0.2437528734375 0.3387118609375 0.2606761578125 0.3300886375 0.27057149375 0.3162669890625 0.20640861406250002 0.26760691406250003 0.18469797500000001 0.26567279843749997 0.16909190000000002 0.28388675937499996 0.173362934375 0.2974164390625
0 0.3635642625 0.3162434515625 0.380398675 0.324048796875 0.4361419890625 0.318136784375 0.4646176203125 0.31547365781250003 0.46872658593749994 0.2859551890625 0.45778901875000005 0.2831578484375 0.3685629828125 0.28285949062500004 0.35792078125 0.2984674421875 0.3635642625 0.3162434515625
0 0.3560607765625 0.36488445625 0.3734991640625 0.3729826828125 0.4325589296875 0.3672465828125 0.45620277187499997 0.362240403125 0.4615521 0.341917325 0.4480341375 0.3342878921875 0.37712543906249996 0.3353523921875 0.3569625515625 0.34419505 0.3560607765625 0.36488445625
0 0.2044693265625 0.3730161640625 0.2556533921875 0.3971204296875 0.28019900781249996 0.3714248421875 0.1911735359375 0.32431530625 0.17448079375 0.3341245640625 0.16309172968750002 0.351518821875 0.2044693265625 0.3730161640625
0 0.20510571249999998 0.381918678125 0.1843940875 0.38512404375 0.173137109375 0.3975692375 0.1704018046875 0.41164024687499995 0.25194905156249997 0.45404916718750005 0.2760215640625 0.4428054265625 0.2810959140625 0.42951059999999996 0.20510571249999998 0.381918678125
0 0.37048766718750004 0.413775734375 0.44950138749999996 0.40375069375 0.459187790625 0.394482765625 0.45633364062500004 0.37698512968750003 0.44312306718750005 0.3709370765625 0.362154534375 0.38216265781250003 0.35815604218749997 0.40099231093750004 0.37048766718750004 0.413775734375
0 0.60962775 0.3607270921875 0.622993234375 0.3478720453125 0.6173497546875 0.3300960375 0.5442557046875 0.3311750453125 0.532866640625 0.3485693015625 0.5365445046875 0.3646759765625 0.60962775 0.3607270921875
0 0.5267167921875 0.378845528125 0.523331496875 0.3980155046875 0.5313384328125 0.40543609218750004 0.587916259375 0.40100299531249994 0.6013033531249999 0.3938877015625 0.6085522546875 0.37770849218749997 0.59706595 0.36927386093750003 0.5432774484375 0.37398533437500003 0.5267167921875 0.378845528125
0 0.6646881734375001 0.4160306625 0.6720343125 0.42568034218750006 0.700740484375 0.42420325312499996 0.7136893203125 0.40076185156250005 0.725013559375 0.36614833281250003 0.7163165828125 0.35799207499999997 0.6960444328125 0.3578297578125 0.68062568125 0.36575024843750004 0.6646881734375001 0.4160306625
0 0.5180269703125 0.4326405234375 0.523264603125 0.44270005625 0.5518170812500001 0.44043227500000004 0.587903021875 0.43752070156249995 0.6000605593749999 0.42407989218750003 0.5996991484375 0.4081491296875 0.5871033531250001 0.4052638328125 0.526330121875 0.4162563875 0.5180269703125 0.4326405234375
0 0.192749196875 0.44499310000000003 0.1779007890625 0.4642906328125 0.18034909375 0.47407179062499993 0.198325415625 0.4849374328125 0.2422726015625 0.5083969921875 0.2576469171875 0.5086907859375 0.27754685156250003 0.4900524640625 0.2758454078125 0.47848500312500003 0.2092438078125 0.4426074375 0.192749196875 0.44499310000000003
0 0.3452711828125 0.48386298906249997 0.35810832187499997 0.4908041984375 0.41264368906250004 0.48430641874999997 0.43854972812500004 0.4796810765625 0.4444153796875 0.4563856609375 0.42931603906250004 0.44906361562499997 0.368598046875 0.4547117625 0.349105175 0.46137276875 0.3452711828125 0.48386298906249997
0 0.5296993796875 0.4504754734375 0.5157191171875 0.46016776249999997 0.5134665046875 0.48235059218750004 0.5244040734375 0.4851479328125 0.5690669265625 0.47851776562500004 0.5964666953125 0.4703198140625 0.6039569421875 0.4581965140625 0.5996198671874999 0.44714136875 0.5855087359375 0.442088928125 0.5296993796875 0.4504754734375
0 0.650769084375 0.502023584375 0.6753242875 0.4988916671875 0.6867241578125001 0.48436728437500004 0.6908763437500001 0.46632832031250004 0.691108103125 0.44782056406250004 0.6665528984375 0.45095248125 0.6467285953124999 0.48967994062500003 0.650769084375 0.502023584375
0 0.3547894359375 0.5300158671874999 0.43815388281249995 0.519859021875 0.4457870203125 0.5056565375 0.4419662671875 0.49162904999999996 0.427865940625 0.48944648749999997 0.35277264375 0.49994032187500004 0.34465396875 0.5200878125 0.3547894359375 0.5300158671874999
0 0.512818509375 0.51560275 0.5267099015625 0.5223390328125 0.5666946609375 0.5141564984375 0.5843756124999999 0.5066168453125 0.5902628734375 0.489061184375 0.573131871875 0.4825443359375 0.532312596875 0.4892479515625 0.514939034375 0.49836898281249997 0.512818509375 0.51560275
0 0.6272337 0.5610592859375 0.6419704125 0.572144359375 0.6600356 0.5665814296875 0.6695466999999999 0.5507830578124999 0.6808925484375 0.5219092921875 0.6717236843750001 0.508511090625 0.654471403125 0.509813184375 0.6403374453125 0.5187147828125 0.6272337 0.5610592859375
0 0.528003065625 0.5655776 0.5725782703125 0.5556822109375 0.582144609375 0.5345394296875 0.56848375625 0.5289891843750001 0.525479128125 0.53570730625 0.50998353125 0.543232453125 0.5090817546874999 0.563921859375 0.528003065625 0.5655776
0 0.1796662515625 0.5381019031250001 0.2534494921875 0.57996858125 0.2771822015625 0.55853383125 0.2738117265625 0.5440085375 0.2156549546875 0.509361440625 0.1981060890625 0.51195203125 0.1847298 0.5219372015625 0.1796662515625 0.5381019031250001
0 0.1842614125 0.637727878125 0.20697106562499998 0.6448014765625001 0.2733661671875 0.6458451796875 0.28778111093750003 0.621503371875 0.27950679375 0.6155215109375 0.21483596249999998 0.612091234375 0.1939046 0.6169804437499999 0.1842614125 0.637727878125
0 0.3939760046875 0.6753274296875 0.44242543437500004 0.660034571875 0.46294014843750003 0.64455900625 0.46649916406249997 0.6290970390624999 0.450719003125 0.621086765625 0.3803362140625 0.6417425953125 0.3702103359375 0.654378209375 0.3722299734375 0.670396928125 0.3939760046875 0.6753274296875
0 0.47491157656249994 0.621717878125 0.474273975 0.63250915625 0.4875613953125 0.63895255625 0.5181455296874999 0.6358795796875001 0.544414196875 0.6274912078125 0.5588555453125 0.6201709890625 0.5623593203125 0.6100534296875 0.5559905875 0.599803478125 0.5390240875 0.596947196875 0.48821101875000006 0.6113373625 0.47491157656249994 0.621717878125
0 0.743537109375 0.5740154703125 0.7550234125 0.5824501 0.7852893562500001 0.5749258671875 0.8033437390625 0.5664930625 0.8079570078125 0.55082616875 0.7982165828125 0.5457447140625 0.7622182937499999 0.5519215078124999 0.7495120203125001 0.559725028125 0.743537109375 0.5740154703125
0 0.8127227546875 0.555643753125 0.8230011109375001 0.5634926203124999 0.854551846875 0.556949496875 0.8695755578125001 0.54418240625 0.868346003125 0.5378568875 0.8502375984375 0.5319403109375 0.8262203250000001 0.53783964375 0.8191587484375 0.54372538125 0.8127227546875 0.555643753125
0 0.1903305796875 0.6548795703125 0.1800173765625 0.6778086578125 0.189472021875 0.687048484375 0.2274575359375 0.688280778125 0.243051590625 0.6868907296875 0.269638453125 0.6829536140625 0.2825212453125 0.661986746875 0.268992478125 0.6514874359375 0.20711097343749998 0.6483355328125 0.1903305796875 0.6548795703125
0 0.1828378984375 0.706390453125 0.185900984375 0.7193343671875 0.21983398593749998 0.7250469328125 0.27372094375 0.7264705578124999 0.288283571875 0.7113313984375 0.2853741796875 0.6991781718750001 0.2686934609375 0.692163515625 0.20688880312500002 0.6894069578125 0.19153609375 0.6948529156250001 0.1828378984375 0.706390453125
0 0.139202821875 0.78585110625 0.16360433125 0.7819284984375 0.181240846875 0.7826031296875 0.226112634375 0.77141924375 0.23578823437500002 0.7592814390625 0.2373155921875 0.744624665625 0.22824518437500002 0.7373615625000001 0.20960965156250003 0.731547446875 0.14124771875 0.748528203125 0.139566665625 0.762394284375 0.139202821875 0.78585110625
0 0.08655945000000001 0.8124952375 0.07708197812499999 0.817209446875 0.08283593593750001 0.8242966390625 0.1181750125 0.8231713718749999 0.13780633281250002 0.8152526046874999 0.1584197625 0.8087840671875 0.1807019609375 0.802401434375 0.1887193359375 0.7901756718749999 0.18657841718749998 0.78197589375 0.1621661015625 0.783028625 0.1418537 0.7873872390625001 0.1418092671875 0.795601525 0.08655945000000001 0.8124952375
0 0.2583353984375 0.8012606234374999 0.2029967125 0.8345829078125 0.19587989687500001 0.8458130531249999 0.205345346875 0.85792275625 0.22582642968750002 0.8535313546875001 0.24381477031249998 0.84757308125 0.2720934875 0.8326397609375 0.2907194328125 0.81589020625 0.29106045156250004 0.8063874249999999 0.27821250625 0.7965763421875 0.2583353984375 0.8012606234374999
0 0.15218279375 0.891183090625 0.171521971875 0.88373139375 0.1747167765625 0.8692100187499999 0.1694022953125 0.8587551421875 0.1551590796875 0.8586517656250001 0.08637005625000001 0.8846925171875 0.0882912375 0.8945761390625 0.08719255000000001 0.9029953484375 0.09062906875 0.9150461109375 0.0992936328125 0.9145927374999999 0.13579744062500002 0.902573728125 0.15218279375 0.891183090625
0 0.30304548593749997 0.769544815625 0.29428124843750003 0.7835568828125 0.2971137921875 0.7953147640625 0.3117628546875 0.8031346171875 0.325314446875 0.7996798890625 0.35501004375 0.7807786125 0.374701046875 0.766694009375 0.38716597343750003 0.754834578125 0.373461903125 0.737804825 0.35155313593750004 0.7432943046875 0.30304548593749997 0.769544815625
0 0.45042357343750006 0.7031514375000001 0.43388452656250004 0.713751384375 0.4342459390625 0.7296821484375 0.443854278125 0.7397126640625 0.4608652125 0.7343546609375 0.486519103125 0.7228035328125 0.508702846875 0.7102858015625 0.516203896875 0.7010323781250001 0.5089898453125 0.6864336359375 0.4961743125 0.68523218125 0.45042357343750006 0.7031514375000001
0 0.5873023546875 0.6502868234375 0.5681937171875 0.6589245546875 0.5650849796874999 0.673888715625 0.576571284375 0.682323346875 0.5928461578124999 0.6816215265625 0.6142830390625 0.6708901 0.6309757796875 0.6610808421875001 0.637422578125 0.6520323453125 0.6328549609375 0.6397911656249999 0.61943545625 0.638296828125 0.5873023546875 0.6502868234375
0 0.648581103125 0.6334520546875 0.645845796875 0.6475230609375 0.65709075625 0.65190178125 0.667832196875 0.651044703125 0.6869624421875 0.6481467249999999 0.7090801421874999 0.638103525 0.71054145625 0.6259212875 0.7042495703125 0.61606668125 0.6663280968749999 0.62343786875 0.648581103125 0.6334520546875
0 0.734965790625 0.608044640625 0.719920471875 0.615071978125 0.7183162671875001 0.6293334046875 0.7258161015625 0.639773775 0.73936769375 0.636319046875 0.757509728125 0.6311514640625 0.768942009375 0.6252367109375 0.7761248671875001 0.6115320328125 0.7753239828125 0.5989689546875 0.7589062171875 0.6017499640625 0.734965790625 0.608044640625
0 0.7951782671875 0.6082387109375 0.8046989531250001 0.61500400625 0.8382705453125 0.6047858078125 0.84998860625 0.5947126828125 0.8514499203125 0.5825304421874999 0.8399852265625001 0.5798355640625 0.8093458531250001 0.58825295 0.797759875 0.5933770125 0.7951782671875 0.6082387109375
0 0.8561820375 0.598432190625 0.86847044375 0.5997361078125001 0.8887870281250001 0.591684140625 0.90020850625 0.5828995109374999 0.9039320203125 0.5710981078125 0.8898208890625 0.56604566875 0.8570069671875 0.5773474390625 0.8517897234375 0.5927214515625 0.8561820375 0.598432190625
0 0.9339001625 0.584556165625 0.9720069562500001 0.5779695203124999 0.9740938546875 0.5718199140625 0.9294322156250001 0.558756290625 0.91172965625 0.5605561890625 0.9021861421875 0.56774493125 0.9089499171875 0.582841484375 0.9339001625 0.584556165625
0 0.36680452343750003 0.7994104015625 0.3350556578125 0.8133771187500001 0.34991121875000003 0.8560308375 0.3549735484375 0.8595599265624999 0.3809900671875 0.8442457671874999 0.384263303125 0.8329421734375 0.36680452343750003 0.7994104015625
0 0.1118193390625 0.9925405140624999 0.12216373750000001 0.9979148500000001 0.14812501718749999 0.9879450999999999 0.150860321875 0.973874090625 0.146799440625 0.9360969015625 0.1410454828125 0.9290097093749999 0.1177090328125 0.9355972687499999 0.10787973749999999 0.946944384375 0.1118193390625 0.9925405140624999
0 0.33044714375 0.9155798531249999 0.3283710515625 0.924599334375 0.338792296875 0.9303690140624999 0.353628684375 0.9278953968750001 0.36837741875 0.92215655625 0.39341653125 0.9074426687500001 0.39592129531250003 0.892185625 0.3845118390625 0.8841463390625 0.37261847187499997 0.8876890234375001 0.3438234328125 0.9055946828125 0.33044714375 0.9155798531249999
0 0.396921525 0.877631315625 0.4024665484375 0.8892722265625 0.418257515625 0.900152375 0.46195498593749995 0.8772985640625001 0.47673734999999995 0.8604755624999999 0.4731471375 0.8476341093749999 0.46633892968749996 0.8407518421875 0.45444556406250003 0.8442945265624999 0.4117255 0.8665480671875001 0.396921525 0.877631315625
0 0.5686770812499999 0.840963159375 0.5772972125 0.848724071875 0.5874771125 0.8504378406249999 0.6097377015625 0.838315453125 0.6167116265625 0.8291644937499999 0.6259369484375 0.8175244968750001 0.6178439453125 0.8096611218750001 0.6046657843750001 0.812222696875 0.5732351109375 0.8306406718750001 0.5686770812499999 0.840963159375
0 0.61197829375 0.8329565390625 0.588081084375 0.850730721875 0.578065684375 0.85267751875 0.5735845015625001 0.86339535 0.595481246875 0.8747297843749999 0.622903840625 0.8525777953125001 0.63746646875 0.837438634375 0.6381148765625 0.8295172296875 0.6303953046874999 0.8207607031249999 0.6196990812500001 0.8220192734375 0.6133183265625 0.8285932375 0.61197829375 0.8329565390625
0 0.30839084375 0.87387450625 0.318812090625 0.8796441875 0.3384370484375 0.868034115625 0.340963421875 0.8585168265625001 0.3227685796875 0.8296412359374999 0.3137858234375 0.825643353125 0.2907783703125 0.8395520453125 0.28930625 0.8488644078125 0.30839084375 0.87387450625
0 0.27347800312500004 0.9081497953125 0.2995605640625 0.8903611046875 0.2849235234375 0.8657173374999999 0.2744914734375 0.8570777812499999 0.251165825 0.866535215625 0.24314845156249998 0.878760978125 0.2599708453125 0.9033902390625 0.27347800312500004 0.9081497953125
0 0.4698920875 0.7957096531250001 0.4793359265625 0.802079603125 0.5001688328125 0.791055296875 0.5065063703125 0.7730018265624999 0.5080229234375 0.755475178125 0.50279609375 0.748285521875 0.48622463437499996 0.750275840625 0.4727714984375 0.7598656671875 0.4698920875 0.7957096531250001
0 0.5010477828125001 0.7843199281250001 0.5119301125 0.7924616765625 0.528941046875 0.7871036734375 0.5367278796875 0.773691878125 0.54016683125 0.7463550578125 0.536675075 0.7396487031250001 0.5129543859375 0.7442595375 0.506057309375 0.7538058421875 0.5067369125 0.774187859375 0.5010477828125001 0.7843199281250001
0 0.5353109984375 0.777659834375 0.5447104046875 0.7922440703125 0.565707809375 0.7848803281250001 0.5731980578125 0.7727570296875 0.5807327375 0.7524194453125 0.5755611453125 0.7398853828124999 0.563272740625 0.7385814640625 0.5461189140625 0.7460186546875 0.5395400296874999 0.760016215625 0.5353109984375 0.777659834375
0 0.5727369734375001 0.7703849609375 0.5772169390624999 0.7793609218750001 0.592734146875 0.7775755281250001 0.6046719453125 0.7658185609375 0.616259140625 0.74100070625 0.6066399953125 0.7281003125 0.5832266984375 0.7342925265625 0.5775375671874999 0.74442459375 0.5775915875 0.7587739765625 0.5727369734375001 0.7703849609375
0 0.6023437031250001 0.7679122546875 0.6089982171874999 0.7740038296875 0.626613125 0.768938709375 0.6360581843750001 0.7556148703125001 0.63936505 0.7332271140625 0.6336771359375 0.7236653890625 0.61350344375 0.7296381703125 0.6100549046875 0.7344113234375 0.61033946875 0.7499467390625 0.6023437031250001 0.7679122546875
0 0.6405057375000001 0.7559812015625 0.6481376578125 0.76147250625 0.66140346875 0.762176153125 0.6732752265624999 0.7528937171875 0.6803920406249999 0.7416635687500001 0.6839510578125 0.7262016015625 0.6628119781249999 0.7159507374999999 0.648304590625 0.7257454906249999 0.6462393015625 0.737634846875 0.6405057375000001 0.7559812015625
0 0.795711440625 0.727043115625 0.8087142984375 0.717951096875 0.8170834953125 0.69909243125 0.8165683906250001 0.6823709765625 0.806388490625 0.6806572078124999 0.79103578125 0.686103165625 0.78566484375 0.700686490625 0.777141953125 0.7187544671875 0.795711440625 0.727043115625
0 0.8145895359375 0.7172193484375 0.8327207671875 0.7091818875 0.837938009375 0.693807875 0.8409482890625 0.6727086171875001 0.8249699984375001 0.6721219406250001 0.8162610015625 0.6807895984375001 0.8151070765625 0.69455321875 0.8083192578125 0.713104496875 0.8145895359375 0.7172193484375
0 0.8314912109374999 0.7028563703125 0.842582475 0.7064444015625 0.85806726875 0.6960493796875 0.8648106515625 0.6857123875 0.8689844453125 0.6734131765625 0.8626157109375001 0.663163225 0.8412340703125001 0.6685502421875 0.8374997515624999 0.67748176875 0.83688375625 0.6940128015625 0.8314912109374999 0.7028563703125
0 0.7264993203125 0.8184502421875001 0.74077495 0.8271632484375001 0.7580608609375 0.8147769953124999 0.76578165 0.8038397312500001 0.7752375109375 0.7933857671875 0.7684184984375 0.7836336234375 0.7590070703125 0.785873303125 0.7261595171875 0.8082592343749999 0.7264993203125 0.8184502421875001
0 0.776007203125 0.777645425 0.7860550171875 0.7843082578125 0.8057784296875001 0.778833284375 0.8153219453125 0.7716445421875 0.8256891703125 0.7630648390625 0.8254262156250001 0.753269175 0.8135112390625 0.75107210625 0.7836403390625 0.7634429390624999 0.776007203125 0.777645425
0 0.868529296875 0.7526861499999999 0.8846288703124999 0.7454538859375 0.8790730421875 0.730943096875 0.8681354750000001 0.7281457578125 0.835782634375 0.7418195937500001 0.8311369546874999 0.7488768609374999 0.8383293984375 0.75773585 0.868529296875 0.7526861499999999
0 0.9402197062500001 0.719057390625 0.9594051890624999 0.710815003125 0.9589885390624999 0.70022865 0.9441197406249999 0.694092640625 0.9172579046875 0.7050580046875 0.9090099875 0.7160977328125 0.91574135 0.722584653125 0.9402197062500001 0.719057390625
0 0.980918915625 0.7004789234375 0.9857074875 0.691342471875 0.9852247953125 0.6832306499999999 0.973090084375 0.682717421875 0.9523340265625 0.694137075 0.9512245343749999 0.699686409375 0.96760866875 0.7079895625 0.980918915625 0.7004789234375
0 0.643201328125 0.8514633093749999 0.6515260890625 0.8408189281249999 0.6608174531250001 0.8267044 0.64700290625 0.8203634609374999 0.633165534375 0.8279765640625 0.6389963359374999 0.8354590984374999 0.6280251390625 0.843745921875 0.6239173874999999 0.8535706 0.6102445140625 0.8648442671875 0.6130554484374999 0.8708623953125001 0.6281776156250001 0.8642304015625 0.643201328125 0.8514633093749999
0 0.639213640625 0.8731628406249999 0.655170321875 0.8680097640625 0.6743125890624999 0.8482878703125 0.6614430359375 0.8327370328124999 0.6504718375 0.8410238546875 0.6454635265625 0.8518441484375 0.631636959375 0.8623271265625 0.6160645140625001 0.8694569265625001 0.623784084375 0.8782134546875 0.639213640625 0.8731628406249999
0 0.6444849046875001 0.8721382109375 0.628472984375 0.8826356953125 0.6379816515625001 0.90622490625 0.6617905984375 0.8950323984375 0.6542145265625 0.8743497859374999 0.6444849046875001 0.8721382109375
0 0.645337378125 0.9384382546875001 0.66369915 0.9315868281249999 0.6681803328125 0.9208689968750001 0.6623063124999999 0.901906953125 0.654992584375 0.900866903125 0.6363450328125 0.9118767046875 0.6359811875 0.9353335234375001 0.645337378125 0.9384382546875001
0 0.6991258796875 0.9337267812500001 0.6911085046875 0.94595254375 0.6992675515625 0.9513413875 0.7067902109374999 0.9478277171875 0.7164429859375 0.9496439515624999 0.7305985515625 0.9464821046875 0.7374187812499999 0.93654045625 0.7397254156249999 0.9287070078124999 0.729293365625 0.9200674515625 0.6991258796875 0.9337267812500001
0 0.701299209375 0.9505361890625 0.6933154671875 0.9516777890625001 0.68799976875 0.9609167046874999 0.6944129375 0.9629523703125 0.7064708015625001 0.9630702531249999 0.7223506375000001 0.95752183125 0.730905940625 0.9480634828125 0.7247233140625 0.947213853125 0.7139502453125 0.9480770765625 0.701299209375 0.9505361890625
0 0.6305225984375 0.9466516265625 0.6298189546875 0.9599174390625 0.6363305765625 0.9680882015625001 0.6362753390625 0.9734326093749999 0.644709359375 0.9717932015624999 0.65440656875 0.96539515 0.65773504375 0.948747146875 0.6515092 0.9364180078125001 0.6305225984375 0.9466516265625
0 0.678027584375 0.974343009375 0.7181660390625 0.966951165625 0.726732146875 0.9603626937499999 0.7290495859375 0.9553991234374999 0.7024074859375 0.964680646875 0.689965384375 0.962586040625 0.6835738234375001 0.966290128125 0.678027584375 0.974343009375
0 0.629136915625 0.978923003125 0.6327715609375 0.9835501703125 0.657019375 0.9788368734375 0.648926371875 0.9709734984375 0.629136915625 0.978923003125