0 0.85390625 0.6125 0.121875 0.121875
0 0.82890625 0.55546875 0.109375 0.1078125
0 0.80390625 0.5109375 0.1140625 0.109375
0 0.8092704609375 0.4898101203125 0.8296972921875 0.45240300468749994 0.7803008218749999 0.442845334375 0.741815796875 0.4477676421875 0.727672009375 0.47768834218749995 0.8092704609375 0.4898101203125
0 0.790984215625 0.43754662031249997 0.7994556546875 0.40983649062499994 0.7182641046875 0.399471940625 0.7046034671875 0.432468309375 0.790984215625 0.43754662031249997
0 0.7571816796874999 0.3914718875 0.7735644640625 0.3474808859375 0.6985027578125 0.34281641406249996 0.681382425 0.384611396875 0.7571816796874999 0.3914718875
0 0.721958134375 0.2680416921875 0.6489551828125 0.29897512187499997 0.6503020359375 0.3275420328125 0.7259501859374999 0.3001189015625 0.721958134375 0.2680416921875
0 0.5602522109375 0.46488236406250005 0.57202805625 0.48903021406249997 0.650271503125 0.44314059375000003 0.6362181312499999 0.4233214515625 0.5602522109375 0.46488236406250005
0 0.667668396875 0.47474782812500005 0.652051603125 0.4528063890625 0.57640275625 0.49605288906249995 0.586677853125 0.5206436859375 0.667668396875 0.47474782812500005
0 0.6884466421875 0.5437081109374999 0.665377403125 0.51431145 0.666369353125 0.5156278109375 0.596621603125 0.5606190640625 0.610533846875 0.5900365187500001 0.6884466421875 0.5437081109374999
0 0.7044952875 0.5783951703125 0.687886546875 0.5551373703125 0.6881409453125 0.554257715625 0.6090837 0.5966328812499999 0.620681396875 0.622978825 0.7044952875 0.5783951703125
0 0.704163940625 0.5937797515625001 0.622613996875 0.6352814999999999 0.63385539375 0.6660236328125 0.7207470328125 0.621872528125 0.704163940625 0.5937797515625001
0 0.7169053890625 0.6399023109375 0.642808590625 0.6730359124999999 0.6534649375 0.7042189125 0.7293168859375 0.669762709375 0.7169053890625 0.6399023109375
0 0.58972088125 0.7316150125 0.5351081703125 0.7638252953125 0.545052615625 0.787977303125 0.601394828125 0.7592793984374999 0.58972088125 0.7316150125
0 0.578072584375 0.69911565 0.5100550296875 0.7317959109375 0.519973828125 0.760782896875 0.58766073125 0.72766385 0.578072584375 0.69911565
0 0.5731384859374999 0.6876988671875 0.5611082390625 0.6644306703125 0.5624564875 0.66135084375 0.49359948593749997 0.695351625 0.5045358828125 0.7208199953125 0.5731384859374999 0.6876988671875
0 0.557420490625 0.6534505937499999 0.5489005421875001 0.6275372 0.5494093421875 0.6257778921875 0.476050090625 0.6611075093750001 0.4882834390625 0.6931660046875 0.557420490625 0.6534505937499999
0 0.5497150390625001 0.615228284375 0.5407625421875 0.5923926374999999 0.5404318921875 0.5919538515625 0.470048490625 0.631232553125 0.48123928749999995 0.6558212718750001 0.5497150390625001 0.615228284375
0 0.5378123421875001 0.583608578125 0.5283004453125 0.5563788203125 0.5297249421875 0.5546174359375 0.45898524375000005 0.5982923265625 0.47292313750000003 0.6228748046875 0.5378123421875001 0.583608578125
0 0.5176697453125 0.5203608453124999 0.44919399374999996 0.5609538296875 0.46002849062499995 0.589938734375 0.5250958453125001 0.5484744140625 0.5176697453125 0.5203608453124999
0 0.49727135312500004 0.4896395046875 0.4428111421875 0.52448666875 0.4545107375 0.5473160796875 0.5090472 0.5137873546875 0.49727135312500004 0.4896395046875
0 0.495593153125 0.476457175 0.48480925781249995 0.4536256859375 0.48557245781249997 0.4509867265625 0.428441396875 0.4871585703125 0.4408022921875 0.510865553125 0.495593153125 0.476457175
0 0.43113789375 0.48099891406250006 0.4858525046875 0.44527209687499997 0.48877775312500005 0.44306776406250004 0.4769762578125 0.423754890625 0.419997696875 0.462563615625 0.43113789375 0.48099891406250006
0 0.49442654218750004 0.3982220609375 0.48155684687500006 0.3762743859375 0.47972544843750003 0.37627854374999997 0.4161075453125 0.4269698703125 0.4309105390625 0.445396853125 0.49442654218750004 0.3982220609375
0 0.5023884875 0.3880946078125 0.5684990890625 0.338276696875 0.5714243359375 0.33607236406249996 0.55209414375 0.307985825 0.4875348921875 0.3635142078125 0.5023884875 0.3880946078125
0 0.7149888375 0.2636621375 0.7113017859374999 0.2368586921875 0.711479934375 0.2346605984375 0.6362386859375 0.2638409578125 0.6396456875000001 0.2963590328125 0.7149888375 0.2636621375
0 0.6969063906249999 0.20436557031249997 0.6187655421875 0.23091528437500003 0.6220962937500001 0.26211491875 0.693572846875 0.2364594125 0.693242196875 0.236020625 0.6969063906249999 0.20436557031249997
0 0.7214798671875 0.1542024390625 0.7113572703125 0.1322485234375 0.6370053734375001 0.1820851515625 0.6486030703125001 0.20843109375000002 0.7173332218749999 0.16695845468749998 0.7212254687499999 0.1550820921875 0.7214798671875 0.1542024390625
0 0.669285 0.1543209578125 0.7153001171875 0.126525578125 0.7465621437500001 0.10228 0.7416030953125 0.079874821875 0.7413486953125 0.0807544765625 0.6644021999999999 0.1332342234375 0.669285 0.1543209578125
0 0.7110564578125 0.03203454375 0.7103951578125 0.031156968750000003 0.6940408140625001 0.007019515625 0.6608198390625 0.0396207640625 0.6401642562500001 0.073072553125 0.6505163015625001 0.083158421875 0.6691103390625 0.07740220625000001 0.7110564578125 0.03203454375
0 0.6362713140625 0.1007722875 0.6199925234375 0.09377664375 0.5974043390625 0.1149257609375 0.5686592640625 0.16685651562499998 0.5881177015625 0.17076817187499999 0.5995642953125 0.1628304953125 0.634948015625 0.11484050781249999 0.6362713140625 0.1007722875
0 0.5838435093750001 0.1918757015625 0.5774086609375 0.1809018640625 0.559094671875 0.18094344843750002 0.53129164375 0.21221377968750002 0.5176823046875 0.23554019531249998 0.513688159375 0.2509330953125 0.5305520015625 0.257487871875 0.544669440625 0.2482255171875 0.5838435093750001 0.1918757015625
0 0.44767736406249997 0.3447045796875 0.48250098750000003 0.3081438515625 0.4872326828125 0.29494696875000004 0.49005603124999997 0.29625917031250004 0.4756599375 0.279589415625 0.45861725 0.29105610312499997 0.4366647171875 0.3179177703125 0.42308102812500004 0.336409209375 0.434831921875 0.3495686671875 0.44767736406249997 0.3447045796875
0 0.394971603125 0.394052515625 0.382890059375 0.380454271875 0.36821321875 0.3853225171875 0.35089048125 0.40250383437500004 0.3393163421875 0.4187930203125 0.33880684375 0.436375696875 0.3537886859375 0.43678121562500005 0.37612246875 0.416511753125 0.394971603125 0.394052515625
0 0.3313280515625 0.44957882031249996 0.324410053125 0.43552931250000004 0.3102420125 0.43863825 0.29309742499999997 0.453621471875 0.278954334375 0.467718803125 0.282947084375 0.48397264218749997 0.2960212765625 0.483063878125 0.3185075609375 0.46543129843750003 0.3313280515625 0.44957882031249996
0 0.37700903124999996 0.5004614984375 0.347986 0.510636775 0.352055 0.5282090562499999 0.35795469999999996 0.5616005453125 0.3723514921875 0.56244693125 0.38631643125 0.5505476953125 0.3907174765625 0.5369120234375 0.37700903124999996 0.5004614984375
0 0.403458228125 0.5988579515625 0.3908436296875 0.56020725 0.3899279296875 0.560209328125 0.367645446875 0.570808840625 0.3662202484375 0.5883935953125 0.3705179984375 0.609921196875 0.3812006953125 0.620445853125 0.39781083281249996 0.6120569140625001 0.403458228125 0.5988579515625
0 0.3982391953125 0.70391938125 0.41668073281250007 0.6955262828125 0.41960667812499997 0.6774985828125 0.4091541296875 0.6392825109375 0.410324228125 0.6384007781250001 0.3989545859375 0.6318335265624999 0.37873225 0.6463842 0.38002850312500003 0.66879769375 0.380689803125 0.66967526875 0.3840968046875 0.7021933421875 0.3982391953125 0.70391938125
0 0.8540266687500001 0.746398678125 0.8665151140624999 0.76175415 0.9550849546875 0.7307853734374999 0.9663284453125 0.714057396875 0.9351447625 0.692151309375 0.8546380671874999 0.725299465625 0.854968715625 0.7257382531250001 0.8540266687500001 0.746398678125
0 0.7416742921874999 0.772586540625 0.7389770984374999 0.7945695640625 0.7508042421875001 0.8090474625 0.7807935734375 0.8050235234375 0.847717278125 0.7745434359375001 0.8346957796875 0.7341355109375 0.8349501796875 0.73325585625 0.7416742921874999 0.772586540625
0 0.6397245625 0.8150136874999999 0.6382480671875 0.8422683953125001 0.65859655625 0.85101295 0.7237651109375001 0.8218554625 0.72877685625 0.8029439484375 0.7158815109375001 0.7858312468750001 0.7143807609375 0.78627419375 0.6397245625 0.8150136874999999
0 0.52007084375 0.868029946875 0.5091323546875001 0.890031684375 0.523274046875 0.9075810921875 0.58383845625 0.883268978125 0.5956926453125 0.8612651609374999 0.582262853125 0.85074674375 0.5798720546875 0.8463567921875 0.52007084375 0.868029946875
0 0.49613510937500005 0.8764355187499999 0.47657546875 0.860217028125 0.47624481875 0.859778240625 0.4439901453125 0.8985308249999999 0.4227495140625 0.9324234828125 0.43757815468750005 0.9460154890625001 0.4607000890625 0.934095459375 0.48285642187500005 0.9002007234375 0.49613510937500005 0.8764355187499999
0 0.46210312656249997 0.8422288328124999 0.43969448906249997 0.8295331140625001 0.4387787875 0.82953519375 0.39398227812500003 0.9100723687500001 0.4072595703125 0.9179539015625 0.4245816109375 0.9165959546875 0.43854655 0.90469671875 0.46327252812499997 0.85717046875 0.46210312656249997 0.8422288328124999
0 0.4531263734375 0.792581421875 0.45930821718750003 0.7727881765625 0.44529337656249995 0.7627106265625 0.4473791734375 0.7618268140625 0.4279456875 0.76890355 0.4108766515625 0.8010285828124999 0.40057381249999996 0.8287428718750001 0.410238909375 0.8427861406250001 0.4302317953125 0.8401035140625 0.4531263734375 0.792581421875
0 0.43700217812500003 0.7407525546875 0.43791857343749996 0.7249271046875 0.42347118281249996 0.717927303125 0.4264726796875 0.7170414125 0.4075479921875 0.7223588390625 0.39370920625 0.757553303125 0.38007421875 0.7857146968750001 0.3951572609375 0.7984270484375 0.4121999484375 0.7869603625 0.43700217812500003 0.7407525546875
0 0.22797843750000002 0.5846779296875 0.2413774203125 0.5812830875 0.2714416875 0.5593461093750001 0.278487034375 0.5415904609375 0.26569301875 0.5342247812500001 0.23700676875 0.553460109375 0.2262889796875 0.56464819375 0.22302292031249998 0.5742900750000001 0.2205889328125 0.579953940625 0.22797843750000002 0.5846779296875
0 0.22160598281250002 0.5957032171875001 0.22237655625000002 0.5814791609375 0.212615290625 0.5761488453125 0.1856752671875 0.593337959375 0.17687799375 0.6028394718750001 0.1756559296875 0.62027604375 0.1954534109375 0.61732545625 0.2233760015625 0.5950874875000001 0.22160598281250002 0.5957032171875001
0 0.18440184531249998 0.5713192125 0.216457534375 0.54524865625 0.2167324828125 0.5316374359375 0.21138721718750003 0.529202725 0.21199788281249998 0.5287425546875 0.20243993124999998 0.528764259375 0.18540323281249999 0.5408842593750001 0.1749775109375 0.5516128953125 0.16887059531249998 0.5617200125 0.17411818125 0.5716484203125 0.18440184531249998 0.5713192125
0 0.2285920171875 0.518152840625 0.2375921203125 0.525014165625 0.249309596875 0.521928996875 0.2789139375 0.49387594375 0.27911749375 0.493722553125 0.2781800296875 0.47934944531249996 0.27125069687500003 0.4752361234375 0.25930313437499997 0.47801595781249995 0.23980591874999999 0.4953410984375 0.22978730937499997 0.5057629546875 0.2285920171875 0.518152840625
0 0.1361504515625 0.603849521875 0.1463899796875 0.6009206375 0.17031236249999998 0.5793034640625 0.1706309625 0.579302740625 0.1631092953125 0.5612743109375 0.151276775 0.5642068124999999 0.136257784375 0.57815736875 0.129221603125 0.5887253796875 0.12746002343750001 0.5986697015625 0.1361504515625 0.603849521875
0 0.0691815828125 0.6322932765625 0.11358205156250001 0.626839975 0.1262910203125 0.6170237203125 0.129514121875 0.6079243937500001 0.1257519890625 0.5985206515625 0.11704371250000001 0.5967052890625 0.093998021875 0.6059333031249999 0.06878363750000001 0.6254124171875 0.0691815828125 0.6322932765625
0 0.473413025 0.12288650937500001 0.495961 0.09420587968750001 0.49480899999999994 0.0817609171875 0.4937525359375 0.080933478125 0.4830076046875 0.07701614375 0.4607603125 0.09345597343749999 0.443182534375 0.12585959062500002 0.45139410625 0.133309490625 0.4619469828125 0.13639742187499998 0.473413025 0.12288650937500001
0 0.446194546875 0.15800899531249998 0.4510214453125 0.14430569843750002 0.44438262812499996 0.13664476718750002 0.44367428281250004 0.136853834375 0.42386514531249997 0.13067502656250002 0.3946053875 0.1728557734375 0.39198728437499997 0.1923629234375 0.40364439374999994 0.20208705781249997 0.4160586015625 0.195005240625 0.446194546875 0.15800899531249998
0 0.549342915625 0.0724881171875 0.5490667765625 0.072696203125 0.5361120609375 0.08538065781250001 0.5327018578125 0.09866581875 0.5658727125 0.119129 0.5808683765625 0.1068548296875 0.583546353125 0.0908743578125 0.549342915625 0.0724881171875
0 0.5586086484375 0.13304529062499998 0.537275178125 0.1179491796875 0.522052128125 0.11383455312499999 0.521932053125 0.114249746875 0.50632390625 0.130881959375 0.51200211875 0.1418644265625 0.5283294015625 0.1526152515625 0.5450771125 0.158178634375 0.5561469390625 0.145291 0.5586086484375 0.13304529062499998
0 0.5321819421875 0.1818583125 0.5310898171875 0.1729400296875 0.5101047984375 0.151411878125 0.49745934218750004 0.1466766875 0.486861571875 0.15561385 0.4788891609375 0.16973920781250001 0.5088179828125 0.2014125734375 0.5190950484375 0.1972400453125 0.5321819421875 0.1818583125
0 0.43076513906249997 0.28685572187499997 0.43590416562499995 0.273566634375 0.4256886203125 0.24392310312499998 0.4144754953125 0.239384453125 0.41388722343750006 0.239178328125 0.401256746875 0.24999490937500002 0.399959471875 0.26493495 0.4029482609375 0.279242878125 0.40881852968750004 0.2910547484375 0.416610003125 0.2962235484375 0.43076513906249997 0.28685572187499997
0 0.4003075921875 0.2659714578125 0.3941850671875 0.2572720546875 0.393944915625 0.2581024390625 0.3848924875 0.26102742968750003 0.375251459375 0.27121484218749997 0.3758989421875 0.28988474218750004 0.384145846875 0.3128940359375 0.39258579375 0.3143270875 0.407065165625 0.3030913890625 0.4087704328125 0.292714534375 0.4003075921875 0.2659714578125
0 0.3702207296875 0.2789022734375 0.35850341874999997 0.2731200109375 0.344480134375 0.287259109375 0.3432669453125 0.30116166093749996 0.35001307187499997 0.325626578125 0.358320834375 0.32975690625 0.37026685000000004 0.322053775 0.37784304375 0.3085516953125 0.3702207296875 0.2789022734375
0 0.350096828125 0.3320576375 0.3432669453125 0.30116166093749996 0.33193374375 0.2970382015625 0.332089809375 0.29724530625 0.32009569843749996 0.3066082265625 0.31501654375 0.32342398906250003 0.3219308421875 0.34581393125000004 0.33101893125 0.350979784375 0.3434691296875 0.34452026406249997 0.350096828125 0.3320576375
0 0.3164335640625 0.31553730468749996 0.30818567343750003 0.31493365624999997 0.30763339375 0.3153498296875 0.2949669265625 0.3255441140625 0.2945579453125 0.3433865703125 0.3007040265625 0.3624589015625 0.3075950984375 0.3670073671875 0.32116196406249997 0.357433415625 0.3241517421875 0.3493357015625 0.31520859843750004 0.3242533921875 0.3164335640625 0.31553730468749996
0 0.295793371875 0.3697311390625 0.2889271703125 0.34568141093750004 0.2808837703125 0.3361565328125 0.280571640625 0.3357423234375 0.2693820671875 0.3415766015625 0.2615418390625 0.353004684375 0.261613159375 0.3691863734375 0.2685277875 0.3841077671875 0.28802512343750003 0.3824038171875 0.295793371875 0.3697311390625
0 0.31550013906249996 0.24707774374999997 0.313111396875 0.2381624046875 0.3118147828125 0.2381653484375 0.294730728125 0.236751925 0.2790859328125 0.267698934375 0.276708309375 0.27890715625 0.288233565625 0.283860015625 0.2966018625 0.2765799265625 0.31550013906249996 0.24707774374999997
0 0.299389125 0.232592153125 0.2991015359375 0.22014522812499998 0.2767829234375 0.2204033671875 0.2760745765625 0.2206124359375 0.26231466718749996 0.251762625 0.2580279453125 0.2673318328125 0.2599484921875 0.27562585781250004 0.27038129375 0.2791289796875 0.27768101875 0.2733035359375 0.299389125 0.232592153125
0 0.2608989640625 0.22977511874999998 0.25409131875 0.2391262609375 0.2418567296875 0.2567881109375 0.24017534375 0.270069346875 0.2378337109375 0.2818998625 0.2483263859375 0.2889296640625 0.25982841562500003 0.2760410484375 0.25730749375 0.269822984375 0.2635150921875 0.2550792546875 0.26201464375 0.24906633125000002 0.26995106562500004 0.234318675 0.2671297875 0.232872865625 0.2608989640625 0.22977511874999998
0 0.24034384531250003 0.260525821875 0.2502014703125 0.23913509375 0.258533778125 0.23123270625 0.2539597953125 0.22688644062500002 0.24353877031249999 0.2285697796875 0.24295049999999999 0.22836365781249998 0.230487865625 0.24457380781250002 0.2206780078125 0.2717732953125 0.23049832499999998 0.27963446406250003 0.238170053125 0.27774990625 0.241676121875 0.26861372031249997 0.24034384531250003 0.260525821875
0 0.225735253125 0.2072418640625 0.2265276859375 0.2059953078125 0.21578209531249998 0.21701506875 0.2117597359375 0.2271897234375 0.2262498984375 0.243546134375 0.23569854218750003 0.2399978640625 0.2439470921875 0.22566441875 0.225735253125 0.2072418640625
0 0.211689734375 0.18113384375 0.20285357187500003 0.1803240703125 0.2034418421875 0.18053019374999998 0.194437178125 0.1892639453125 0.18959850625000002 0.197780778125 0.1969453375 0.2127011890625 0.209022875 0.2172378765625 0.2207411734375 0.2006144984375 0.211689734375 0.18113384375
0 0.209865378125 0.169520246875 0.2071046328125 0.15666401875 0.207140621875 0.157286315625 0.19676835312500002 0.14237277343750002 0.18523033125 0.1546390921875 0.18201251093749998 0.1612851078125 0.1850372890625 0.1762153328125 0.19563793125 0.1851120265625 0.209865378125 0.169520246875
0 0.1978009359375 0.1402958328125 0.20031041093750002 0.1338588859375 0.19775449375 0.10678226406249999 0.1927600765625 0.105454059375 0.166010453125 0.126260765625 0.1671981109375 0.146796571875 0.1852784265625 0.1529793046875 0.1978009359375 0.1402958328125
0 0.121848915625 0.2296759421875 0.1318017453125 0.22737128593749997 0.15463763749999998 0.2036690328125 0.156414884375 0.194536775 0.1510965671875 0.1897772796875 0.15097649375 0.190192471875 0.1458021359375 0.1879221640625 0.1395228859375 0.193952753125 0.128693540625 0.1985414546875 0.1173956703125 0.20997739062499998 0.1163146625 0.22118266250000002 0.121848915625 0.2296759421875
0 0.139451565625 0.17777106250000002 0.1499327921875 0.172145853125 0.1549756265625 0.1621763375 0.1525028 0.1542984875 0.15305508125 0.1538823140625 0.143690521875 0.1563930953125 0.1269300484375 0.16804889218750002 0.1139272375 0.1823931328125 0.11218598125000001 0.1921476890625 0.11791261875 0.1940018234375 0.139451565625 0.17777106250000002
0 0.14438544375 0.1883403 0.15142080468750002 0.18790940625000002 0.1529579015625 0.17960753125 0.149128253125 0.17567449375 0.137866703125 0.1802641765625 0.1294025453125 0.18339529062499998 0.11605161562499999 0.196703025 0.1205532890625 0.20727324375 0.1294018859375 0.19833238749999998 0.138106196875 0.1943708890625 0.14438544375 0.1883403
0 0.1148518515625 0.1784493015625 0.1311562375 0.16389010312500002 0.1473163359375 0.154310265625 0.148913634375 0.14206651875 0.14498779687500002 0.1414530546875 0.108885390625 0.169957003125 0.1089573703125 0.1712015984375 0.1148518515625 0.1784493015625
0 0.1664442265625 0.36297122656249997 0.1872516015625 0.32910805781249997 0.1828700046875 0.31812264687499997 0.16662903281250002 0.3171284953125 0.1532032421875 0.333334565625 0.153130603125 0.34702706562499996 0.149372278125 0.35927571875000003 0.1574398921875 0.36423643125 0.1664442265625 0.36297122656249997
0 0.1534528640625 0.3899704796875 0.15598655156250002 0.378969365625 0.14825528125 0.369858696875 0.1399233046875 0.3702925359375 0.1251196953125 0.3833961078125 0.1147938734375 0.40416551875 0.1146374796875 0.41142696093750003 0.1245180015625 0.41534625937499997 0.13575566875 0.40785219375 0.1534528640625 0.3899704796875
0 0.094454034375 0.4535871 0.11259554062499999 0.43342231875000004 0.115693615625 0.41972294843749997 0.114517075 0.41931070156250005 0.104984675 0.41642791093750003 0.091790140625 0.422474203125 0.0791717703125 0.4310087 0.0714755 0.44492597187499994 0.0824121578125 0.45714125625 0.094454034375 0.4535871
0 0.1651547765625 0.472720303125 0.18027051562500002 0.4600309421875 0.18228791093750002 0.45006829843749996 0.1780028359375 0.42829476718750004 0.167449753125 0.42325873906249994 0.167341990625 0.42333994375 0.15334292031250002 0.432914875 0.152357775 0.44826912500000005 0.157483378125 0.4671363125 0.1651547765625 0.472720303125
0 0.14683529687500002 0.444962309375 0.13530938125 0.4549465453125 0.134888625 0.4676025390625 0.1437597875 0.49144025312500006 0.1591274546875 0.483106971875 0.16126492812499998 0.4727291375 0.15407481875 0.44307873593749997 0.1468712875 0.445584609375 0.14683529687500002 0.444962309375
0 0.1287539921875 0.46118522031250003 0.1284778515625 0.46139330625 0.1167117875 0.47220792500000003 0.11443002656250001 0.4875651203125 0.12241289531249999 0.5085004171875 0.132449809375 0.5051582703124999 0.143351465625 0.494345615625 0.1418873375 0.4814864421875 0.135296946875 0.46469717499999996 0.1287539921875 0.46118522031250003
0 0.053536837500000004 0.4935122625 0.0551220296875 0.4835505984375 0.0501999296875 0.478167825 0.037905795312500004 0.48483445 0.0277847953125 0.489214084375 0.0146380265625 0.5010691375 0.0151778734375 0.5104035953125 0.0246621765625 0.5149461703125 0.033558540625 0.5118140734375001 0.053536837500000004 0.4935122625
0 0 0.5405388328125 0.0072529 0.5378062609375001 0.022692875 0.5232490265624999 0.0211138203125 0.51764993125 0.016558573437499998 0.5093631625 0.0094031375 0.5102092484375 0 0.5209584953124999 0 0.5405388328125