0 1 0.712224875 0.9790682921875 0.7137590796875 0.9656695453124999 0.6954950546875 0.8827724218749999 0.7284606124999999 0.8764416140625 0.7502477140625 0.891610075 0.7673632171875 1 0.7291195484374999 1 0.712224875
0 0.8568613953125 0.7378320203125 0.7551870125 0.7835868890625 0.7656978750000001 0.8211822390625001 0.8750631453125 0.779523146875 0.8725484515625 0.7579105375 0.8569572859375001 0.7391043765624999 0.8568613953125 0.7378320203125
0 0.7395488546875 0.8072565921875 0.7237835140625 0.7939756078125 0.7231298875000001 0.7931390031250001 0.6447630171875 0.83078860625 0.6498922203124999 0.8557476375 0.6647162609375 0.864374946875 0.7341202046874999 0.8370961359375 0.742621284375 0.8284334515625 0.7395488546875 0.8072565921875
0 0.600662684375 0.8686117484375 0.5858777875000001 0.8565856734375 0.58532005 0.8570214249999999 0.52555026875 0.8828359406249999 0.5148358484375 0.9013115203125001 0.5280042875000001 0.919315975 0.5866762046875 0.9024428546875001 0.6043887421874999 0.8906252125 0.600662684375 0.8686117484375
0 0.48065151874999995 0.8748019015624999 0.4506472421875 0.907674734375 0.4270833484375 0.947641259375 0.4456941203125 0.9634146078124999 0.4632716265625 0.9537233781250001 0.5009139671875 0.900736653125 0.501262315625 0.8896862984375 0.48065151874999995 0.8748019015624999
0 0.46454175781249996 0.8530327265625001 0.44417949375 0.8453641640624999 0.42463717812499996 0.8720841281249999 0.4016486296875 0.9196847921875 0.4146644265625 0.9317457656249999 0.42616357968749996 0.9315189265624999 0.4384337859375 0.9219323921875 0.46871205312499997 0.8652681921875001 0.46454175781249996 0.8530327265625001
0 0.4611503640625 0.79236046875 0.46023059687499995 0.7762381359375 0.43619510000000006 0.7707657828125 0.4377332765625 0.7715849390625 0.4153631390625 0.803882425 0.40745501093750003 0.8282491406249999 0.4043747296875 0.8461493765625001 0.42585246874999994 0.8529464328125 0.43793089218750003 0.8408151859374999 0.4611503640625 0.79236046875
0 0.5967077234375 0.741689709375 0.5971695671874999 0.7399816015625 0.5528989875 0.7637913734375 0.5431865421875 0.7720532046875 0.547086775 0.788541490625 0.5597581500000001 0.7921142734375 0.5796409609375 0.79342105 0.5931049203125001 0.776165478125 0.6070483359375001 0.7652716875000001 0.5967077234375 0.741689709375
0 0.5228888765625 0.7299786703125 0.511751753125 0.74676359375 0.51876748125 0.761491425 0.5339007265625 0.762467146875 0.591709625 0.7341428171875 0.586196859375 0.704094359375 0.5867545953125 0.7036586078125 0.5228888765625 0.7299786703125
0 0.7465392343749999 0.661004915625 0.7406389796874999 0.64540558125 0.728102634375 0.6397063890625 0.727775821875 0.6392880875 0.6660060171875 0.6659915562500001 0.6550430671874999 0.6772513 0.6574618703125 0.6975915546875 0.6661331984375 0.702942240625 0.735018546875 0.6727004125 0.7465392343749999 0.661004915625
0 0.8546051 0.5785955203125 0.8313367296875 0.5833020171875 0.82845215625 0.5842084203125 0.8169666843750001 0.612043696875 0.9071086062499999 0.636599965625 0.924455190625 0.6277627906250001 0.9364201140624999 0.6062892953125 0.92759614375 0.5949951296875 0.8546051 0.5785955203125
0 0.8968012999999999 0.5429336874999999 0.890535090625 0.5303148171875 0.8883041453124999 0.5320578234375 0.8146770812499999 0.5228914984374999 0.804446040625 0.5281903140625 0.7920760203125 0.5560430390625 0.8738558171875 0.5675970343750001 0.8852590796875001 0.5660978390625 0.8968012999999999 0.5429336874999999
0 0.8658674984375001 0.5125372015625 0.8746210359375001 0.49155180468750004 0.8705615265625 0.484397934375 0.7743615734375 0.48163659687499993 0.7655688953124999 0.5060207609375 0.7691247046874999 0.5140208546875 0.8532137296875 0.517034309375 0.8658674984375001 0.5125372015625
0 0.727378575 0.606590221875 0.7186067234375 0.5921574796875 0.634091775 0.6343401609375 0.6352992140625 0.6542795640625 0.64435410625 0.664719675 0.7250869546875001 0.623200653125 0.727378575 0.606590221875
0 0.701808825 0.580760165625 0.713233621875 0.5677923140625001 0.7029996109375001 0.5514087437499999 0.688239215625 0.5495963953125 0.6166786828124999 0.5913592265625 0.6239429421875 0.613302896875 0.6354988453125 0.61774718125 0.701808825 0.580760165625
0 0.6935570546875 0.53341048125 0.6824845296875 0.5157894328125 0.6815040890625 0.514534525 0.6544274531250001 0.523563640625 0.6038084546875 0.5610906250000001 0.61143866875 0.5800538296875 0.6228986812499999 0.58322575625 0.6854786796875 0.543763825 0.6935570546875 0.53341048125
0 0.844138084375 0.45483465 0.8381419390625 0.4379629578125 0.7880317796874999 0.43130597187499997 0.751861109375 0.43329374375 0.7373384234375 0.4560919421875 0.744951028125 0.4669852546875 0.8099067625 0.47080089375 0.8344432484375 0.47116637343749995 0.844138084375 0.45483465
0 0.8167679421875 0.39336116250000003 0.8080007234375 0.386738121875 0.8073470953124999 0.38590151562499997 0.7281035250000001 0.384491475 0.7193891296875 0.40207810312500003 0.7195202359375 0.4194902390625 0.7927637359374999 0.4235671390625 0.80568756875 0.41481720937500005 0.8167679421875 0.39336116250000003
0 0.7811491765625 0.3282276484375 0.703578815625 0.325510353125 0.6867469015625 0.35684909062500003 0.7104164453124999 0.36530190937499996 0.7557770390624999 0.37162783906249997 0.7714504140625 0.3640979171875 0.7842998890625 0.3426069734375 0.7802646265625001 0.3282450984375 0.7811491765625 0.3282276484375
0 0.6639130109375 0.3046306046875 0.729125125 0.27658498593749997 0.7377612375 0.26579588906249996 0.7360919531250001 0.247564596875 0.73566925 0.2458739375 0.725189678125 0.2439569171875 0.693516115625 0.25859845625 0.65663114375 0.274617046875 0.6512631671875 0.289589165625 0.65474069375 0.30438679375 0.6639130109375 0.3046306046875
0 0.6656154921875 0.4447643078125 0.6507131703125 0.44293453437499997 0.5895754609375 0.4819432625 0.5828434812500001 0.49057104999999995 0.587589121875 0.5104406546875 0.5997419015625 0.51105041875 0.6553981359375001 0.4776715625 0.668918846875 0.46508711406250003 0.6656154921875 0.4447643078125
0 0.642791359375 0.4396928078125 0.65133158125 0.42763135781250006 0.643989040625 0.4124852234375 0.6436622265625 0.4120669203125 0.6295094234375 0.4123461078125 0.58129554375 0.44260490625 0.5669861734375 0.45647916093749996 0.5700018546875001 0.472984896875 0.5815577578125 0.47742918124999995 0.642791359375 0.4396928078125
0 0.5772660046875 0.6869152765625001 0.5685027093749999 0.6607536859375001 0.5689254140625 0.6624443453125 0.5135783843749999 0.6881716140624999 0.502711325 0.700703715625 0.5063414921875 0.7214448234375 0.5172437671875 0.7250525031249999 0.5667648984375 0.6964669125 0.5772660046875 0.6869152765625001
0 0.48227470156249996 0.6802941421875001 0.49617505156249997 0.6923376671875 0.5611386328125 0.657076209375 0.5529722171875 0.6270800999999999 0.5505494890625 0.6262783953125 0.4907405671875 0.655491675 0.48227470156249996 0.6802941421875001
0 0.44201784999999993 0.729934446875 0.41965556406250004 0.7231548390625 0.4105008546875 0.73098091875 0.391089646875 0.7751130171875 0.385373325 0.8011354921875 0.40112105781249996 0.8063465859375001 0.4172562765625 0.7971085578125 0.4365715921875 0.7517040984375 0.44201784999999993 0.729934446875
0 0.416160428125 0.7002873187499999 0.42175932656250004 0.6844611484375 0.4095967890625 0.6367043953125 0.3974440078125 0.6360946296875001 0.3969821609375 0.6378027375 0.382751075 0.6448794578125 0.380441846875 0.6534199984375 0.377919303125 0.6708844828125 0.38525791875 0.7055691640624999 0.398256109375 0.709560246875 0.416160428125 0.7002873187499999
0 0.5508019453124999 0.613955684375 0.546095446875 0.5906873109374999 0.5351540296875 0.5904783984375 0.47982460937500004 0.6242755578125 0.4773979546875 0.6430124 0.4922611359375 0.6482409421875001 0.52918525 0.6288235828125 0.5508019453124999 0.613955684375
0 0.49646866562499997 0.5708535578125 0.46815913125 0.5909504796875 0.4679242828125 0.6113430796875 0.48092247343750005 0.615334165625 0.53769418125 0.5810838046875 0.5384084828125 0.5670529859375 0.5301813921874999 0.5519243015625 0.49646866562499997 0.5708535578125
0 0.5209777843750001 0.5160021593749999 0.5086899703125 0.5175188046875 0.46745660468750005 0.546365653125 0.44783993281249995 0.5603446046875 0.4520278359375 0.5806499609375 0.4650260265625 0.58464104375 0.52118325 0.5461553109375 0.527588415625 0.5371092234375 0.5209777843750001 0.5160021593749999
0 0.5023317953124999 0.4840890296875 0.49125534687499994 0.486006528125 0.45904165625 0.509153709375 0.4445405046875 0.5204832500000001 0.448863440625 0.538662196875 0.46120800468749995 0.5418166765625 0.507883703125 0.5107387203125 0.512232096875 0.49791046093749997 0.5023317953124999 0.4840890296875
0 0.48916728281250005 0.4465460296875 0.478129975 0.445064759375 0.4460513171875 0.4660855296875 0.4310883203125 0.47912317812499994 0.43335448281250005 0.49351995468750004 0.4424485171875 0.5005612984375001 0.45933325312499995 0.49343223125 0.49641393437500003 0.4604198046875 0.48916728281250005 0.4465460296875
0 0.38433231874999996 0.622761296875 0.40106441562499995 0.60968875 0.39299781718750004 0.56142645 0.3807491453125 0.5595443265625 0.368248015625 0.569984915625 0.365725471875 0.5874494 0.3692597484375 0.606918153125 0.377295059375 0.619502125 0.38433231874999996 0.622761296875
0 0.3798196203125 0.496275009375 0.3682637171875 0.49183072499999997 0.3533966109375 0.50614073125 0.3525081359375 0.525696728125 0.358290965625 0.5514923640625 0.3705963859375 0.5580456078125 0.38552024218750003 0.548406728125 0.39171602031249997 0.528746034375 0.3798196203125 0.496275009375
0 0.478169115625 0.44166599218749997 0.4812278640625 0.4352344140625 0.4772317421875 0.41747376875000003 0.46605940312499994 0.41811891093750003 0.444307675 0.43511322343750003 0.4305560421875 0.4485517265625 0.42509217499999996 0.4622514875 0.43074389843749994 0.47063498593749997 0.44470492031250003 0.4678110875 0.478169115625 0.44166599218749997
0 0.274585503125 0.553568334375 0.27053263125 0.5311365671875 0.256340684375 0.534814521875 0.2369157953125 0.55133818125 0.2240487125 0.5647592359375 0.2236612234375 0.57920835625 0.23652438125000003 0.585325853125 0.2562760859375 0.56922049375 0.274585503125 0.553568334375
0 0.219046690625 0.576750890625 0.2052207 0.5774483796875 0.1903535921875 0.5917583843750001 0.17729472968749999 0.6026347249999999 0.17559998593749998 0.6154106374999999 0.18050219218750002 0.621685175 0.19804055625 0.6153927125 0.22044591093750002 0.59923500625 0.22269839062500002 0.5860233421875 0.219046690625 0.576750890625
0 0.21809170781249998 0.5444887781250001 0.214518290625 0.52841879375 0.19882730937499998 0.5278788249999999 0.180940596875 0.5452216421875 0.1700735375 0.5577537421875001 0.1741088 0.5721156203125 0.1837997125 0.5753224453125 0.21809170781249998 0.5444887781250001
0 0.2469981203125 0.5205573390625 0.2768282234375 0.4932096828125 0.27100625156249997 0.470812815625 0.255141096875 0.475798025 0.23892759375 0.49183358593750004 0.229502821875 0.5039124875 0.2259430859375 0.515450940625 0.2351330109375 0.52376464375 0.2469981203125 0.5205573390625
0 0.1709150203125 0.580673609375 0.16799523125 0.565440228125 0.152861984375 0.5644645078125 0.136975296875 0.5809183734375 0.129550546875 0.5921083234375 0.136797196875 0.6059820984375001 0.147873646875 0.6040646 0.1709150203125 0.580673609375
0 0.11628305624999999 0.626859690625 0.1289192171875 0.6142926921874999 0.1274769296875 0.6147458921875 0.1298253 0.602806584375 0.1234808078125 0.59698525 0.0973846109375 0.607269271875 0.0714019125 0.6268955421875 0.070399940625 0.63710929375 0.11628305624999999 0.626859690625
0 0.314653353125 0.43011031875 0.2901129421875 0.4492833890625 0.2787840359375 0.463523596875 0.2824924859375 0.477467171875 0.2947411578125 0.47934929375 0.3251289984375 0.4515658875 0.3274989015625 0.42815792343750003 0.314653353125 0.43011031875
0 0.38711996718749997 0.3768613796875 0.3802177390625 0.37147579375 0.3635639234375 0.3777508078125 0.34531125625 0.3980740921875 0.33538549687499997 0.4152598671875 0.34161256562500003 0.431277503125 0.3565931703125 0.4263097453125 0.3878088109375 0.393837765625 0.38711996718749997 0.3768613796875
0 0.44589360781250004 0.4279461484375 0.48589800156249996 0.3906285546875 0.4859978171875 0.3723623640625 0.476211015625 0.3678831796875 0.44970972343750004 0.38454643593750004 0.43214982500000004 0.40230755625 0.419012678125 0.4199814296875 0.42891297812499996 0.4338028578125 0.44589360781250004 0.4279461484375
0 0.5640985484375001 0.3194270328125 0.557161103125 0.2979016671875 0.539335065625 0.3003770609375 0.5043503 0.33377289062500004 0.49182763906250004 0.35568213593750003 0.49861244375 0.37126402187499996 0.5142075359375 0.3705316328125 0.5640985484375001 0.3194270328125
0 0.4817649390625 0.288770240625 0.483036978125 0.2743036703125 0.47450068125 0.266826571875 0.4604437671875 0.26837811562499997 0.4370364390625 0.29474957343749997 0.4259952046875 0.3128068515625 0.421973625 0.3260534125 0.43335535468749997 0.336022875 0.4491246203125 0.3297653109375 0.4817649390625 0.288770240625
0 0.5413683984375 0.22940380624999998 0.5682787125 0.18682277187500002 0.580975546875 0.1593883484375 0.5622864921875 0.150412534375 0.5524781562500001 0.15740200937499998 0.5293585000000001 0.187590534375 0.5159121468750001 0.21291599687499999 0.5147359984375 0.2286549234375 0.527695046875 0.2360447765625 0.5413683984375 0.22940380624999998
0 0.6404693203125 0.2631278328125 0.6570057109375 0.26704911875000004 0.7174682625 0.2386724421875 0.7247507484375 0.210079071875 0.7097525359375 0.20697693906249998 0.6682138890625 0.22393683125 0.6416846109375001 0.24399013749999998 0.6404693203125 0.2631278328125
0 0.6626835140625 0.18581848437499998 0.6197593296874999 0.2079026984375 0.62040903125 0.2282778515625 0.637503159375 0.23176338749999997 0.6912337296875 0.2120144953125 0.7041967046875001 0.19986579843750002 0.706719246875 0.1824013140625 0.6984138718749999 0.17407016250000001 0.663894878125 0.1862193375 0.6626835140625 0.18581848437499998
0 0.5986984640624999 0.13611076718749998 0.6332253078125001 0.084884496875 0.6346323796875 0.068291515625 0.620422825 0.063899578125 0.597843296875 0.0855824625 0.5815906531249999 0.1050167921875 0.5685670046875 0.1320329125 0.571756859375 0.143013471875 0.5861014453125 0.145278996875 0.5986984640624999 0.13611076718749998
0 0.6661473578125 0.1730076734375 0.7279210875000001 0.1267656578125 0.7131968640624999 0.0998721578125 0.699484371875 0.10991189374999999 0.6812532375 0.1187665171875 0.647462228125 0.144493309375 0.63924881875 0.156973065625 0.647763584375 0.1759188171875 0.6661473578125 0.1730076734375
0 0.7125040953124999 0.10243431875 0.71117923125 0.0926912203125 0.75160633125 0.0570642828125 0.7547042203125 0.0472339375 0.746725659375 0.039321090625 0.7271089875000001 0.053300039062500006 0.70437681875 0.06903944375 0.6899715578125 0.0816413421875 0.6725466921875001 0.09727605 0.6690437078125 0.113485628125 0.67790681875 0.12138102656250001 0.7125040953124999 0.10243431875
0 0.6638640140625001 0 0.6477167015624999 0.02640796875 0.6446755640624999 0.040909439062500004 0.658000565625 0.045318825 0.6703275203125 0.0404034140625 0.7049589484375 0 0.6638640140625001 0
0 0.5359502359375 0.055796696874999996 0.5286213765625 0.0682590015625 0.5644789171875 0.0934613671875 0.580770703125 0.07062826875 0.5825613359374999 0.05912471406249999 0.547009078125 0.0458093078125 0.5359502359375 0.055796696874999996
0 0.422443940625 0.2266612796875 0.4114457765625 0.22178124375000002 0.39884875625 0.23094947656249998 0.3929230453125 0.24635734843749998 0.403089484375 0.2754645046875 0.41027938593749996 0.2846671578125 0.424684646875 0.2720652609375 0.43303308906250004 0.257459096875 0.422443940625 0.2266612796875
0 0.4888772890625 0.054176787500000004 0.4791863765625 0.0509699609375 0.45864601406250005 0.0683651265625 0.4377964453125 0.0934118796875 0.43889038437499994 0.104009034375 0.44859890468749997 0.11528575156250001 0.46371454375 0.10819158124999999 0.4934135390625 0.0634317890625 0.4888772890625 0.054176787500000004
0 0.5322124031250001 0.0923988765625 0.5171182984375 0.0880243875 0.5162337484374999 0.0880418375 0.50611620625 0.1026829 0.5036719453125 0.11334985 0.5407799921875001 0.13555430156249998 0.556148084375 0.1161374203125 0.5557077734375 0.106376871875 0.5322124031250001 0.0923988765625
0 0.49540178749999997 0.12115848124999999 0.48220789062499997 0.13416123124999998 0.4749749234375 0.14789589218750002 0.494853809375 0.1687412171875 0.5104273671875 0.1794774890625 0.5275645609375 0.160025709375 0.5298737906250001 0.15148516875 0.49540178749999997 0.12115848124999999
0 0.4222365703125 0.110284046875 0.3913653515625 0.1512442203125 0.3872654875 0.171288315625 0.3975317453125 0.18212928125 0.40851230312500003 0.1789394265625 0.44527009375000004 0.1259701515625 0.44129158124999995 0.116279396875 0.4222365703125 0.110284046875
0 0.390539459375 0.242156875 0.38161567343749997 0.24912890000000001 0.3711145671875 0.2586805359375 0.371302425 0.28076379687499997 0.3798171890625 0.2997095515625 0.38829673593749997 0.3025155234375 0.405952525 0.286026759375 0.40210904375 0.274209596875 0.390539459375 0.242156875
0 0.35416130625000003 0.3197541234375 0.3723356890625 0.306228375 0.3675548328125 0.270218990625 0.3622299234375 0.26225379375 0.3528266828125 0.2628640375 0.340613228125 0.2771216953125 0.3382648578125 0.289061003125 0.3423177296875 0.3114927703125 0.35416130625000003 0.3197541234375
0 0.3340436453125 0.33883994687499996 0.343699340625 0.3259069921875 0.3406269125 0.304730134375 0.3323039296875 0.28832909375 0.32155429375 0.29066489375 0.3133408859375 0.303144646875 0.3125483015625 0.32397300156250003 0.32044857968749996 0.3386833828125 0.3340436453125 0.33883994687499996
0 0.30403353593750004 0.3050272453125 0.29120559375 0.3150495328125 0.28989441562499996 0.3329148703125 0.296505046875 0.3540219328125 0.30619595781250003 0.3572287609375 0.31794756875 0.344679209375 0.316661846875 0.33153734375 0.31530176718749997 0.3056544609375 0.30403353593750004 0.3050272453125
0 0.283933484375 0.3321829609375 0.275031234375 0.32768632656249996 0.2632228734375 0.33556475625000004 0.257663115625 0.34799216093749996 0.258160178125 0.36242383437500003 0.26406043281249997 0.37802316875 0.2845401203125 0.375495428125 0.2910803203125 0.364322928125 0.283933484375 0.3321829609375
0 0.256031065625 0.24013801875000002 0.253007534375 0.2627093796875 0.25417975625 0.26650899843750003 0.268716125 0.2713192390625 0.27594909218749997 0.257584578125 0.2950334859375 0.213034175 0.270209328125 0.208851628125 0.256031065625 0.24013801875000002
0 0.2908298828125 0.2708830109375 0.3104328703125 0.2292956234375 0.303761565625 0.22305598437500002 0.2920314890625 0.224136878125 0.27973975 0.24519207031249998 0.2768336421875 0.2575671296875 0.272158434375 0.2699770875 0.280272028125 0.275763525 0.2908298828125 0.2708830109375
0 0.1775192953125 0.424753759375 0.169405703125 0.41896732343750004 0.1562900890625 0.42517254062500004 0.15361490312499998 0.43669354374999997 0.15193776875 0.457539346875 0.16095352031250001 0.47137822656250006 0.17587737812499998 0.46173934375 0.1830712015625 0.4514034484375 0.1775192953125 0.424753759375
0 0.1439416015625 0.4415566078125 0.13549726875 0.454890415625 0.1367438484375 0.47143104999999996 0.143066809375 0.4887210421875 0.1546442453125 0.481696671875 0.162722621875 0.471343328125 0.1529182109375 0.45879425312500005 0.15399846875 0.4417829703125 0.1439416015625 0.4415566078125
0 0.12480438281249999 0.4618973390625 0.11743638281249999 0.4777584109375 0.11616434375 0.49222498281249993 0.122853259375 0.5065345125 0.1342956625 0.5016365484375 0.1478163734375 0.4890521 0.13778104062500002 0.47735708125 0.13486125 0.4621237015625 0.12480438281249999 0.4618973390625
0 0.254929275 0.2686179609375 0.263534096875 0.2221505375 0.25715046406250003 0.21972796875 0.248283428125 0.231371115625 0.23929896718750002 0.2532105671875 0.23352589531249998 0.2745619171875 0.24783134062499998 0.2802262125 0.254929275 0.2686179609375
0 0.21016365 0.17223343124999999 0.1987995296875 0.170333859375 0.1859891953125 0.1884260359375 0.196081278125 0.204792178125 0.20521445468750002 0.20843475625000002 0.21812067812499997 0.1916149359375 0.21016365 0.17223343124999999
0 0.21692692187499998 0.19928397343749998 0.2092712515625 0.21132797499999997 0.20696202187499999 0.21986851562499998 0.2153632859375 0.22947202187500002 0.2285923984375 0.23260905156249997 0.23894086250000002 0.2171139359375 0.23300146875 0.20491336875 0.21692692187499998 0.19928397343749998
0 0.23818349374999997 0.2540820703125 0.24884116406249998 0.23093536406249998 0.25440092187499996 0.21850795937499998 0.244383196875 0.21488283125000002 0.23472750156250002 0.227815784375 0.22678415625 0.2360427171875 0.21543371875 0.261751584375 0.220105 0.268880175 0.2317959359375 0.2711980484375 0.236950596875 0.2651498734375 0.23818349374999997 0.2540820703125
0 0.191222140625 0.1755803265625 0.205339728125 0.159161359375 0.2019580921875 0.1456360890625 0.1928249171875 0.14199351093749998 0.1911341 0.135230875 0.1835567078125 0.14047734218750002 0.1801320078125 0.1498893875 0.1822631375 0.166412571875 0.191222140625 0.1755803265625
0 0.18081098281250002 0.31170549687500004 0.16348593125 0.309074015625 0.14892410625000002 0.33527098125 0.151229409375 0.34626898906250003 0.1496697 0.356918490625 0.15857195156249998 0.361415121875 0.1673607046875 0.35656950625 0.18400083750000001 0.3226860546875 0.18081098281250002 0.31170549687500004
0 0.1416872125 0.368544190625 0.12314687499999999 0.385050403125 0.11564384218749998 0.40303788437500004 0.119526465625 0.41145628125 0.1308338359375 0.40868472968749997 0.154241165625 0.3823132734375 0.1545895125 0.37126291718750004 0.1416872125 0.368544190625
0 0.123884615625 0.44577500781249996 0.12381025937500001 0.43303399374999996 0.10784921249999999 0.4367468453125 0.09573164687499999 0.4522768609375 0.090441953125 0.4604514453125 0.09238130312500001 0.47442991718750005 0.102150496875 0.47083920937499996 0.123884615625 0.44577500781249996
0 0.0586685765625 0.493359175 0.059940615625000006 0.4788926046875 0.049652825 0.4795202953125 0.0349598921875 0.488305125 0.0175350265625 0.503939834375 0.0197444390625 0.5136654843749999 0.0295312421875 0.51814466875 0.039531359375000005 0.5136999078125 0.0586685765625 0.493359175
0 0.1156223078125 0.41450654374999996 0.09575710625 0.42126965624999996 0.0823146796875 0.42705656875000003 0.07215799687499999 0.4450963984375 0.082751065625 0.45635566718750004 0.093731625 0.4531658125 0.11546574218750001 0.42810160937499997 0.1156223078125 0.41450654374999996
0 0.014341246875 0.512497825 0.0035700765625 0.52630228125 0.001971225 0.54035055 0.0112394328125 0.5418667171875 0.0266642765625 0.5271209609375 0.0300889796875 0.5177089171875 0.014341246875 0.512497825
0 0.12678107656249998 0.1942662515625 0.11489443437499999 0.2089422140625 0.11683378281250001 0.222920684375 0.1306597734375 0.2222231953125 0.151740265625 0.1963223875 0.1493782125 0.1806532578125 0.12678107656249998 0.1942662515625
0 0.140227428125 0.1689407890625 0.127630409375 0.178109021875 0.11253238125000001 0.19327308125 0.115395421875 0.2038353375 0.13114707812499998 0.18950788125 0.1465895296875 0.182832015625 0.1502842953125 0.16916715 0.140227428125 0.1689407890625
0 0.1523475359375 0.15798952187499998 0.14827313125 0.14702641249999998 0.141196728125 0.14716600625 0.133771978125 0.1583559546875 0.1255409625 0.16276581875 0.11007697812499999 0.1809103421875 0.11251731406250001 0.18978193906250002 0.131942203125 0.173258275 0.14482689531249998 0.1679071125 0.1523475359375 0.15798952187499998
0 0.16133199375 0.136150071875 0.17936742187500002 0.1442892828125 0.1942736703125 0.1265805109375 0.19558485 0.10871517187499999 0.16373711562499998 0.1288818890625 0.16133199375 0.136150071875