0 0.1619644203125 0.7871344953125 0.1814956703125 0.7959235578125 0.26873525468750004 0.7324469953125 0.2374852546875 0.7129157453125 0.1619644203125 0.7636969953125 0.1619644203125 0.7871344953125
0 0.2701678890625 0.800424490625 0.26886580625 0.777963553125 0.23501163906250003 0.772104178125 0.15037622343749998 0.849252615625 0.1646991390625 0.867807303125 0.20506372343749998 0.867807303125 0.2701678890625 0.800424490625
0 0.40603760156249996 0.898571296875 0.2693188515625 0.918102546875 0.27192301875 0.970836921875 0.40864176875 0.945446296875 0.40603760156249996 0.898571296875
0 0.5215443984375 0.8812352671875001 0.41347148125000005 0.8997899546875001 0.41737773125000005 0.9398290171875001 0.52675273125 0.9242040171875001 0.5215443984375 0.8812352671875001
0 0.6602217296874999 0.8514542031250001 0.5716800625 0.8700088906250001 0.5820967296874999 0.9120010781250001 0.6797529796874999 0.8905167031250001 0.6602217296874999 0.8514542031250001
0 0.6679116609375 0.8558528265625001 0.7603595765625 0.8861262640625001 0.7694741609375 0.8538997015625001 0.6758009953124999 0.8202227984375 0.6679116609375 0.8558528265625001
0 0.51939650625 0.8078429125 0.5910110890625 0.7980772859374999 0.57017775625 0.7687804109374999 0.50377150625 0.7765929109374999 0.51939650625 0.8078429125
0 0.3536205625 0.7982693249999999 0.46820389531249995 0.7845974499999999 0.45648514531249995 0.7396755749999999 0.3458080625 0.7572536999999999 0.3536205625 0.7982693249999999
0 0.43703155000000005 0.7037348015625 0.3237503 0.7095941765625 0.3302607171875 0.7476801140625 0.44744821718749994 0.7408441765625 0.43703155000000005 0.7037348015625
0 0.43943549375 0.659931471875 0.32224799375 0.662861159375 0.3248521609375 0.698017409375 0.44203966093749997 0.694111159375 0.43943549375 0.659931471875
0 0.43507296875 0.6590968921875 0.43897921875 0.6307765796875 0.3348125515625 0.6229640796875 0.3309063015625 0.6561672046875 0.43507296875 0.6590968921875
0 0.420427259375 0.584243784375 0.34490642656250003 0.584243784375 0.32537517656250003 0.590103159375 0.31756267656250003 0.609634409375 0.355239571875 0.6204005390625 0.40610434218749997 0.618423471875 0.43344809218749997 0.605728159375 0.420427259375 0.584243784375
0 0.1725222515625 0.7462378546874999 0.2676143609375 0.6852204171875 0.2422564640625 0.663428475 0.1445229078125 0.7204837421875 0.1725222515625 0.7462378546874999
0 0.1799183046875 0.6946234984374999 0.27289725468750003 0.6292476734375 0.23803014843749998 0.608248165625 0.148220934375 0.66569965 0.1799183046875 0.6946234984374999
0 0.164764896875 0.632799759375 0.1874813453125 0.629630021875 0.25193266406250003 0.5896120921875 0.24823463750000002 0.57376340625 0.22446160937499998 0.5618768937499999 0.1774438453125 0.5888196578125 0.149972790625 0.603875909375 0.1468030546875 0.6173472906249999 0.164764896875 0.632799759375
0 0.2045749703125 0.5080131546875 0.18027365312500002 0.51672993125 0.1601986515625 0.5345597015625 0.1485762828125 0.54882351875 0.1549157578125 0.5595213796875 0.1749907578125 0.569823025 0.1987637859375 0.5607100328125 0.2515927359375 0.523465621875 0.24736641874999998 0.5131639765625 0.2272914171875 0.5024661140625 0.2045749703125 0.5080131546875
0 0.15472586093750001 0.44592226874999996 0.1483863859375 0.45305417812500004 0.1647633609375 0.4760347703125 0.2551008640625 0.4661293421875 0.25562915468749997 0.4518655265625 0.24189362656250002 0.4372054921875 0.15472586093750001 0.44592226874999996
0 0.21190721093749998 0.40536863749999996 0.1860210265625 0.404576203125 0.16066312968750002 0.4073497234375 0.14904076093750002 0.41368919687499994 0.1522104984375 0.4283492296875 0.1596065515625 0.43706600624999997 0.176511815625 0.4382546578125 0.2150769484375 0.435084921875 0.24730260781250002 0.430726534375 0.2515289234375 0.4176513671875 0.2383216859375 0.4041799859375 0.21190721093749998 0.40536863749999996
0 0.19470530156250002 0.3657956765625 0.1545553015625 0.3753048875 0.1439895109375 0.382040578125 0.1498006953125 0.395908178125 0.16300793281249998 0.40264386874999997 0.176743459375 0.4038325203125 0.2084408296875 0.3990779140625 0.252817146875 0.387983834375 0.2475342515625 0.36619189375 0.229572409375 0.3602486359375 0.19470530156250002 0.3657956765625
0 0.3238991328125 0.5490336171875 0.3122767640625 0.55775039375 0.3159747890625 0.5692406906249999 0.3238991328125 0.57914611875 0.4041991359375 0.5831082890625 0.41740637343750003 0.5680520390625 0.40789716093750006 0.554976875 0.36827545 0.5482411828125 0.3238991328125 0.5490336171875
0 0.36484375 0.528125 0.10625 0.04140625
0 0.30266890156250004 0.4807910203125 0.4032349359375 0.48721924687499996 0.39809235468750004 0.45250682343750004 0.29809771875 0.44907843593749996 0.30266890156250004 0.4807910203125
0 0.3976338390625 0.44477601875 0.3924912578125 0.4152061765625 0.298782 0.4092064984375 0.30163898906250003 0.43963343750000006 0.3976338390625 0.44477601875
0 0.356425459375 0.3871108546875 0.35128287812500003 0.408966825 0.4369925671875 0.42439456875000003 0.43897461406250005 0.3945696671875 0.356425459375 0.3871108546875
0 0.43936846406249996 0.415240040625 0.4507964234375 0.4229539125 0.523363959375 0.4332390765625 0.523363959375 0.4058119765625 0.4422254546875 0.3942411671875 0.43936846406249996 0.415240040625
0 0.4702465296875 0.455642121875 0.54509965625 0.4616418015625 0.5319575046875 0.43250050624999997 0.46681814218750006 0.4273579265625 0.4702465296875 0.455642121875
0 0.4685549125 0.477943575 0.47712588125 0.4878001875 0.54912201875 0.48951438124999996 0.5411224484375 0.462944378125 0.47026910624999996 0.4578017984375 0.4685549125 0.477943575
0 0.55597879375 0.532403090625 0.5605499765624999 0.516975346875 0.55255040625 0.4976906671875 0.4731260953125 0.4968335703125 0.4731260953125 0.51440405625 0.4794114734375 0.5268319625 0.55597879375 0.532403090625
0 0.5191800703125 0.568468890625 0.5614635156250001 0.56761179375 0.5694630859375 0.5560409859375001 0.5654633015625 0.5380419515625 0.4751824296875 0.5350421125 0.4763252265625 0.53675630625 0.47346823593750004 0.5594693734375 0.5191800703125 0.568468890625
0 0.5157516828125 0.574073884375 0.480896409375 0.5770737234375 0.4888959796875 0.60235808125 0.5671774953125001 0.6066435671875 0.5620349140625 0.5779308203125 0.5157516828125 0.574073884375
0 0.5385850234375 0.6411840484375 0.56372653125 0.6403269515625001 0.5740116937499999 0.6343272718749999 0.5757258875 0.6218993687500001 0.5631551328125 0.612042753125 0.492301790625 0.6107571078125 0.4877306078125 0.630898884375 0.499158565625 0.6420411453125 0.5385850234375 0.6411840484375
0 0.502060709375 0.6808671093750001 0.5014893109375 0.68172420625 0.5911987843750001 0.6765816250000001 0.579199428125 0.6444404921875 0.49234694531249995 0.6491545249999999 0.502060709375 0.6808671093750001
0 0.5902852453125 0.683728871875 0.50171856875 0.686728709375 0.5028613640625 0.7201554890625 0.5914280421875 0.7192983921875 0.5902852453125 0.683728871875
0 0.5906273859375 0.7280751671875 0.5014893109375 0.737503234375 0.5077746890625 0.7675016234375 0.599769753125 0.7606448484375 0.5906273859375 0.7280751671875
0 0.6976819890625 0.7733098093749999 0.6868254281249999 0.7878804578125 0.6862540296875 0.802451103125 0.7696781265625 0.856019659375 0.7953910328125 0.8320209453125 0.7188237109375 0.7775952937499999 0.6976819890625 0.7733098093749999
0 0.6710781203125 0.7095433718749999 0.6510791921875 0.7271138578125 0.6590787640625 0.7421130546875 0.7230753296875 0.7849678984375 0.7447884515625 0.7652546703125 0.74021726875 0.7511125703125 0.6710781203125 0.7095433718749999
0 0.646112796875 0.669079440625 0.637541828125 0.6849357328125001 0.7118235578125 0.7346473515625 0.7312510875 0.70936299375 0.6672545203125 0.65750863125 0.646112796875 0.669079440625
0 0.649736028125 0.5729804359374999 0.6314512953125 0.5751231796875 0.6131665609375 0.5858368890625 0.6143093578125 0.585408340625 0.639450865625 0.64669076875 0.6748775359375 0.6411196390625 0.677163128125 0.62269205625 0.649736028125 0.5729804359374999
0 0.5936938781250001 0.5065664812499999 0.6142642031250001 0.560563584375 0.6445482921875 0.5588493921875 0.6274063546875001 0.5044237390624999 0.5936938781250001 0.5065664812499999
0 0.6270832328125 0.490894115625 0.619655059375 0.46046717499999995 0.6030845203124999 0.4476107234375 0.576800215625 0.4501820140625 0.5847997859375 0.4926083078125 0.5967991421875001 0.5054647625 0.619655059375 0.50717895625 0.6270832328125 0.490894115625
0 0.6839458609375 0.41731243593749995 0.6273774671875 0.414312596875 0.629663059375 0.431454534375 0.6633755359375 0.4425967953125 0.6908026359375 0.43745421249999994 0.6839458609375 0.41731243593749995
0 0.5175698234375 0.3521061671875 0.5107130484375 0.3623913296875 0.5118558453125 0.373105040625 0.5107130484375 0.379533265625 0.583280584375 0.3975323 0.5792807984375 0.365819715625 0.5444255265625 0.3529632640625 0.5175698234375 0.3521061671875
0 0.11644574218749999 0.32196846562500003 0.12387391562500001 0.3579665328125 0.20901220468749998 0.3635376640625 0.201012634375 0.3249683046875 0.13473047656249998 0.31939717343749996 0.11644574218749999 0.32196846562500003
0 0.05483366562500001 0.2082134046875 0.0455349 0.22264982187500001 0.04382070625 0.23379208125 0.12249834531249999 0.255155778125 0.13095642968750001 0.230415878125 0.0835911546875 0.2113851875 0.05483366562500001 0.2082134046875
0 0.19106800625 0.2469581125 0.1750688640625 0.2413869828125 0.1482131609375 0.2439582734375 0.140213590625 0.2525292421875 0.1396421921875 0.256386178125 0.22763747343750002 0.3035265078125 0.24535080781250002 0.2846703765625 0.22763747343750002 0.2649571484375 0.19106800625 0.2469581125
0 0.2435060921875 0.2874106109375 0.2400777046875 0.3062667421875 0.3246445953125 0.346121746875 0.34235793124999997 0.32126593593749997 0.2732187828125 0.2796967375 0.2435060921875 0.2874106109375
0 0.378728046875 0.3465807796875 0.46100934843749997 0.372293684375 0.4667233265625 0.34229529375 0.3895846078125 0.3174394859375 0.378728046875 0.3465807796875
0 0.5917052734375 0.3897760671875 0.6562732390625 0.40306107031250005 0.6517020546875 0.3756339703125 0.592276671875 0.36749155 0.5917052734375 0.3897760671875
0 0.0677973515625 0.13327839218749998 0.0655101203125 0.1886562734375 0.1018798859375 0.1949998375 0.10836660468749999 0.1315641984375 0.0677973515625 0.13327839218749998
0 0.1592543359375 0.16721467968749998 0.1221134703125 0.151786934375 0.0918293796875 0.18907065 0.12439906249999999 0.2066411359375 0.1592543359375 0.16721467968749998
0 0.133838925 0.200697753125 0.1326961296875 0.20626888124999998 0.16755140156249998 0.219553884375 0.19783549218750002 0.1796988796875 0.16983699375 0.1664138765625 0.133838925 0.200697753125
0 0.2126574234375 0.187590190625 0.1886587109375 0.22615955 0.221799790625 0.24073019687500002 0.2463699015625 0.20173228906250001 0.2126574234375 0.187590190625
0 0.263406284375 0.2055159390625 0.23255079687500002 0.24451384687500002 0.265120478125 0.2616557828125 0.294261771875 0.2196580359375 0.263406284375 0.2055159390625
0 0.2964236609375 0.21739415 0.279853121875 0.2679628640625 0.3101372109375 0.2812478671875 0.3335645265625 0.231964796875 0.2964236609375 0.21739415
0 0.3770063375 0.250513734375 0.36614977656250003 0.2989397078125 0.40271924375 0.312224709375 0.4118616109375 0.2655129296875 0.3770063375 0.250513734375
0 0.4147764734375 0.2528370265625 0.4293811625 0.307258978125 0.4573796609375 0.3068304296875 0.44117328125000005 0.2546701390625 0.4147764734375 0.2528370265625
0 0.4443067703125 0.2611825953125 0.4494493515625 0.3044659890625 0.484876021875 0.310465665625 0.472876665625 0.2633253390625 0.457448921875 0.2564685640625 0.4443067703125 0.2611825953125
0 0.489608621875 0.30189129375 0.5187499156250001 0.3048911328125 0.505036365625 0.2556080609375 0.47532367343750004 0.2551795125 0.489608621875 0.30189129375
0 0.5184935421875 0.305953496875 0.5476348375 0.3063820453125 0.5276359109375 0.2588131703125 0.5024944015624999 0.2613844609375 0.5184935421875 0.305953496875
0 0.5523875640625 0.3097611671875 0.575814878125 0.3067613265625 0.565529715625 0.25662115937499996 0.534674228125 0.2609066453125 0.5523875640625 0.3097611671875
0 0.5830929515625 0.30636602968750004 0.617948225 0.3097944171875 0.6019490828125 0.25965425 0.5745219828125 0.2630826375 0.5830929515625 0.30636602968750004
0 0.6356545734375 0.26085691093749996 0.6527965109375 0.31142562812499996 0.6790808140625 0.307997240625 0.6664830921875 0.2606106890625 0.6356545734375 0.26085691093749996
0 0.1176787390625 0.06963656562500001 0.10329999375000001 0.08486111874999999 0.170908840625 0.12396062187500001 0.1834795953125 0.10981852343750001 0.1498194609375 0.0835924046875 0.1176787390625 0.06963656562500001
0 0.1823181421875 0.13318249843750002 0.2514572890625 0.166609275 0.2657422375 0.1430391109375 0.1977458859375 0.11346927031250001 0.1823181421875 0.13318249843750002
0 0.358904796875 0.1713023515625 0.341762859375 0.18972993437500002 0.33604887968749997 0.1983009015625 0.41147340468750004 0.230442034375 0.4166159859375 0.2073004203125 0.401759640625 0.1910155796875 0.358904796875 0.1713023515625
0 0.43943407968750003 0.20669360781249999 0.41886375468750003 0.21012199687500002 0.42400633593750003 0.22469264375 0.4777177390625 0.23840619218749998 0.4897170953125 0.22469264375 0.47314655625 0.211836190625 0.43943407968750003 0.20669360781249999
0 0.532767371875 0.1942652625 0.5167682296875 0.1929796171875 0.507054465625 0.20369332812500002 0.517339628125 0.2152641359375 0.5521949015625001 0.2315489765625 0.5659084515624999 0.21740687812499998 0.5619086656250001 0.20840736093749998 0.532767371875 0.1942652625
0 0.754569946875 0.42890017656249996 0.6997157453125 0.4203292078125 0.7037155312500001 0.443899371875 0.7591411296875 0.45161324374999995 0.754569946875 0.42890017656249996
0 0.6542247421875 0.3757042578125 0.6587959265625 0.398417325 0.7227924921875 0.411273778125 0.7170785140625 0.38256103124999996 0.678794853125 0.3709902234375 0.6542247421875 0.3757042578125
0 0.7514487765625 0.3827439703125 0.73659243125 0.385315259375 0.7348782375 0.394743325 0.7428778078125 0.4054570359375 0.793160825 0.41574220000000006 0.79144663125 0.394743325 0.7771616828125001 0.387029453125 0.7514487765625 0.3827439703125
0 0.5666762140625 0.190729675 0.5502921578125 0.1816127390625 0.5430690796875 0.173684971875 0.5298561312500001 0.1697210859375 0.5201666359375 0.17104238125 0.5123439140625 0.1782381703125 0.5096318171875 0.18311994375 0.5147848015625 0.192680084375 0.5307861734375 0.1947141578125 0.5383800453124999 0.20020615468749997 0.5459739171875 0.20508792812499999 0.5505844828125 0.21017311093750002 0.5549238359374999 0.21383444062499998 0.5619752890624999 0.2144446640625 0.569318803125 0.1997144796875 0.5666762140625 0.190729675
0 0.5284063515625 0.2125337859375 0.5157192234375 0.208093290625 0.49790272187499995 0.20313578593749998 0.48323782812499994 0.208635121875 0.48470431718749996 0.21633419062499998 0.489592615625 0.2229333921875 0.49301442343749996 0.22549975 0.5241773078125 0.238542396875 0.5377102453125 0.22585526875 0.5377102453125 0.21760863593750002 0.5284063515625 0.2125337859375
0 0.6946395578125 0.26826287656250003 0.67019806875 0.2667963859375 0.6809523234375 0.310057821875 0.704416153125 0.3118909328125 0.7073491328125 0.29429306093749996 0.6946395578125 0.26826287656250003
0 0.6814938265625 0.1896002671875 0.6702507421874999 0.18410093125 0.654119359375 0.200965559375 0.6971363796875 0.2324950796875 0.7030023359375 0.21599707499999998 0.6990916984375 0.203531915625 0.6814938265625 0.1896002671875
0 0.5949685234375 0.2041858859375 0.5895913953125 0.1902542359375 0.5749265015625 0.17705583281249998 0.5597727796874999 0.1704566296875 0.546574375 0.168256896875 0.5426637359375001 0.1755893421875 0.5636834171875 0.1942870828125 0.5763929906249999 0.2096852203125 0.5871472453125001 0.21151833281250002 0.5949685234375 0.2041858859375
0 0.7585185203125 0.3139081578125 0.75460788125 0.2974101546875 0.7467866046875 0.2897110859375 0.7370100093749999 0.28274526093749996 0.7203897984375 0.2849449953125 0.7321217125 0.3227070953125 0.7502084140624999 0.3274731859375 0.7614514984375 0.32344033906249997 0.7585185203125 0.3139081578125
0 0.825597740625 0.4513388984375 0.8270642296874999 0.44657280781250003 0.8192429546875 0.43740724843749995 0.8016450828125 0.4319079140625 0.7840472109375 0.430441425 0.7669381671875 0.4355741375 0.7732929546875 0.44950578593749996 0.78746901875 0.45317200937499996 0.8123993374999999 0.45683823281249997 0.825597740625 0.4513388984375
0 0.8268495124999999 0.39395438125000004 0.8082739812499999 0.39138802500000003 0.7955644078125 0.3924878921875 0.7931202578125001 0.39872047187500004 0.7960532359375 0.40825265312500003 0.8019191937500001 0.41558510000000004 0.8366261078124999 0.4199845671875 0.842492065625 0.41338536562500006 0.8385814265624999 0.4031199390625 0.8268495124999999 0.39395438125000004
0 0.7810432640625 0.304411253125 0.7737108171875 0.292312715625 0.7605124140624999 0.2827805359375 0.7487804984374999 0.2809474234375 0.7424257109375 0.2860801359375 0.7487804984374999 0.2915794703125 0.7522023078125 0.301478275 0.755624115625 0.3117436984375 0.757579434375 0.3220091234375 0.7707778390625 0.32714183750000003 0.7776214546875 0.324942103125 0.782509753125 0.3157765453125 0.7810432640625 0.304411253125
0 0.802778203125 0.3139949515625 0.796423415625 0.30116316875 0.7886021390625 0.2945639671875 0.7773590546875 0.290531121875 0.7700266078125 0.2916309890625 0.7729595859375 0.2989634359375 0.7763813953125001 0.305929259375 0.7773590546875 0.3117952171875 0.7768702249999999 0.3194942859375 0.7768702249999999 0.325726865625 0.788113309375 0.330859578125 0.7978899046875 0.330859578125 0.8022893734375 0.325726865625 0.802778203125 0.3139949515625
0 0.7593634140625001 0.234777334375 0.750564478125 0.2296446203125 0.7393213937499999 0.225245153125 0.7280783078125 0.22121230781249998 0.7192793734375 0.2208456859375 0.7114580968750001 0.22121230781249998 0.7090139484375 0.22487853124999999 0.7085251171875 0.229278 0.7099916078125 0.2369770671875 0.7358995859374999 0.24870898281249998 0.7520309671875001 0.24944222656249998 0.757896925 0.242843025 0.7593634140625001 0.234777334375
0 0.8155187875 0.25968351093750003 0.81747410625 0.25418417656250003 0.818451765625 0.2490514625 0.8116081484375 0.2424522609375 0.7993874046875 0.23951928281249998 0.7925437875 0.24171901718750002 0.783256021875 0.24135239375 0.7769012359375 0.24171901718750002 0.7690799578124999 0.243552128125 0.7690799578124999 0.24868484062500001 0.7710352781250001 0.25308430937500004 0.7734794265625 0.2582170203125 0.7891219796875 0.26334973437500003 0.8028092125 0.26701595624999996 0.812096978125 0.26518284531249997 0.8155187875 0.25968351093750003
0 0.105454553125 0.32840610937500003 0.14605336093750002 0.331577890625 0.1536656390625 0.31191284375 0.1291371921875 0.3055692796875 0.0927674265625 0.297957003125 0.0369440640625 0.299225715625 0.03609825625 0.315084625 0.0792344890625 0.32269690156249997 0.105454553125 0.32840610937500003
0 0.32086421249999997 0.1685839609375 0.28787768125 0.159702971875 0.2650408515625 0.1635091109375 0.2641950421875 0.17302445625 0.3250932546875 0.1971299984375 0.336088765625 0.190786434375 0.3403178078125 0.1800023765625 0.32086421249999997 0.1685839609375
0 0.5978391703125 0.17628172343749998 0.5878044109375 0.1687556546875 0.5791257015625 0.1661113609375 0.5715318296875 0.162043215625 0.5633955390625001 0.1587887 0.5552592484375001 0.15899210625 0.5528183609374999 0.1646875109375 0.5511911031250001 0.168348840625 0.5582425546875001 0.16956928437500002 0.566921265625 0.1728238 0.57207425 0.177095353125 0.57505755625 0.17994305625 0.58048175 0.18421460781250001 0.5861771546875 0.18848616093749998 0.5888892515624999 0.19296112031249998 0.5929573953125 0.1945883796875 0.6005512671875 0.193164528125 0.6038057828125 0.1868589015625 0.6048906234375 0.1817737203125 0.5978391703125 0.17628172343749998
0 0.8862813796875001 0.263926334375 0.8765178312499999 0.261688853125 0.8645846046875001 0.2612820390625 0.8534650078125001 0.2610786328125 0.8450575062500001 0.2612820390625 0.8458711359375 0.26738425625 0.8502104906250001 0.273486475 0.8521089578125001 0.2779614359375 0.8846541218749999 0.2832500234375 0.8925192031250001 0.274096696875 0.8900783156250001 0.267791071875 0.8862813796875001 0.263926334375
0 0.9222487656249999 0.28475150312499997 0.9192654578124999 0.27925950781250003 0.914383684375 0.272750475 0.9048913453124999 0.2694959578125 0.8972974734375001 0.2703095859375 0.8943141671875001 0.273564103125 0.8899748109375001 0.2776322484375 0.8913308609374999 0.2825140234375 0.8932293281250001 0.284548096875 0.9067898124999999 0.2892264640625 0.9138412640625001 0.292074165625 0.9206215078125 0.289633278125 0.9222487656249999 0.28475150312499997
0 0.9029789140625001 0.347334828125 0.90975915625 0.34285986875 0.9116576234375 0.33655424218749996 0.9086743171875 0.329841803125 0.9048773812500001 0.3217055125 0.9008092359375001 0.314789665625 0.8961986703125 0.309907890625 0.8899608484374999 0.3082806328125 0.8829093953125 0.3090942609375 0.8769427828125 0.31133174218750004 0.8761291546875001 0.31539988750000003 0.8764003640625001 0.3194680328125 0.8837230249999999 0.3294349890625 0.8869775421874999 0.33838490781249997 0.8940289937499999 0.34530075625 0.9029789140625001 0.347334828125
0 0.910599915625 0.4023799484375 0.9064247671875 0.3958040890625 0.8893066578125 0.3939252734375 0.8705184890625001 0.3939252734375 0.8517303203125 0.39643036249999997 0.8433800234375 0.401440540625 0.8467201421875 0.4145922578125 0.8546529234375001 0.417097346875 0.8813738765625001 0.41803675625 0.910599915625 0.4023799484375