0 0.209568675 0.7426216328125 0.229099925 0.7514106953125 0.31633950781250003 0.6879341328125 0.28508950781250003 0.6684028828125 0.209568675 0.7191841328125 0.209568675 0.7426216328125
0 0.3177083328125 0.759765625 0.31640625 0.7373046875 0.2825520828125 0.7314453125 0.1979166671875 0.80859375 0.21223958281250002 0.8271484375 0.2526041671875 0.8271484375 0.3177083328125 0.759765625
0 0.48046875 0.87890625 0.34375 0.8984375 0.3463541671875 0.951171875 0.4830729171875 0.92578125 0.48046875 0.87890625
0 0.6145833328125 0.8583984375 0.5065104171875 0.876953125 0.5104166671875 0.9169921875 0.6197916671875 0.9013671875 0.6145833328125 0.8583984375
0 0.734652878125 0.8222738109375 0.6461112109375 0.8408284984375 0.656527878125 0.8828206859375 0.754184128125 0.8613363109375 0.734652878125 0.8222738109375
0 0.754184128125 0.8241350078125 0.8466320453125 0.8544084453125 0.8557466281250001 0.8221818828125 0.7620734625 0.788504978125 0.754184128125 0.8241350078125
0 0.61328125 0.779296875 0.6848958328125 0.76953125 0.6640625 0.740234375 0.59765625 0.748046875 0.61328125 0.779296875
0 0.40436907343749995 0.763379725 0.51895240625 0.74970785 0.50723365625 0.704785975 0.3965565734375 0.7223641 0.40436907343749995 0.763379725
0 0.4970839546875 0.6650390625 0.3838027046875 0.6708984375 0.3903131203125 0.708984375 0.5075006203125 0.7021484375 0.4970839546875 0.6650390625
0 0.50033370625 0.61616088125 0.38314620625 0.61909056875 0.38575037343749996 0.65424681875 0.5029378734375001 0.65034056875 0.50033370625 0.61616088125
0 0.4875130953125 0.6134232328125 0.4914193453125 0.5851029203125 0.3872526796875 0.5772904203125 0.3833464296875 0.6104935453125 0.4875130953125 0.6134232328125
0 0.4745590046875 0.5398388390625 0.3990381703125 0.5398388390625 0.3795069203125 0.5456982140625 0.3716944203125 0.5652294640625 0.4093713171875 0.5759955921875 0.46023608749999995 0.5740185265625 0.48757983749999995 0.5613232140625 0.4745590046875 0.5398388390625
0 0.2195522078125 0.6953692296875 0.3146443171875 0.6343517921874999 0.28928642031249996 0.61255985 0.1915528640625 0.669615115625 0.2195522078125 0.6953692296875
0 0.23456053593749998 0.6240419687500001 0.3275394875 0.5586661421875 0.29267238125 0.5376666359375 0.2028631671875 0.5951181171875 0.23456053593749998 0.6240419687500001
0 0.2175403453125 0.569770446875 0.24025679218749998 0.5666007093750001 0.3047081109375 0.5265827796875 0.301010084375 0.5107340953125 0.27723705781249997 0.49884758125 0.2302192921875 0.525790346875 0.2027482390625 0.540846596875 0.1995785015625 0.5543179796875 0.2175403453125 0.569770446875
0 0.2535680515625 0.44171634531250004 0.22926673593750002 0.4504331203125 0.209191734375 0.468262890625 0.197569365625 0.4825267078125 0.20390883906249999 0.4932245703125 0.223983840625 0.503526215625 0.24775686718749998 0.49441322187500003 0.3005858171875 0.45716881249999997 0.2963595015625 0.44686716718749997 0.2762845 0.4361693046875 0.2535680515625 0.44171634531250004
0 0.2044371296875 0.37420339999999996 0.1980976546875 0.3813353078125 0.21447462968750003 0.404315903125 0.3048121328125 0.39441047500000004 0.3053404234375 0.3801466578125 0.2916048953125 0.365486625 0.2044371296875 0.37420339999999996
0 0.26096410468750003 0.3261810671875 0.23507792031250002 0.325388634375 0.20972002343749999 0.32816215312499997 0.1980976546875 0.3345016265625 0.20126739218749998 0.3491616609375 0.20866344531249997 0.35787843750000004 0.2255687078125 0.3590670875 0.2641338421875 0.3558973515625 0.2963595015625 0.3515389640625 0.3005858171875 0.33846379843749996 0.2873785796875 0.3249924171875 0.26096410468750003 0.3261810671875
0 0.23940553125 0.2893369640625 0.1992555296875 0.298846175 0.1886897390625 0.3055818671875 0.1945009234375 0.319449465625 0.2077081609375 0.32618515625 0.2214436890625 0.327373809375 0.2531410578125 0.32261920312500003 0.2975173765625 0.3115251234375 0.29223448125 0.2897331828125 0.2742726375 0.283789925 0.23940553125 0.2893369640625
0 0.372956025 0.5052630265625 0.36133365624999997 0.513979803125 0.3650316828125 0.5254700999999999 0.372956025 0.535375528125 0.4532560296875 0.5393377 0.466463265625 0.5242814484375 0.45695405468750006 0.511206284375 0.4173323421875 0.5044705921875 0.372956025 0.5052630265625
0 0.4140625 0.48359375 0.10625 0.04140625
0 0.3491883703125 0.431311221875 0.44975440312500004 0.43773945000000003 0.444611821875 0.4030270265625 0.3446171859375 0.39959863906250004 0.3491883703125 0.431311221875
0 0.4466907328125 0.39275879687500004 0.44154815156250005 0.363188953125 0.34783889375 0.357189275 0.3506958828125 0.3876162140625 0.4466907328125 0.39275879687500004
0 0.40463654531250004 0.33509363125 0.39949396406250004 0.3569496015625 0.48520365156249995 0.372377346875 0.48718569843750004 0.34255244375 0.40463654531250004 0.33509363125
0 0.48757955 0.36131975 0.4990075078125 0.369033621875 0.57157504375 0.379318784375 0.57157504375 0.351891684375 0.4904365390625 0.3403208765625 0.48757955 0.36131975
0 0.526069890625 0.40616232500000005 0.6009230171875 0.412162003125 0.587780865625 0.383020709375 0.522641503125 0.377878128125 0.526069890625 0.40616232500000005
0 0.526069890625 0.4284637765625 0.5346408593749999 0.43832039062500006 0.6066369968750001 0.44003458437500004 0.5986374265625 0.41346458124999996 0.527784084375 0.40832199999999996 0.526069890625 0.4284637765625
0 0.6422512609375 0.4791171546875 0.6468224453125 0.46368941250000006 0.6388228734375 0.44440473281250004 0.5593985640625 0.4435476359375 0.5593985640625 0.4611181203125 0.5656839406249999 0.4735460265625 0.6422512609375 0.4791171546875
0 0.6096815796875 0.5202578046874999 0.6519650265625 0.5194007078125 0.659964596875 0.5078299015625001 0.6559648109375 0.4898308671875 0.5656839406249999 0.486831028125 0.5668267359375 0.48854522187500005 0.563969746875 0.5112582890625 0.6096815796875 0.5202578046874999
0 0.6062531921875001 0.5284002265625001 0.5713979203124999 0.531400065625 0.579397490625 0.556684421875 0.6576790046875 0.56096990625 0.6525364234375 0.5322571625 0.6062531921875001 0.5284002265625001
0 0.6273949156249999 0.5986821703125 0.6525364234375 0.5978250734375 0.6628215859375 0.5918253953125 0.6645357796875 0.579397490625 0.6519650265625 0.5695408765625001 0.5811116843749999 0.56825523125 0.5765405015625 0.5883970078125 0.5879684593750001 0.5995392671875 0.6273949156249999 0.5986821703125
0 0.5942538359375 0.6415370140625 0.5936824390625 0.6423941109375 0.6833919109375 0.6372515296875 0.6713925546875 0.605110396875 0.584540071875 0.6098244296875001 0.5942538359375 0.6415370140625
0 0.6782493296875 0.6501079828125 0.589682653125 0.653107821875 0.5908254484375 0.6865346 0.6793921265625 0.685677503125 0.6782493296875 0.6501079828125
0 0.6828205140625 0.6938199234375 0.5936824390625 0.7032479890625 0.599967815625 0.7332463812500001 0.6919628796875 0.7263896046875 0.6828205140625 0.6938199234375
0 0.7780337953124999 0.7409576359375001 0.7671772359375 0.7555282812499999 0.7666058375 0.7700989296875 0.850029934375 0.8236674828125 0.875742840625 0.7996687703124999 0.7991755203124999 0.7452431203125001 0.7780337953124999 0.7409576359375001
0 0.7488925015625 0.675922484375 0.7288935750000001 0.6934929703125 0.7368931453124999 0.708492165625 0.8008897140625001 0.751347009375 0.822602834375 0.73163378125 0.8180316515625 0.717491684375 0.7488925015625 0.675922484375
0 0.7260817390625001 0.6285763484375 0.7175107703125 0.644432640625 0.7917925 0.694144259375 0.8112200296875001 0.6688599015625 0.7472234624999999 0.617005540625 0.7260817390625001 0.6285763484375
0 0.73179571875 0.5256908578124999 0.7135109859375001 0.5278336 0.6952262515625 0.5385473109375 0.696369046875 0.5381187625 0.7215105562499999 0.5994011890625 0.7569372265625 0.593830059375 0.75922281875 0.5754024765625 0.73179571875 0.5256908578124999
0 0.6715245265625 0.45918118750000003 0.6920948515625 0.5131782890625 0.722378940625 0.5114640953125 0.7052370031249999 0.45703844531250004 0.6715245265625 0.45918118750000003
0 0.710289278125 0.43746329375000004 0.7028611046875 0.4070363546875 0.686290565625 0.3941799015625 0.6600062609374999 0.3967511921875 0.66800583125 0.4391774875 0.6800051875 0.45203394062499996 0.7028611046875 0.45374813437499995 0.710289278125 0.43746329375000004
0 0.7549937765625 0.3678326390625 0.6984253828125 0.36483279999999996 0.7007109734375 0.3819747375 0.7344234515625 0.393116996875 0.7618505515625 0.387974415625 0.7549937765625 0.3678326390625
0 0.5875967625 0.28553440625 0.5807399875 0.29581956875 0.5818827828125 0.3065332796875 0.5807399875 0.31296150625 0.6533075234375 0.330960540625 0.6493077375 0.29924795625 0.6144524640625 0.286391503125 0.5875967625 0.28553440625
0 0.15034189375 0.23531219375 0.1577700671875 0.2713102609375 0.24290835624999998 0.2768813921875 0.2349087859375 0.23831203125 0.1686266265625 0.2327409015625 0.15034189375 0.23531219375
0 0.0806990765625 0.10688573906250001 0.06927111875 0.11074267499999998 0.0766992921875 0.121884934375 0.07612789375 0.135598484375 0.0744137 0.14674074374999999 0.162980378125 0.171596553125 0.1709799484375 0.13988396875 0.12126832968750001 0.11545670781249999 0.0806990765625 0.10688573906250001
0 0.24658857812499999 0.163282190625 0.23058943593749998 0.1577110609375 0.2037337328125 0.16028235 0.1957341625 0.1688533203125 0.1951627640625 0.17271025625 0.2831580453125 0.219850584375 0.3008713796875 0.2009944515625 0.2831580453125 0.1812812234375 0.24658857812499999 0.163282190625
0 0.29211630781250003 0.20666717812500002 0.2886879203125 0.2255233078125 0.37325481250000003 0.2653783140625 0.3909681484375 0.2405225046875 0.32182900000000003 0.19895330625000002 0.29211630781250003 0.20666717812500002
0 0.43729653281249997 0.27360539687499996 0.5195778328125 0.299318303125 0.5252918125 0.2693199125 0.4481530921875 0.24446410312500003 0.43729653281249997 0.27360539687499996
0 0.6678443046875 0.3281834421875 0.7324122703125 0.34146844375 0.7278410859375 0.31404134375 0.668415703125 0.305898921875 0.6678443046875 0.3281834421875
0 0.102092634375 0.0321633 0.099805403125 0.08754118125 0.13617516875 0.09388474375 0.1426618859375 0.030449106250000003 0.102092634375 0.0321633
0 0.2032526421875 0.0693792828125 0.166111778125 0.0539515390625 0.1358276890625 0.0912352546875 0.1683973703125 0.108805740625 0.2032526421875 0.0693792828125
0 0.1773104796875 0.1058905640625 0.1761676828125 0.11146169375 0.21102295624999998 0.1247466953125 0.241307046875 0.084891690625 0.2133085484375 0.07160668906249999 0.1773104796875 0.1058905640625
0 0.263294578125 0.092639428125 0.239295865625 0.1312087875 0.2724369453125 0.14577943437500002 0.2970070546875 0.106781525 0.263294578125 0.092639428125
0 0.31554362343750003 0.11876395 0.28468813437499996 0.15776185781250002 0.3172578171875 0.1749037953125 0.34639911093750003 0.1329060484375 0.31554362343750003 0.11876395
0 0.3512898578125 0.13508265625 0.3347193171875 0.185651371875 0.3650034078125 0.19893637343749998 0.388430721875 0.149653303125 0.3512898578125 0.13508265625
0 0.43571871093750003 0.163666028125 0.42486214999999994 0.21209200312499998 0.46143161718750003 0.22537700468750002 0.4705739828125 0.17866522499999998 0.43571871093750003 0.163666028125
0 0.47465370937499995 0.178545075 0.4892583984375 0.2329670234375 0.517256896875 0.232538475 0.5010505171874999 0.1803781875 0.47465370937499995 0.178545075
0 0.509594178125 0.185717646875 0.5147367593750001 0.2290010390625 0.5501634296875 0.2350007171875 0.5381640734375 0.1878603890625 0.5227363296875 0.1810036140625 0.509594178125 0.185717646875
0 0.5567790796875001 0.22882019531250003 0.5859203734375 0.231820034375 0.5722068234375 0.1825369625 0.5424941328124999 0.1821084140625 0.5567790796875001 0.22882019531250003
0 0.5913932281250001 0.2358627484375 0.620534521875 0.236291296875 0.6005355953125 0.1887224203125 0.5753940859375 0.1912937109375 0.5913932281250001 0.2358627484375
0 0.6263244890624999 0.23825812968750001 0.6497518046875 0.23525829062499998 0.6394666421874999 0.1851181234375 0.6086111546875 0.1894036078125 0.6263244890624999 0.23825812968750001
0 0.6589767390625 0.23838198125 0.6938320124999999 0.24181036875 0.6778328703125001 0.1916702015625 0.6504057703125 0.1950985890625 0.6589767390625 0.23838198125
0 0.7121927359375 0.1941894359375 0.7293346734374999 0.2447581515625 0.7556189765625 0.2413297640625 0.7430212546875 0.1939432125 0.7121927359375 0.1941894359375
0 0.2478218921875 0.018396334375 0.233443146875 0.0336208875 0.30105199374999997 0.07272039062499999 0.3136227484375 0.058578293749999996 0.2799626140625 0.032352175 0.2478218921875 0.018396334375
0 0.3175999578125 0.0791655515625 0.3867391046875 0.112592328125 0.401024053125 0.08902216406249999 0.3330277015625 0.059452323437499996 0.3175999578125 0.0791655515625
0 0.4176171703125 0.0868963546875 0.40047523281249997 0.10532393749999999 0.394761253125 0.1138949078125 0.470185778125 0.1460360390625 0.475328359375 0.122894425 0.4604720140625 0.10660958281249999 0.4176171703125 0.0868963546875
0 0.5030298703125 0.127470378125 0.4824595453125 0.1308987671875 0.4876021265625 0.1454694140625 0.5413135312499999 0.1591829625 0.5533128875 0.1454694140625 0.5367423484375 0.132612959375 0.5030298703125 0.127470378125
0 0.575345571875 0.1247610109375 0.5593464296875 0.12347536562500001 0.549632665625 0.1341890765625 0.559917828125 0.145759884375 0.5947731015625 0.162044725 0.6084866515625 0.1479026265625 0.604486865625 0.138903109375 0.575345571875 0.1247610109375
0 0.8281552859374999 0.373711171875 0.7733010859375 0.365140203125 0.777300871875 0.38871036718749996 0.8327264703124999 0.3964242390625 0.8281552859374999 0.373711171875
0 0.7321830125 0.31455455468750004 0.7367541953125001 0.33726762187500003 0.8007507625000001 0.350124075 0.7950367828125 0.32141132968749997 0.7567531234375 0.309840521875 0.7321830125 0.31455455468750004
0 0.8369555125 0.32891939375 0.8220991671875 0.331490684375 0.8203849734374999 0.34091875 0.82838454375 0.3516324609375 0.8786675609374999 0.3619176234375 0.8769533671874999 0.34091875 0.86266841875 0.333204878125 0.8369555125 0.32891939375
0 0.6100858703125 0.12909050625000001 0.6028627921874999 0.1211627359375 0.58964984375 0.117198853125 0.5799603484375 0.11852014687500001 0.5764368953125001 0.12578726875 0.5873596 0.12948689375 0.5977537859375001 0.136754015625 0.6049768640625001 0.1403215125 0.6086764890625 0.1506276125 0.6104382171875 0.15247742343749998 0.6215370921875001 0.154987884375 0.6291125171874999 0.1471922453125 0.6264699265625 0.138207440625 0.6100858703125 0.12909050625000001
0 0.6083241453125 0.12525875 0.6211847484375 0.1342435546875 0.628760171875 0.13926447656250002 0.6343976953125 0.13833956875 0.6412684296875 0.13133670625 0.641620775 0.124598103125 0.635278559375 0.11904866562500001 0.6285839984375 0.11402774375 0.6275269625 0.11046024843749999 0.609557353125 0.09764368906250001 0.6000440296875 0.08892314375 0.5919400890625 0.0906408265625 0.5771415859375 0.10715701250000001 0.5884166359375 0.11733098281250001 0.59810613125 0.11918079374999999 0.6083241453125 0.12525875
0 0.634012215625 0.164246803125 0.6188584921875 0.1624136921875 0.5953946640625001 0.1631469375 0.5807297703125001 0.168646271875 0.5821962609375 0.176345340625 0.5870845578125 0.18294454375 0.590506365625 0.1855108984375 0.6354787046875 0.18697738749999998 0.6447664703125 0.1807448078125 0.6408558328125 0.169379515625 0.634012215625 0.164246803125
0 0.7703957234375001 0.2075082390625 0.745954234375 0.20604174843749998 0.7567084890625 0.249303184375 0.7801723171875 0.2511362953125 0.783105296875 0.23353842500000002 0.7703957234375001 0.2075082390625
0 0.7615967859375 0.1228184796875 0.7503537015624999 0.11731914531250001 0.7342223203125 0.13418377343750001 0.7772393390625 0.1657132921875 0.783105296875 0.1492152875 0.7791946578125 0.1367501296875 0.7615967859375 0.1228184796875
0 0.6657861515625 0.1286844375 0.6604090234375 0.1147527890625 0.6457441296875001 0.101554384375 0.6305904078125 0.094955184375 0.6173920046875 0.0927554484375 0.613481365625 0.1000878953125 0.6345010453125 0.1187856359375 0.6472106203125 0.13418377343750001 0.657964875 0.13601688437499998 0.6657861515625 0.1286844375
0 0.8329659328125001 0.24563696093749998 0.8290552953124999 0.22913895625 0.82123401875 0.22143988750000002 0.8114574234375 0.21447406249999998 0.7948372109374999 0.21667379687500002 0.8065691265625 0.254435896875 0.8246558265624999 0.2592019875 0.8358989125 0.25516914218750003 0.8329659328125001 0.24563696093749998
0 0.8974914640625 0.3974186046875 0.8989579531249999 0.392652515625 0.8911366765625001 0.38348695781250003 0.8735388046875 0.377987621875 0.8559409328124999 0.3765211328125 0.838831890625 0.3816538453125 0.845186678125 0.39558549374999996 0.8593627421875001 0.39925171718749997 0.8842930609374999 0.40291794062499997 0.8974914640625 0.3974186046875
0 0.9141116765625 0.340225521875 0.8955361453125 0.337659165625 0.8828265703125 0.33875903281249997 0.880382421875 0.3449916125 0.8833154000000001 0.35452379375 0.8891813578125 0.361856240625 0.923888271875 0.3662557078125 0.9297542296874999 0.3596565046875 0.925843590625 0.3493910796875 0.9141116765625 0.340225521875
0 0.8588739109375 0.2401376265625 0.8515414640625 0.2280390890625 0.8383430609375001 0.218506909375 0.8266111468749999 0.21667379687500002 0.820256359375 0.221806509375 0.8266111468749999 0.2273058453125 0.8300329546875 0.23720464687499998 0.8334547640625001 0.24747007187499998 0.8354100828125001 0.25773549687499997 0.8486084859374999 0.2628682109375 0.855452103125 0.2606684765625 0.8603404015624999 0.25150291875 0.8588739109375 0.2401376265625
0 0.8867372078125 0.2533360296875 0.880382421875 0.2405042484375 0.8725611453125 0.233905046875 0.8613180609375 0.22987220156250002 0.8539856140625 0.23097206875 0.8569185921875 0.23830451562500002 0.8603404015624999 0.2452703390625 0.8613180609375 0.2511362953125 0.86082923125 0.25883536406249996 0.86082923125 0.26506794375 0.8720723156249999 0.27020065625 0.8818489109375 0.27020065625 0.8862483796875 0.26506794375 0.8867372078125 0.2533360296875
0 0.845186678125 0.1715792515625 0.8363877421874999 0.1664465375 0.8251446578125 0.1620470703125 0.8139015734375 0.1580142234375 0.8051026359375 0.1576476015625 0.7972813609375 0.1580142234375 0.7948372109374999 0.1616804484375 0.7943483812500001 0.166079915625 0.7958148703125 0.173778984375 0.8217228484374999 0.1855108984375 0.83785423125 0.18624414375 0.8437201890624999 0.1796449421875 0.845186678125 0.1715792515625
0 0.8955361453125 0.196876190625 0.8974914640625 0.19137685625 0.8984691234375 0.18624414375 0.8916255062499999 0.1796449421875 0.8794047624999999 0.1767119640625 0.8725611453125 0.178911696875 0.8632733796875 0.178545075 0.8569185921875 0.178911696875 0.8490973171875 0.1807448078125 0.8490973171875 0.1858775203125 0.8510526359374999 0.19027698906249998 0.853496784375 0.19540970156249998 0.8691393359375 0.20054241562500003 0.8828265703125 0.20420863749999998 0.8921143359375 0.20237552656250002 0.8955361453125 0.196876190625