0 0.762562459375 0.7893107500000001 0.751020528125 0.8057910421875001 0.7441343859375 0.8230848375 0.7526905875 0.8554255828124999 0.7698665328125001 0.8699938796875 0.79634480625 0.87821561875 0.8004463234375001 0.873305015625 0.8241254828125 0.8289855125000001 0.8444564968750001 0.7833515265625 0.8494714703125 0.7528610312499999 0.8286014625 0.7272785234375 0.8086018765625 0.7176878 0.7898093796875 0.7258150234375 0.77849430625 0.754266828125 0.762562459375 0.7893107500000001
0 0.7137709765625 0.7178434765625 0.6950882875 0.715725346875 0.6826349078125 0.733296884375 0.6749266109375001 0.7499780859375 0.641656728125 0.8142971765624999 0.6331447812500001 0.8463129234375 0.6430291390625 0.8696111796875 0.6591355578125 0.88013688125 0.6734395937500001 0.884303559375 0.6853572078125 0.8769550515625 0.6939174234375 0.8603184953125 0.7054501046875 0.8358646359374999 0.723056021875 0.8014779546874999 0.7371054421875 0.7697524140625001 0.7422282171875 0.7535052140625 0.7321950359375 0.7330466890625 0.7137709765625 0.7178434765625
0 0.6412275375 0.73283533125 0.6301043203125001 0.7168757296875 0.6143048015625 0.708644134375 0.603843653125 0.7126519359375 0.586109421875 0.7413368328125001 0.565492021875 0.776135196875 0.5364242109374999 0.8173247625 0.5306466109375 0.846066775 0.5417493171875 0.8705678921875 0.564393953125 0.8785887203125 0.5790551671874999 0.8759400453125 0.591329959375 0.8617761859374999 0.607300821875 0.8341378859375 0.62218165 0.8109985078124999 0.6336547984374999 0.7876805390625 0.6406004703125 0.7692508515625 0.6494378203125 0.755476346875 0.6492109625 0.743504834375 0.6412275375 0.73283533125
0 0.9541999953125 0.734999875 0.948405896875 0.7233061015625 0.9355583296875001 0.7157987171875 0.9253650656250001 0.7146950046875 0.91198173125 0.7174106484375 0.9026794046875001 0.72375720625 0.9010833640625 0.7379112109375 0.9026568828125001 0.756787371875 0.9076750890625 0.80773639375 0.91055424375 0.8506002296874999 0.9343074234375001 0.870069271875 0.95366344375 0.8756397249999999 0.9629955359375 0.868725221875 0.9668496843750001 0.8603846203125001 0.9670692984375 0.839893915625 0.9688644375000001 0.813790721875 0.9657266515625 0.7840119671875 0.9630240765625 0.7622291062500001 0.9541999953125 0.734999875
0 0.5156700296875 0.7080309515625001 0.5058319359375 0.7246005375 0.48499692968749997 0.7554009546875 0.46115969375 0.794586621875 0.44090872187499996 0.8305431984375 0.436369984375 0.8519465593750001 0.45200942031249997 0.8795329671875001 0.4739602140625 0.892642984375 0.49565639375000003 0.869860784375 0.5063073874999999 0.8459302234375 0.5257659718750001 0.8087931046874999 0.5442833406250001 0.7733151781250001 0.5546869640625001 0.74595461875 0.5479218875 0.7364879796875 0.5294885765624999 0.7133111999999999 0.5156700296875 0.7080309515625001
0 0.42416676718749996 0.718042625 0.3856683171875 0.7598769640625 0.354500475 0.8003869671875 0.3369540828125 0.8336377562499999 0.3391208921875 0.8656436484375 0.366043628125 0.8898348453124999 0.38210177968750003 0.8849813578125 0.41329938593750004 0.843903409375 0.42663445156249996 0.8258085734374999 0.4435167640625 0.7970790296875 0.45763496562499995 0.772191165625 0.46205464375 0.7530595890625 0.45101146875 0.727422578125 0.4287835390625 0.711450509375 0.42416676718749996 0.718042625
0 0.32417608124999997 0.702551228125 0.301559203125 0.7184511046875001 0.2783172625 0.7462778515624999 0.24905235937499998 0.77492795625 0.23346843750000001 0.7951829578125 0.21687452031249999 0.810259475 0.20096318750000003 0.83676188125 0.2041902671875 0.8648367984374999 0.21843276562499997 0.89462801875 0.2359268703125 0.8949753406250001 0.252768159375 0.8833288234375001 0.267688003125 0.8675950671875 0.293911659375 0.8399245890625 0.31183373125 0.81580558125 0.339266484375 0.781364396875 0.35387942968749997 0.7633365328124999 0.3579716953125 0.7504523625 0.35246599375 0.7251055578125001 0.33747937499999997 0.7095129890625 0.32417608124999997 0.702551228125
0 0.7942451187499999 0.5107742421875 0.7869032515625001 0.5286136609375001 0.795152553125 0.5586602968750001 0.8031154640624999 0.5778713125 0.8115618578125 0.6204574093749999 0.82061480625 0.635169503125 0.8304211296874999 0.643656515625 0.8516595765625 0.6459085859375 0.8648848328125001 0.638059103125 0.866501384375 0.615363584375 0.8582130687499999 0.577911325 0.8444077890624999 0.5316273453125 0.8405258828125 0.51604724375 0.8270942796874999 0.5033836984375 0.81477121875 0.5021683671875 0.8044588953125 0.5033364406249999 0.7942451187499999 0.5107742421875
0 0.69252083125 0.49576149531249997 0.6909340453125 0.51788906875 0.6998864421875 0.5508200828125001 0.7099863953125001 0.602604934375 0.7165431171875001 0.6160471937499999 0.7312135828125 0.6213720875 0.7449038171875 0.6209505515625 0.75079846875 0.6144254046875 0.757089315625 0.6084905296875001 0.7569127359375 0.5874095546875 0.752616128125 0.555292046875 0.749031871875 0.5340324828125 0.7449025953125 0.5150223796875 0.73723733125 0.4901319046875 0.72554858125 0.48496327656249993 0.70288343125 0.48548396406250005 0.69252083125 0.49576149531249997
0 0.6513218171874999 0.491324325 0.6391568328125 0.49524283125 0.63342025625 0.506901815625 0.63747874375 0.5435628921875 0.6430717328125 0.5916945078125 0.6592561875 0.6170314546875 0.67149920625 0.6279241921875001 0.69017264375 0.622068753125 0.699960459375 0.614608628125 0.6986845890625 0.59005300625 0.6928719875 0.5624120953125 0.6893472593750001 0.540016640625 0.682602696875 0.5220084875000001 0.675986446875 0.5097021203125001 0.669033528125 0.49566959062500004 0.6513218171874999 0.491324325
0 0.5902627875 0.46648312968749994 0.5799597171875 0.47562476875000004 0.5774614812500001 0.49884358593749994 0.5885191468750001 0.589405034375 0.5935208546874999 0.59991826875 0.6161059625 0.6090749875 0.6317679187499999 0.60363123125 0.6364647328124999 0.587361709375 0.636446228125 0.571414571875 0.6323487234375 0.527347871875 0.628844509375 0.49641090312499997 0.6212983046875 0.46924864375 0.6033689859375 0.46090543124999994 0.5902627875 0.46648312968749994
0 0.5336399359375 0.4629461453125 0.52199945625 0.47315670781249997 0.519917928125 0.4884242796875 0.5282412484375001 0.5822594624999999 0.537532315625 0.5924279875 0.5509546671875001 0.5971179640625001 0.5632777296875 0.59833329375 0.57550224375 0.59327889375 0.57818831875 0.57462596875 0.57728813125 0.55920213125 0.57353654375 0.5248351625 0.567586378125 0.4835189 0.5601089546875 0.46319431718750004 0.5461118203125 0.46132174531250003 0.5336399359375 0.4629461453125
0 0.48501176562500004 0.4535635796875 0.472727721875 0.459753871875 0.46708969375000003 0.4776825859375 0.464987653125 0.501491671875 0.4675599078125 0.5420613999999999 0.4687259734375 0.5768623734375 0.4721131359375 0.5855824765625 0.48520807499999996 0.5965198609375 0.5038609984375 0.5992059375000001 0.5165319875 0.585632346875 0.5191677859375 0.5760888828125 0.5184164203125 0.5578253156249999 0.516279378125 0.5252514765625 0.51515233125 0.49785612500000004 0.5076954203125 0.468990028125 0.500346309375 0.454367228125 0.48501176562500004 0.4535635796875
0 0.4059618828125 0.44600371406250006 0.4015534625 0.448620209375 0.396895665625 0.472295353125 0.39377236875 0.5074410390625 0.3932551078125 0.533611203125 0.3916775734375 0.56371234375 0.39711449375 0.582221471875 0.4114482953125 0.585820203125 0.43453940312499995 0.5853218390625 0.43964166562500007 0.5776161546874999 0.44262538906250004 0.55328376875 0.442906540625 0.5071685203125 0.44284901718749997 0.4838157625 0.4426631828125 0.45476122031250005 0.43154921875 0.446775184375 0.42403077031249997 0.4435336296875 0.415937540625 0.44310948124999994 0.4059618828125 0.44600371406250006
0 0.322875246875 0.4991694296875 0.3181969375 0.5313860890625001 0.31472772187500003 0.5568320421874999 0.328228109375 0.5763332640625001 0.346455075 0.5789970171875 0.3608391515625 0.5734862890625 0.36882458281249997 0.5596671390625 0.37362395937500004 0.5006900453124999 0.3774616109375 0.45191365625 0.3745599359375 0.44207998593750003 0.3486954640625 0.43844646093749995 0.33582738437500004 0.4394805921875 0.330487003125 0.4517298453125 0.3258589703125 0.47483704531250004 0.322875246875 0.4991694296875
0 0.91520235 0.5826065265625 0.9162441187500001 0.5627284140625 0.9076376406250001 0.53949713125 0.8979318734374999 0.5127911984375 0.8882353593750001 0.494058834375 0.8750901421874999 0.4922309125 0.8671252234375 0.4975085484375 0.8556930984375001 0.5037434859375 0.8446869328125001 0.51000075 0.8436061484374999 0.5224732375000001 0.8750595921875 0.6232156796874999 0.8954256078125 0.6339646171875 0.9090265484375 0.63524691875 0.9199731859375 0.6301255484375 0.9241342343750001 0.6240790546875 0.9267997984375 0.61396764375 0.92334385 0.5984098640625 0.91520235 0.5826065265625
0 0.8645211953124999 0.481995415625 0.8680664359374999 0.49584935625000004 0.8822719234375 0.4937463046875 0.8909491921875 0.4993266140625 0.8997342578125 0.519150221875 0.9076971703125001 0.5383612375 0.914629575 0.56093528125 0.915490746875 0.5689534953125001 0.9266847546875001 0.567262125 0.935868021875 0.563187353125 0.9377617078125 0.5433538875 0.9317705171874999 0.519120653125 0.9277007703125 0.49897465937499996 0.9172026140625 0.4710881890625 0.89948165 0.458769353125 0.8800661 0.4543347921875 0.8708325546875001 0.467519025 0.8645211953124999 0.481995415625
0 0.8618564171875001 0.3616900046875 0.844749253125 0.353959384375 0.8295820390624999 0.3662631421875 0.830482228125 0.3816869796875 0.85076619375 0.42660197499999997 0.86810946875 0.45427767656249995 0.8779958328124999 0.4530872828125 0.8946975484375 0.45225406250000005 0.8983936203124999 0.438779625 0.8898261609375 0.4229539625 0.8872518984375001 0.40687288437499997 0.8788240078125 0.3802339234375 0.8618564171875001 0.3616900046875
0 0.7813017953125 0.34209165625 0.7825591625 0.350700140625 0.7942941734375 0.3957366109375 0.80682358125 0.41746496874999994 0.8277941453125001 0.42482855468749997 0.830855903125 0.4153074140625 0.835433659375 0.401309675 0.8299577234375001 0.375394925 0.8217269265624999 0.3612954265625 0.8065617203125001 0.34911053281250004 0.790574359375 0.3363130453125 0.7813017953125 0.34209165625
0 0.7618174640625 0.33081941875 0.7479691515625 0.32610711875 0.738002746875 0.33697491875 0.7429819359375001 0.3805183203125 0.75411440625 0.4044514921875 0.7784331156250001 0.413129559375 0.7882599484374999 0.41307505468750005 0.7914407671875 0.4012821296875 0.79319488125 0.3922619625 0.78967940625 0.37784007656249996 0.784054646875 0.3547650578125 0.7783888609375 0.348773065625 0.7717130796875 0.33760258906249996 0.7618174640625 0.33081941875
0 0.6974790703125 0.31150141875 0.6849774203125001 0.3136937640625 0.6772988875 0.329807021875 0.6855071625 0.3769366875 0.6973724921875 0.403186290625 0.7183430578125 0.410549878125 0.7375615125 0.402444978125 0.7388804171875 0.3854289203125 0.7363656828125 0.36821195156250003 0.73269213125 0.3486562265625 0.728661403125 0.33591585468749996 0.719548921875 0.3223396515625 0.7109609515625 0.315055503125 0.6974790703125 0.31150141875
0 0.6378354828125 0.3004025484375 0.6262155171875 0.3020715953125 0.6208751359375 0.3143208484375 0.62046768125 0.3302456609375 0.6322324578125 0.3747141859375 0.6375205546875 0.3960630421875 0.657153709375 0.40449555000000004 0.672973740625 0.40418563125 0.6784927093750001 0.38852870156249997 0.6809704328125 0.3738513984375 0.67793119375 0.350342375 0.6739805078125001 0.32792459531249996 0.6625001109374999 0.3187803453125 0.6554281359374999 0.3070196 0.6378354828125 0.3004025484375
0 0.56699588125 0.3154836984375 0.5795120218750001 0.37821578906250003 0.5923688421875 0.393696740625 0.617440925 0.396149725 0.62058283125 0.378090196875 0.6165038328125 0.34997063281249996 0.6123950687499999 0.322419015625 0.6037085484375 0.3088651375 0.5934762671875 0.300355803125 0.572029465625 0.30207935468749997 0.56699588125 0.3154836984375
0 0.5235163421875 0.3394023046875 0.5244853125 0.36166381875 0.5278519640625 0.3789254359375 0.5411552578125 0.38588719843749997 0.556063840625 0.38666852343749997 0.56585165625 0.3792083984375 0.56346724375 0.34320456093749996 0.5596263625 0.3105414296875 0.5538025 0.29941560156249997 0.54001371875 0.2935674078125 0.5279975578125 0.29464618593749997 0.521438828125 0.3056925765625 0.5207542390625 0.3187553359375 0.5235163421875 0.3394023046875
0 0.47079791562500006 0.318415259375 0.4692408921875 0.33997488593749997 0.47090370625 0.3571472078125 0.47326036250000003 0.36923034062500004 0.48534530625 0.3749892390625 0.4985500515625 0.3756812703125 0.5097738234375 0.373421953125 0.511498171875 0.364969734375 0.5132748078125 0.322919403125 0.5111470171875 0.29831913593750004 0.5068391531249999 0.282716709375 0.49177249375 0.2768015453125 0.4824311484375 0.275742478125 0.47458528749999995 0.27874833125 0.4680655765625 0.29720034375000004 0.47079791562500006 0.318415259375
0 0.414727325 0.3450910328125 0.416509196875 0.359991571875 0.428811746875 0.369748415625 0.4441760546875 0.3699841203125 0.45360669531250003 0.3693393484375 0.4590066046875 0.3559542 0.457208234375 0.3006178765625 0.4530491921875 0.28217571874999997 0.442390953125 0.27364406093750004 0.423282303125 0.2715036078125 0.4154662078125 0.2739415140625 0.41363205000000003 0.2926390859375 0.4146400375 0.3223062203125 0.414727325 0.3450910328125
0 0.35157550937500004 0.35203249531249997 0.36038108750000003 0.3633145875 0.376082059375 0.365276453125 0.3890691984375 0.3619705390625 0.3945881671875 0.346313609375 0.40167541875 0.292581971875 0.39940805625000003 0.278795 0.38926506875 0.268581828125 0.368938071875 0.2652385109375 0.360517428125 0.2710617703125 0.3571672734375 0.294235940625 0.3548661328125 0.3299942171875 0.35157550937500004 0.35203249531249997
0 0.2962602984375 0.34799453593749996 0.3180232515625 0.3565386609375 0.3334470890625 0.355638471875 0.340651390625 0.3241237015625 0.3431496265625 0.3009048828125 0.3401791703125 0.2842335359375 0.33053092500000003 0.2808803625 0.31528567500000004 0.27837287499999996 0.30285280625 0.2874028984375 0.296887365625 0.31157901718750003 0.2962602984375 0.34799453593749996
0 1 0.4334555796875 0.9882731937499999 0.4201402703125 0.970046228125 0.41747651562500004 0.9558890078125 0.4349587578125 0.9962896140625 0.5116813421875 1 0.512440153125 1 0.4334555796875
0 0.8976041265625 0.28383263125 0.8846077343750001 0.27916497812499996 0.8755435265625 0.2809679640625 0.86834123125 0.2879940859375 0.8698757328125 0.29946462500000004 0.891121425 0.3341789171875 0.9071087859375 0.346976403125 0.9170936968750001 0.3520557375 0.9268610015625001 0.353137125 0.9345692968750001 0.3364559234375 0.9347683984374999 0.32450673281250003 0.9243687875000001 0.302889990625 0.9091738156250001 0.29127304375 0.8976041265625 0.28383263125
0 0.8440449359375 0.24514683750000002 0.8518795359375 0.25865606875 0.863023265625 0.2660741578125 0.8757425218750001 0.2678797578125 0.8820928984374999 0.2608089890625 0.8795093828124999 0.23675434375 0.8703671390625001 0.2237460875 0.8581241203125 0.21285335156250001 0.8456727468749999 0.20593623593750002 0.8361230484375 0.20885279375 0.8339132078124999 0.21841858125 0.8378546453125001 0.2328627921875 0.8440449359375 0.24514683750000002
0 0 0.8886486796874999 0.042818379687500005 0.8877024828125 0.058058390625 0.8332591 0.079946425 0.766065490625 0.094790240625 0.7110318390625 0.08131036875 0.6829891031249999 0.0562680515625 0.6799681734374999 0.02843185625 0.68135686875 0.0173754125 0.6967235921875 0.0056046171875 0.7257210203125 0 0.7402170296875 0 0.8886486796874999
0 0.0321319421875 0.618905128125 0.0335268734375 0.6411889671875 0.036923290625 0.6578826375 0.0553678625 0.6645443359375001 0.08354072031250001 0.6648818000000001 0.1087523734375 0.6565214875 0.150687040625 0.50836961875 0.143427225 0.49204298281250003 0.1251612421875 0.48197360624999996 0.0988112796875 0.4794536515625 0.0849126921875 0.4838508109375 0.075312715625 0.4958768296875 0.0576955359375 0.5467785921874999 0.0321319421875 0.618905128125
0 0.1049983421875 0.410298175 0.102529871875 0.432949046875 0.10288504218750001 0.4506223453125 0.114731865625 0.4609248109375 0.12969998124999998 0.460570246875 0.14977960625 0.4604835625 0.1601719734375 0.44963808437499997 0.17863181875 0.3908073984375 0.1862415671875 0.36785646562499996 0.1818946859375 0.34484841718750003 0.16439132812499999 0.33652752656249996 0.1372192125 0.3333949796875 0.12719327656249999 0.34539867343749997 0.11973235 0.365509878125 0.1049983421875 0.410298175
0 0.1676212 0.209696971875 0.158713059375 0.24112245 0.1546300453125 0.26198018749999996 0.17555033281250002 0.2784532328125 0.19508494062499998 0.2806160109375 0.20349633281249999 0.2668191859375 0.2183288890625 0.22830061562499998 0.222629509375 0.211440821875 0.22124383124999997 0.19713055468750001 0.21447875624999999 0.187663915625 0.1977677875 0.180523565625 0.1845630421875 0.179831534375 0.17547831875 0.19017603593750002 0.1676212 0.209696971875
0 0.19601969531250002 0.11607778124999998 0.2011199484375 0.1328607453125 0.212916496875 0.1522726734375 0.2212458390625 0.172641903125 0.23360791875000003 0.1812628546875 0.246079803125 0.17963845625 0.2624746203125 0.1765111296875 0.266447825 0.16589874531249998 0.2591787546875 0.1415985375 0.2466103328125 0.1124645578125 0.2363000171875 0.089143978125 0.22743490781250003 0.078997778125 0.212585853125 0.077080559375 0.200331575 0.0827029046875 0.19587287656250002 0.094428859375 0.19601969531250002 0.11607778124999998
0 0.24113439531249997 0.0865498078125 0.2409650578125 0.097931053125 0.253167053125 0.12590681718750002 0.2715018171875 0.14281386875 0.2797623765625 0.1563454234375 0.2868641171875 0.1675382234375 0.299157415625 0.1693214984375 0.3163743859375 0.16680676562500002 0.3219919015625 0.1574195671875 0.32425201718749996 0.13874431874999998 0.3123661765625 0.12103622968750001 0.300569628125 0.101624303125 0.2882280609375 0.0844618359375 0.274826221875 0.07123034375000001 0.25705498125 0.06802096875 0.24519689531250002 0.074233584375 0.24113439531249997 0.0865498078125
0 0.3621439125 0.1247839828125 0.3499696734375 0.12072892187499999 0.3395085265625 0.1247367234375 0.3295718859375 0.1350365796875 0.3285803953125 0.14580523125 0.3399119671875 0.1577892109375 0.3608415046875 0.18223582656249998 0.37899768125 0.2025505546875 0.3955505734375 0.20455706562499998 0.4042093359375 0.1941902375 0.40778634687500004 0.1829875828125 0.40441969687499996 0.1657259671875 0.397347721875 0.15396522031249998 0.38619474062500003 0.1385735625 0.3740205015625 0.1345185015625 0.3621439125 0.1247839828125
0 0.423333259375 0.13083830937500002 0.41137662812500003 0.13078119531250001 0.399250659375 0.142105325 0.4043509140625 0.15888828906250002 0.41965368593749997 0.1847485359375 0.43701747187500006 0.20388272343749997 0.46093998750000004 0.21197052031250002 0.47409646250000004 0.1972833625 0.474691759375 0.185924440625 0.46962126875 0.16857353125000002 0.460172125 0.1532711671875 0.44884055468749995 0.1412871859375 0.43237695625 0.13757683437499998 0.423333259375 0.13083830937500002
0 0.5193990046875 0.1723212828125 0.5087089921875 0.188846221875 0.5110451359375 0.20947086874999998 0.5212774171875 0.2179802015625 0.5801973968749999 0.23473620781250001 0.589925684375 0.22841197656249998 0.5955432 0.21902477656250002 0.591869646875 0.1994690515625 0.5823404609375 0.1938440953125 0.567234784375 0.180523309375 0.5355166859375 0.1663319015625 0.5193990046875 0.1723212828125
0 0.6236472765625 0.21252456562500002 0.6240917406250001 0.228494025 0.6284889 0.2423926125 0.6444967734375 0.2466485859375 0.6854279062499999 0.2561972734375 0.6918080453125001 0.24855855937500002 0.6914231109375 0.2314532078125 0.6832908625 0.2236234359375 0.67166164375 0.217318915625 0.6551590296875001 0.20620294375 0.634227484375 0.20624497812499998 0.6236472765625 0.21252456562500002
0 0.72624399375 0.2190404421875 0.7104927437499999 0.2261880375 0.7039432671875 0.24520799843750002 0.7117778671874999 0.2587172296875 0.7229513625 0.265567371875 0.7633077109374999 0.277933465625 0.776413909375 0.2723557671875 0.7795351968750001 0.2616987328125 0.7782480656249999 0.25365819375 0.774247103125 0.240349875 0.7596956953125 0.23275319843750003 0.7427075921874999 0.22275079375 0.72624399375 0.2190404421875
0 0.8059342125000001 0.1491810578125 0.8078741640624999 0.1692154328125 0.82713888125 0.2009783765625 0.8481299578125 0.1998004484375 0.8527764937500001 0.1926403859375 0.8540358671874999 0.1767602203125 0.8447355484375001 0.15861812656250002 0.8274405437500001 0.1463216140625 0.8153853640625 0.13999477031250002 0.8059342125000001 0.1491810578125
0 0.7717231171875001 0.2151593375 0.7766652953125 0.226808465625 0.7904243125 0.2332246046875 0.801519771875 0.2252635046875 0.8004019781249999 0.20584172031249998 0.7918642828125 0.1894481125 0.7779471890625 0.17789813593749998 0.766020321875 0.177273075 0.7641173828125 0.1891329703125 0.7717231171875001 0.2151593375
0 1 0.277344790625 0.996080715625 0.2781729578125 0.9822714234375001 0.280866278125 0.978843234375 0.289229203125 0.9931360093749999 0.3099109640625 1 0.310270690625 1 0.277344790625
0 1 0.2121628671875 0.99828531875 0.21165630000000002 0.9835050453124999 0.21657675625 0.9577483734375001 0.22718653125000002 0.94255139375 0.2400582359375 0.9484440390625 0.258021740625 0.9693940890625001 0.2739268390625 0.9750208578124999 0.272513209375 0.9942188015625 0.27294982343749996 1 0.27271615625 1 0.2121628671875
0 0.784859865625 0.078596871875 0.7709315125 0.0835619765625 0.7736936156249999 0.104208946875 0.78478706875 0.12073649687500002 0.7987339265625 0.1317185296875 0.8064607265625 0.1309844609375 0.8117805953125 0.127276721875 0.8148423546875 0.11775558125 0.8114254265625 0.1096034234375 0.8053839578125 0.0944796484375 0.7936561921874999 0.0819053984375 0.784859865625 0.078596871875
0 0.7545009109375 0.1607232015625 0.7668927531249999 0.1687762078125 0.7777798609375 0.164790728125 0.778821628125 0.14491261718749998 0.7708196984375 0.11829597968750001 0.7599438515625 0.10576637656250001 0.7471353 0.10566461406250001 0.7367932125000001 0.10740063124999999 0.7412293875 0.12870484375 0.7475182296875 0.1472586171875 0.7545009109375 0.1607232015625