0 0.83671875 0.7859375 0.0671875 0.10625
0 0.83984375 0.671875 0.0765625 0.115625
0 0.84375 0.55546875 0.059375 0.0890625
0 0.84609375 0.42265625 0.05625 0.0859375
0 0.8390625 0.3265625 0.0625 0.09375
0 0.803125 0.3140625 0.065625 0.0890625
0 0.7390625 0.33359375 0.065625 0.084375
0 0.6921875 0.33125 0.0640625 0.0796875
0 0.6125 0.35078125 0.0703125 0.0625
0 0.6765625 0.609375 0.059375 0.103125
0 0.71484375 0.615625 0.0546875 0.0890625
0 0.5390625 0.36015625 0.053125 0.0515625
0 0.4765625 0.36953125 0.05625 0.05625
0 0.46953125 0.46953125 0.04375 0.075
0 0.50859375 0.4703125 0.0390625 0.0703125
0 0.54609375 0.46796875 0.0453125 0.0828125
0 0.5765625 0.46953125 0.0421875 0.0796875
0 0.6109375 0.46875 0.0484375 0.0796875
0 0.64453125 0.465625 0.0515625 0.0875
0 0.67890625 0.4703125 0.05 0.0828125
0 0.71875 0.46875 0.0515625 0.0875
0 0.72421875 0.778125 0.09375 0.103125
0 0.66640625 0.77421875 0.0796875 0.090625
0 0.61875 0.76640625 0.08125 0.1
0 0.5734375 0.7578125 0.078125 0.0953125
0 0.52421875 0.7578125 0.075 0.0921875
0 0.465625 0.74609375 0.0734375 0.0859375
0 0.50078125 0.6109375 0.053125 0.090625
0 0.53359375 0.6125 0.05625 0.096875
0 0.56953125 0.6765625 0.0640625 0.0546875
0 0.5984375 0.60703125 0.053125 0.0859375
0 0.6296875 0.6109375 0.0578125 0.09375
0 0.44140625 0.4734375 0.034375 0.0671875
0 0.40390625 0.48671875 0.04375 0.0828125
0 0.378125 0.575 0.0515625 0.0921875
0 0.39296875 0.73671875 0.05625 0.09375
0 0.36015625 0.73671875 0.0578125 0.096875
0 0.32265625 0.73203125 0.059375 0.0953125
0 0.278125 0.7703125 0.053125 0.0921875
0 0.240625 0.81484375 0.0484375 0.0984375
0 0.265625 0.6359375 0.065625 0.0890625
0 0.31953125 0.51796875 0.0484375 0.078125
0 0.21640625 0.71484375 0.059375 0.0921875
0 0.1671875 0.8046875 0.0484375 0.071875
0 0.090625 0.803125 0.0625 0.04375
0 0.16328125 0.68984375 0.0546875 0.053125
0 0.18984375 0.65234375 0.059375 0.053125
0 0.21171875 0.61171875 0.0609375 0.0515625
0 0.26015625 0.5 0.0515625 0.0453125
0 0.26796875 0.4671875 0.053125 0.0453125
0 0.26953125 0.43359375 0.053125 0.05
0 0.171875 0.53671875 0.0609375 0.0828125
0 0.1375 0.6015625 0.0484375 0.0671875
0 0.0375 0.73828125 0.0671875 0.0859375
0 0.27890625 0.40078125 0.0484375 0.04375
0 0.2859375 0.37265625 0.053125 0.046875
0 0.2921875 0.334375 0.0515625 0.0453125
0 0.36953125 0.40078125 0.0421875 0.0671875
0 0.39140625 0.3296875 0.034375 0.0625
0 0.45859375 0.24296875 0.0328125 0.0609375
0 0.4078125 0.265625 0.0359375 0.0609375
0 0.4765625 0.1796875 0.034375 0.05625
0 0.42890625 0.1921875 0.034375 0.0609375
0 0.4421875 0.1375 0.0328125 0.0484375
0 0.45625 0.07890625 0.0390625 0.071875
0 0.325 0.2 0.0453125 0.0421875
0 0.33515625 0.17734375 0.046875 0.0390625
0 0.346875 0.15 0.04375 0.040625
0 0.3203125 0.05703125 0.0328125 0.0515625
0 0.33515625 0.01953125 0.0296875 0.0390625
0 0.2875 0.134375 0.0328125 0.0515625
0 0.2625 0.18828125 0.0359375 0.053125
0 0.228125 0.2375 0.0453125 0.05625
0 0.20625 0.38671875 0.04375 0.0578125
0 0.1875 0.37578125 0.053125 0.0671875
0 0.190625 0.346875 0.0484375 0.059375
0 0.17734375 0.3375 0.0453125 0.0609375
0 0.14765625 0.33203125 0.0359375 0.0328125
0 0.11484375 0.31953125 0.0375 0.034375
0 0.07890625 0.321875 0.0375 0.0375
0 0.09453125 0.2515625 0.034375 0.053125
0 0.06171875 0.259375 0.0296875 0.05625
0 0.07734375 0.2546875 0.025 0.0453125
0 0.04453125 0.32421875 0.04375 0.0515625