0 0.37365754687499997 0.529288340625 0.3666982109375 0.536868225 0.3635739078125 0.545672821875 0.37414295468750003 0.5613088484375 0.3922240515625 0.57121199375 0.41029377968749997 0.573641559375 0.44608349062499997 0.57186460625 0.46927404531250005 0.5701930843749999 0.491325315625 0.5638396593749999 0.49613024687499996 0.5540903859374999 0.49352454687499997 0.5423212375 0.48155691718750004 0.5322901812499999 0.47247689687500005 0.527972140625 0.45481324531249995 0.5266808562499999 0.430708990625 0.523112140625 0.41347402187500004 0.5271898765625 0.39702859375 0.529313434375 0.37365754687499997 0.529288340625
0 0.5631309718749999 0.6133095640625 0.5571527781250001 0.6066726124999999 0.5490427890625 0.6020970109375 0.5344358687499999 0.6007417734375 0.512813153125 0.6017477890625 0.48913758281249997 0.6035480921875 0.4667930296875 0.6084840671875 0.4437266375 0.6173500078124999 0.4407151265625 0.6258754359375 0.441527275 0.628151996875 0.44756193125 0.6400075796875 0.459856696875 0.652443975 0.472072390625 0.6554310046875 0.4934695234375 0.654983325 0.5061476218750001 0.6536108359374999 0.531233146875 0.653679146875 0.5488403390625 0.6497518 0.5638645734375001 0.649002471875 0.5717149984375001 0.6424320906250001 0.573237615625 0.6333051078125 0.5714779140624999 0.6248004140625001 0.5631309718749999 0.6133095640625
0 0.5873260609375001 0.66595051875 0.5732153953125 0.6612236546875 0.56195849375 0.6612219140625 0.545490453125 0.659114734375 0.5215554515624999 0.6604854796875 0.5042866328125 0.6635753234374999 0.48519054375000004 0.6669011171875 0.4782536890625 0.667995309375 0.4731554734375 0.6763271343749999 0.4726367390625 0.6861844515625 0.47748702187500003 0.69561308125 0.49097739999999995 0.7072335828125 0.512126471875 0.71382993125 0.5277823625 0.713660546875 0.5496645109375 0.7130840890625 0.5767351859375001 0.710382328125 0.5950417375 0.709010709375 0.6079566578125 0.7038370390625001 0.6117126203125001 0.6956123843750001 0.611441815625 0.6877092453125 0.602677559375 0.678322959375 0.5956954828125001 0.6709556765625 0.5873260609375001 0.66595051875
0 0.5650158796875 0.714740103125 0.5436075046875 0.7184306281249999 0.5284367609375 0.729187659375 0.5254929484375 0.7396888734375 0.533309784375 0.75356345625 0.542852340625 0.7642384109375 0.5590723171875001 0.7733896171875 0.57075790625 0.778760378125 0.6444238999999999 0.764683653125 0.659290253125 0.766468446875 0.6736262375 0.7492041140625 0.6726673171875001 0.7355024 0.669982678125 0.7250003140625 0.6494312828125001 0.7072795890625 0.6416145765625 0.7041214359375 0.621187471875 0.7043115546875 0.5904961078125 0.7084731109375 0.5650158796875 0.714740103125
0 0.59635105625 0.7829306468749999 0.584631746875 0.787288421875 0.5793642796875 0.790680784375 0.5777965734375 0.802062721875 0.5876550234375 0.8183858624999999 0.5944792171875 0.8282872671874999 0.60667243125 0.8377599859375 0.6167901828125 0.8437962546875 0.72272661875 0.8216496203125001 0.7290767765624999 0.8070041015625 0.7231549125 0.794869353125 0.7107247453125 0.7784813859375 0.7040021015625 0.771543659375 0.693647528125 0.7693085703125 0.6693064515625 0.7695410375 0.6431268671875 0.7732522984375 0.6147026953125 0.779304078125 0.59635105625 0.7829306468749999
0 0.72816346875 0.8339131484375001 0.703145646875 0.8358206234375001 0.6862378109375 0.8423037000000001 0.6689239031249999 0.8476484953125001 0.6514633515625 0.8522845671875 0.6363150875 0.856555909375 0.6261411359375 0.8667338656249999 0.6248553421875 0.8720596687500001 0.6283521328125 0.8848383171875 0.6343190859375001 0.8947181109375 0.6464672124999999 0.906445784375 0.6617171578125001 0.91585455 0.6787040625 0.918820840625 0.7009019765625 0.9131761390625 0.76955980625 0.8922049031249999 0.7812226515625 0.8826284984375 0.7869525234375 0.8748766187499999 0.7847529 0.8642457531250001 0.7729093 0.8506926828125 0.7648217890625 0.8396313890625 0.753327934375 0.8327143984375001 0.72816346875 0.8339131484375001
0 0.8181282359375001 1 0.8212999968749999 0.99884030625 0.84308799375 0.9855609984375 0.8601194671875 0.9434066218750001 0.8455838281249999 0.9290906375000001 0.8290367171874999 0.917534090625 0.8217727281249999 0.9162229406250001 0.796969246875 0.9208149234375 0.7737223640625001 0.9279842468749999 0.75020480625 0.9379668562499999 0.731503553125 0.945673778125 0.71836305 0.9514057828125001 0.70794090625 0.957911340625 0.7034969578125 0.9710538468750001 0.712351525 0.9866466562499999 0.717235659375 0.9970631796875 0.7198609421875 1 0.8181282359375001 1
0 0.4781781234375 1 0.51870469375 0.902238221875 0.5152192765625 0.8969331593750001 0.4829710515625 0.8770845171874999 0.46529602812500004 0.8683196531249999 0.45743423281249995 0.86741645 0.3828741015625 0.9919454375000001 0.4030472203125 1 0.4781781234375 1
0 0.39424540625 0.7623255328125 0.380642496875 0.772417059375 0.3635207125 0.8083649125000001 0.3249232453125 0.87817679375 0.3261528375 0.8890652171875001 0.333450809375 0.9020806875 0.3501107125 0.913358065625 0.3716658578125 0.9210926953125 0.3955445296875 0.925219746875 0.41460637499999997 0.8887567734375 0.42696831875 0.860303240625 0.4390708296875 0.8314201515624999 0.4477896046875 0.810912103125 0.4541283921875 0.7887930015625 0.44533028437500005 0.7784188234375 0.4175713609375 0.76460558125 0.39424540625 0.7623255328125
0 0.2708256765625 0.7741610750000001 0.2779319171875 0.7887227718750001 0.32039931093749996 0.8068549296875 0.3364725171875 0.80458098125 0.36905833125 0.7592935453125 0.39157161406249996 0.7164313156250001 0.393150559375 0.701806534375 0.38324702187500004 0.6877383453125 0.3584658890625 0.6751282093750001 0.3378244453125 0.6726338203125 0.3263420890625 0.6839068421875 0.3053062 0.7091806125 0.2924929625 0.728034390625 0.2762395265625 0.7500445765625 0.26843432031250003 0.7650764359375 0.2708256765625 0.7741610750000001
0 0.24153106875 0.6226876578125 0.23307159687499998 0.6329088328125 0.2220630171875 0.6472959203124999 0.219231996875 0.6575179671875 0.224195071875 0.6666674296874999 0.23853144999999998 0.681552384375 0.26035726718749996 0.6864737234375 0.282465 0.6853389296875 0.29637243125 0.6734220078125001 0.30788850624999997 0.6524204499999999 0.328439378125 0.6272754593750001 0.33450749375 0.607969646875 0.332792884375 0.5972099984375 0.3119595765625 0.5855454109375 0.29855950937500003 0.5801314328125 0.2868626828125 0.5780035156250001 0.2717934875 0.591724225 0.2575927734375 0.602223696875 0.2500582421875 0.6144422656249999 0.24153106875 0.6226876578125
0 0.17737208124999998 0.5071378703125 0.1637127109375 0.512010765625 0.1535612421875 0.5157030312499999 0.1557496265625 0.5295767437500001 0.1550216921875 0.5306347546875 0.16833767500000002 0.5434305890625 0.18340712812499999 0.5511427390625 0.2044771296875 0.548289715625 0.24416944218749997 0.5389968359374999 0.2634911125 0.53511270625 0.280838871875 0.5307558015625 0.2872793421875 0.52231680625 0.28440297187499997 0.51336095 0.28096264375 0.5058009328125 0.2747588640625 0.49972231718750004 0.2641899484375 0.4948027203125 0.25346315 0.49241724531250003 0.23243824218750003 0.49301531406250004 0.21017262812499998 0.4966842296875 0.19316324375 0.500203628125 0.17737208124999998 0.5071378703125
0 0.1273583921875 0.46160141250000003 0.12395204374999999 0.4657457171875 0.12399726562499999 0.47420719218749996 0.13258102968750002 0.4818968609375 0.13711254374999998 0.49118258125 0.1562681 0.4982865703125 0.1755446796875 0.4966573921875 0.20216419062500002 0.495072303125 0.2357656484375 0.49013807031249995 0.25065448125 0.48543717343750004 0.25523382968749997 0.47624623593750004 0.2480374109375 0.4661944421875 0.2325280296875 0.456356121875 0.21998520312499997 0.45096375 0.2050399109375 0.45044601718750005 0.19303855781249998 0.4501434984375 0.179999475 0.448122753125 0.16429849531250001 0.45054709062500004 0.1513158734375 0.45374497500000005 0.1367315640625 0.4566204765625 0.1273583921875 0.46160141250000003
0 0.190015153125 0.40832963125 0.1617262546875 0.4076165484375 0.14481841875 0.4140996265625 0.1284745421875 0.4191868625 0.10967173593749999 0.42393010468750003 0.103851684375 0.4361918921875 0.11502977656249999 0.44817712343749994 0.1292758421875 0.45685555468750005 0.1406455375 0.45657812968749995 0.15710220625 0.451211725 0.177687190625 0.448487484375 0.19229411093749998 0.4498427234375 0.20296444687499998 0.447009565625 0.21871051874999997 0.44233027812500003 0.229877109375 0.436125496875 0.22820759218750003 0.4231108984375 0.22212784375 0.413510271875 0.204892746875 0.4068715796875 0.190015153125 0.40832963125
0 0.14612669375 0.4022881328125 0.1485516390625 0.3909278046875 0.1386030109375 0.3791145703125 0.12582322968749998 0.3668069515625 0.112535953125 0.36111380625 0.07102747968749999 0.3566833640625 0.0534315265625 0.357367865625 0.0355875140625 0.36509639531250004 0.0467997171875 0.3995023765625 0.0836948609375 0.40141943593749996 0.1188304359375 0.40554823124999995 0.14612669375 0.4022881328125
0 0.1693614234375 0.32334665625 0.1367635859375 0.307578365625 0.10823773437499999 0.29995003750000004 0.0879685109375 0.2976060359375 0.0693009765625 0.29558441874999997 0.0562845046875 0.2977944140625 0.04939286875 0.30735008124999996 0.050712643749999994 0.3137286015625 0.06474436875 0.31972252343749996 0.1672975921875 0.3488166453125 0.1758360046875 0.337328409375 0.1693614234375 0.32334665625
0 0.1872284390625 0.35199815156250003 0.2039221921875 0.3642634234375 0.234196375 0.3729228609375 0.2803295484375 0.3873402703125 0.29936930624999997 0.389512275 0.3051442703125 0.37950544218750004 0.30208740624999997 0.36885296562500003 0.2812879484375 0.3581762703125 0.2595974 0.346490071875 0.2421028671875 0.339421821875 0.2162502859375 0.334821996875 0.20026726093749997 0.3325860375 0.18885247656249998 0.3351184171875 0.18736371093749998 0.34523329375 0.1872284390625 0.35199815156250003
0 0.3774342890625 0.3752644234375 0.37252780625000004 0.38205001875 0.367925846875 0.38701021875 0.37463725000000003 0.39719079062499996 0.3821043421875 0.40442929375 0.3998583078125 0.41192710000000005 0.41756705 0.4109634296875 0.4500745765625 0.42052519843749997 0.46558382500000006 0.419647090625 0.4678847390625 0.411808778125 0.466497265625 0.40345447187500005 0.448235675 0.3918547078125 0.43467772499999996 0.3889748515625 0.423635034375 0.38094118906249996 0.40630975625000004 0.37881240156249996 0.3914095515625 0.376039715625 0.3774342890625 0.3752644234375
0 0.5385505921875 0.41373106406250004 0.5333959171875 0.4168442578125 0.530948359375 0.42397384843749997 0.54056985625 0.43338174062499996 0.5576244625 0.43832381875 0.581943059375 0.44457704375 0.6055284453125 0.447286646875 0.6129503171875 0.446063675 0.6128712468749999 0.43661430625 0.6033174515625 0.429182196875 0.5941697328125 0.42288836874999997 0.5846723968750001 0.42067489062499996 0.57366355625 0.41362912031250004 0.5616283546874999 0.4123387078125 0.5507098265625 0.41149946249999997 0.5428367890625 0.41383910625000003 0.5385505921875 0.41373106406250004
0 0.3659422625 0.5183774359375 0.4261633609375 0.5225745421875 0.466758134375 0.5217647453125001 0.46781821562500003 0.5062808515625 0.4554218984375 0.49088077500000005 0.43685578437499994 0.481106409375 0.4089842015625 0.4782887640625 0.393847175 0.47931725781249995 0.3773566546875 0.483695771875 0.360843525 0.4838435453125 0.3520455484375 0.484185796875 0.34725185625 0.4906922234375 0.34487200156250003 0.49979759843749993 0.35036518125 0.506563328125 0.3659422625 0.5183774359375
0 0.44637533749999997 0.45540134062500004 0.432467775 0.4566018328125 0.4150184640625 0.45799505781249994 0.3968585578125 0.4600754 0.3846542328125 0.46456195468750006 0.38256766249999996 0.475084778125 0.395742146875 0.48105709374999994 0.40798032031250003 0.47755842968750006 0.42941130312500003 0.47809864375 0.44444690781249996 0.4848229 0.465460709375 0.4981841078125 0.4758942234375 0.49915213124999996 0.4842635140625 0.4934408640625 0.48801947500000004 0.485216209375 0.48517695312500003 0.47724824374999997 0.48043946093749995 0.4675404453125 0.47132559062499996 0.4622345078125 0.45829774843750004 0.45697091875 0.44637533749999997 0.45540134062500004
0 0.498024434375 0.49153164687500006 0.5255688843749999 0.49194395156250004 0.5643590015625 0.49560084375 0.5852034171875 0.493306159375 0.582744359375 0.4822457359375 0.5731228640625 0.47283784375 0.5583466921875 0.4665431421875 0.5396903984375 0.46127868281250006 0.5240683578125 0.46243595624999995 0.5059873890625 0.4632492390625 0.4891358859375 0.46423451718750003 0.483451103125 0.46973144375000003 0.4845452953125 0.47666829999999993 0.49360283593750004 0.487472034375 0.498024434375 0.49153164687500006
0 0.5471467718749999 0.514625746875 0.561009375 0.5263966359375 0.576473534375 0.52777348125 0.593990546875 0.5283560406250001 0.610323184375 0.52651165 0.629802865625 0.5308098265625001 0.6332881546875 0.5253984625 0.629250021875 0.5182463921875 0.6148573125000001 0.5088592359375 0.5989306171875 0.501125478125 0.58291374375 0.497901628125 0.562114415625 0.49794135937500006 0.5510718546875 0.5006241265625 0.5443154906250001 0.5034149359375 0.5471467718749999 0.514625746875
0 0.5732251984375 0.5401000921875 0.5736312734375 0.5412383734375 0.5812337671875001 0.552428446875 0.5976003859375 0.562288378125 0.6150835484375 0.56188304375 0.6445568203125001 0.565023075 0.663088953125 0.5630931203125 0.667702153125 0.554890075 0.6602463015625 0.5444087265625 0.64648525 0.5356015140625 0.6354651687499999 0.5317985921874999 0.6218282796875 0.5301857937500001 0.6086764062500001 0.5284442171875 0.591712109375 0.5297086625 0.5814929390625 0.531425146875 0.5732251984375 0.5401000921875
0 0.668965596875 0.5667663953125001 0.6536706890625 0.5703290109375 0.6377892171874999 0.5710567296875 0.6304011968750001 0.5732675953124999 0.62264095 0.5753280703125 0.6165500953125 0.5796867171875 0.6131775984375001 0.5848189140625 0.6213778984375 0.5956010390625 0.6307061109375 0.603591484375 0.6439482953125 0.61153958125 0.6614202171875 0.61437709375 0.687216340625 0.613758290625 0.707124578125 0.6127090578125001 0.7183137796875 0.6107350140625 0.7246076078125 0.60158729375 0.722137309375 0.5937697171874999 0.71552745625 0.586552821875 0.7030297203125 0.5789054984375 0.692833028125 0.574136290625 0.6808429171875 0.5705909265625 0.668965596875 0.5667663953125001
0 0.718065715625 0.6177790421875 0.6992629125 0.6225222859375 0.683866453125 0.6231212234375 0.6728577437500001 0.626791884375 0.6666540953125 0.631429696875 0.6656615859375 0.6381729484374999 0.6735235125 0.649792578125 0.6854122015625 0.6610906937500001 0.6969623875 0.6625098859375 0.7165548640625 0.6665288953124999 0.7340718749999999 0.667111453125 0.7577474421875 0.6653111515625 0.77254609375 0.6651201609374999 0.7831148796875 0.6593233265625 0.783554675 0.650733071875 0.7750949406250001 0.639521390625 0.7601495171875 0.628287228125 0.7467832999999999 0.6238611421875 0.730021978125 0.6203365140625 0.718065715625 0.6177790421875
0 0.746186146875 0.6778512343750001 0.7276540140625001 0.6797811890625 0.718427484375 0.6854708484375001 0.71649879375 0.6934595515625 0.7303501578125 0.7084732859375 0.74529558125 0.7197074484375 0.7557517046875 0.7249062125 0.7732010140625001 0.7235129859375 0.8041179640625 0.7187930953125 0.81902940625 0.7183229343749999 0.8280642046875 0.714179503125 0.831256209375 0.7073506890625 0.8266653578125001 0.6983516140625 0.8123966828125001 0.68544244375 0.7990417046875 0.6777735140625001 0.78511153125 0.6747432671875 0.76647785 0.67370954375 0.746186146875 0.6778512343750001
0 0.8123182625 0.7295752203125 0.7928838015624999 0.7337385171874999 0.7803072531249999 0.738074684375 0.773099725 0.741982165625 0.76935500625 0.7469639734375 0.7861052187500001 0.7644478765625 0.7984789234375 0.7756172125 0.806509971875 0.7814598765625 0.8280198984375 0.7807330296874999 0.8510411984375 0.7741220421875 0.86920110625 0.7720417015625001 0.87902544375 0.76594409375 0.8814730015625001 0.758814503125 0.8799050328125 0.7487635828125 0.8675651765625 0.7385821359375 0.8562969031250001 0.7311068109375001 0.8417801640624999 0.7252416671875 0.83115491875 0.7258198703125001 0.8123182625 0.7295752203125
0 0.6854103734375 0.511060690625 0.6833350421875 0.51834066875 0.6888282218749999 0.5251063984375001 0.7175008453125 0.5441598796875 0.7335967937500001 0.5568331 0.7417406328125 0.5623965953125001 0.7599119109375 0.5677898359375 0.7719245015625 0.5648495109375 0.7742705078125 0.55475624375 0.7709542109374999 0.5436742125 0.7544521890625 0.5298627109375 0.7409167203125 0.5204971656249999 0.731757759375 0.51744618125 0.71892165 0.5106363625 0.7054426421875 0.5064894453125001 0.6907229312500001 0.505413375 0.6854103734375 0.511060690625
0 0.7866894328125 0.57438705625 0.7737180515625 0.5743420968749999 0.7678527796875 0.5781424046875 0.7708419421875 0.586819096875 0.797540653125 0.6053998046875 0.818543215625 0.62200385625 0.8244424703125001 0.6299078671875 0.8378425375 0.6353218468749999 0.8540172937499999 0.636011575 0.8636048078125 0.633715146875 0.8615179749999999 0.6228051140625 0.8493698515625001 0.611077440625 0.8412372515625 0.6022711000000001 0.8279612171874999 0.593335109375 0.817505090625 0.5881363453125 0.810432834375 0.5852789671874999 0.7985667546874999 0.5782115890624999 0.7866894328125 0.57438705625
0 0.8941164640625001 0.6921555484375 0.9039070812500001 0.695786475 0.9125246953125 0.7044640375 0.9320834515625 0.7182115828125 0.9451640453125 0.7329139062500001 0.9623083093749999 0.6904803625 0.959435778125 0.6880208296875 0.945076921875 0.6796215640625001 0.9256874187499999 0.67081348125 0.9111029796875 0.662972553125 0.8893110109375 0.6590391062500001 0.8817312578125 0.6627962000000001 0.8780542390624999 0.66975379375 0.8821374625 0.674650909375 0.8853522093749999 0.6827692625 0.8941164640625001 0.6921555484375
0 0.6337834953125 0.44701183593750005 0.6571659125 0.4545105125 0.6854886609374999 0.45621148749999996 0.69261725 0.453571065625 0.689176921875 0.4460110484375 0.6817436796874999 0.4397604359375 0.672291434375 0.4352920046875 0.6633580578125 0.43168268593750003 0.653048575 0.4271926453125 0.6405960578125 0.4280067984375 0.6297113796875 0.42815544531249994 0.6237784046875 0.42997996875 0.624015359375 0.436895215625 0.6280647328125 0.44080444218750003 0.6337834953125 0.44701183593750005
0 0.7166543234375 0.4980297109375 0.726783315625 0.500823134375 0.74824815 0.502351240625 0.7640845328125 0.5038784749999999 0.7709198374999999 0.49982060625 0.7650205828125001 0.4919165921875 0.7519250390625001 0.4846772171875 0.737667734375 0.47924163281250004 0.727832025 0.47786565625 0.7151200765625 0.47825025468750004 0.7032992171875 0.479644353125 0.7032316468750001 0.4883849953125 0.7045288109375 0.49053277656249994 0.7166543234375 0.4980297109375
0 0.8231212578125 0.5056486312499999 0.83657765625 0.5055648109375 0.834366790625 0.4981767890625 0.8229857265625 0.49098063124999997 0.8152479609375 0.48655541874999997 0.8012839390625001 0.48253727812499997 0.788323796875 0.4792494734375 0.7720023984375 0.47785102031250004 0.768257678125 0.48283282656250004 0.7684946312500001 0.48974807499999995 0.7834400546875 0.5009822374999999 0.8064614859375 0.5050876796875 0.8231212578125 0.5056486312499999
0 0.7194737140624999 0.45890122343749995 0.7413446218749999 0.46156761093750004 0.75684263125 0.4639323484375 0.76104975625 0.4545910234375 0.751349321875 0.4464501890625 0.7391448671874999 0.44022031406249995 0.7295798312499999 0.4360310515625 0.7174769296875 0.43276485468750003 0.705069503125 0.4313240546875 0.6947375421875 0.43331970625 0.69016943125 0.439267796875 0.69666649375 0.44676386093750003 0.70361471875 0.4531432515625 0.7194737140624999 0.45890122343749995
0 0.8226920515625 0.457413896875 0.80896485 0.449594578125 0.798204203125 0.446221209375 0.7828528359375 0.4445651953125 0.77640099375 0.44553060625 0.7717200921875 0.45175786875 0.7804504999999999 0.46015626093749995 0.8083785453125 0.4681925359375 0.829358365625 0.46984942187499995 0.83459198125 0.46546916562499996 0.8226920515625 0.457413896875
0 0.1365599609375 0.258785296875 0.09793896875 0.24935143750000002 0.09273946093749999 0.276152440625 0.10772997656250001 0.28513164999999996 0.131270275 0.2900962046875 0.1365599609375 0.258785296875
0 0.1546753015625 0.301825621875 0.1695642625 0.307841153125 0.1847239 0.31104339531249997 0.1924389234375 0.30052144375 0.1963866171875 0.29075056093749996 0.1980558734375 0.282332303125 0.1932620515625 0.278122303125 0.1815764640625 0.27275154218750003 0.1683568890625 0.26903417812499997 0.1610139578125 0.268990090625 0.1577204015625 0.2728552265625 0.1508176578125 0.29637016875 0.1546753015625 0.301825621875
0 0.21390375781249998 0.302049546875 0.2159793515625 0.31620242656249997 0.21707354375 0.323139284375 0.23133085000000003 0.328574871875 0.24873507031250003 0.32943659687500004 0.257533046875 0.32909434531250004 0.2550062875 0.316058140625 0.25284051406249997 0.306415165625 0.25164476874999997 0.2965146328125 0.2443243203125 0.289984853125 0.22801416093750002 0.28534355312500004 0.2148622875 0.2836019765625 0.211388240625 0.285770496875 0.21158010312500003 0.294940696875 0.21390375781249998 0.302049546875
0 0.3265410125 0.346908475 0.3378882265625 0.353116740625 0.3545706078125 0.357908428125 0.3674291984375 0.35823255781249996 0.37099342812499997 0.35155413125 0.3649587703125 0.3396985515625 0.35933018906249997 0.3289812515625 0.353024859375 0.319938959375 0.341339271875 0.314568196875 0.328717503125 0.3104428890625 0.3167161515625 0.31014037031249997 0.3139414609375 0.31486461875 0.31268951875 0.3211783125 0.31438151875 0.3277072203125 0.3265410125 0.346908475
0 0.1281562953125 0.22064295781249998 0.11524124375 0.21510020000000002 0.10382632968750001 0.2069161484375 0.0934829953125 0.201438215625 0.083094571875 0.1982152375 0.074748021875 0.2188736734375 0.0812224734375 0.222138996875 0.10743603906250002 0.23013205781249998 0.1266112015625 0.23625563125000001 0.1327922375 0.2273870796875 0.1281562953125 0.22064295781249998
0 0.1842943 0.23065937500000003 0.1709733046875 0.23469476562499997 0.15856588124999998 0.23325396406249999 0.151730575 0.23731183437499997 0.1565470078125 0.245752571875 0.214557503125 0.263994515625 0.22794619843750002 0.2619349109375 0.22940111562499998 0.25083214374999996 0.2182907234375 0.24082269531249997 0.1842943 0.23065937500000003
0 0.2703004109375 0.24819695 0.2506402359375 0.24220215625 0.24489912343750003 0.25319688125 0.24214704375 0.2621518671875 0.24424511718750003 0.26981905624999997 0.32925871875 0.29409988125000003 0.3279388125 0.2770049328125 0.317121703125 0.268412934375 0.30343959531250003 0.2583386640625 0.2703004109375 0.24819695
0 0.3457606078125 0.297194953125 0.362217409375 0.3025449765625 0.385430575 0.3051041921875 0.4009285828125 0.3074689296875 0.41132824531249995 0.3074490640625 0.407673575 0.2972045375 0.3988303796875 0.2890853125 0.3852385796875 0.2852175640625 0.37287624375 0.2815218109375 0.35849490624999997 0.2796082359375 0.35054293125 0.283214940625 0.3413388796875 0.2824189125 0.33853033906249996 0.2861552671875 0.3402561890625 0.29367206874999996 0.3457606078125 0.297194953125
0 0.44553888124999996 0.3095804671875 0.4545061078125 0.31417767812499997 0.4597397265625 0.30979742187500003 0.4598523859375 0.2988018265625 0.45424641406250005 0.2923152640625 0.44262852812500003 0.2889202875 0.429408953125 0.285202925 0.422438246875 0.285309225 0.40864347656250005 0.28623055000000003 0.4039850546875 0.28597211875 0.402405978125 0.289880471875 0.4073802921875 0.2957870890625 0.417983059375 0.301694578125 0.44553888124999996 0.3095804671875
0 0.386886271875 0.3582999953125 0.3959662921875 0.362618040625 0.4125809734375 0.36543394375 0.420972875 0.3639534109375 0.419224415625 0.35220587187499997 0.4094675171875 0.338846409375 0.399282065625 0.33083435625 0.3866941484375 0.3276969390625 0.3757530078125 0.32262695468749997 0.358799953125 0.32064855468750003 0.3663010265625 0.33959138125 0.37852809062500004 0.3500519921875 0.386886271875 0.3582999953125
0 0.45425856875 0.36408741875 0.44875401875 0.34984810781250003 0.433853684375 0.336358990625 0.41960761875 0.32768055937499996 0.40339901093749997 0.32600293593749996 0.3927625234375 0.329823984375 0.4008048125 0.33242380312500003 0.4099863828125 0.33970552187499997 0.4159645796875 0.346342471875 0.42097274531249995 0.35323698281250004 0.426612565625 0.3607114375 0.44326109843749995 0.3645152328125 0.45425856875 0.36408741875
0 0.4874314703125 0.3645005953125 0.4892135203125 0.35580316875 0.481058309375 0.3427660890625 0.46734235 0.331703925 0.45378440312499996 0.3288240671875 0.4397865296875 0.32381803750000004 0.4281461609375 0.3269087515625 0.4277514578125 0.333244053125 0.43537643125000003 0.3379484359375 0.44433241875 0.34578849375 0.45027676406249995 0.3514375515625 0.463067784375 0.3605023234375 0.4808329890625 0.364757284375 0.4874314703125 0.3645005953125
0 0.510452903125 0.3686060390625 0.5220030906249999 0.3700252296875 0.523514465625 0.3641410921875 0.5192168984375 0.3565594671875 0.513836509375 0.34951456875 0.5014515640625 0.34158807812499997 0.49076985625 0.33694764843749997 0.4789940875 0.33608679375 0.47109844062499995 0.3341957015625 0.47845274218749995 0.341713371875 0.483912071875 0.347491209375 0.4896195953125 0.35694144843750003 0.49571058125 0.36329923124999997 0.510452903125 0.3686060390625
0 0.5317710953125 0.3694254203125 0.5423512515625 0.371102171875 0.54969418125 0.37114626093749997 0.5480134234375 0.36137450625 0.5424863921874999 0.3536208828125 0.53218815 0.3458879984375 0.52210425 0.340839621875 0.5082191671875 0.335554421875 0.49752622031250004 0.3341568390625 0.4919542296875 0.3393746 0.5030532515624999 0.3419104625 0.5104864921875001 0.34816107500000004 0.5184386 0.355270796875 0.5251950937500001 0.36319641874999997 0.5317710953125 0.3694254203125
0 0.5508558140625001 0.35862604375 0.5605450109375 0.3700097203125 0.5606916531249999 0.370718446875 0.57132826875 0.37761382656250003 0.5895784890625 0.3817400078125 0.599346496875 0.381140196875 0.6044447093749999 0.3728083734375 0.5940110671875 0.3611239171875 0.5832278078125 0.3535198109375 0.5731439078125 0.348471434375 0.5634660828125 0.3445613390625 0.546490415625 0.33835220312500003 0.5394520093749999 0.33648271875 0.5327633453125 0.3412493109375 0.5320076578124999 0.34419138125000004 0.5425314828125 0.35136592968749997 0.5508558140625001 0.35862604375
0 0.6164122109375 0.372123 0.6242289171875 0.375281153125 0.6348880140625 0.37569084531249997 0.6395238234375 0.3717185375 0.631019 0.3627618078125 0.6242737468749999 0.3515933421875 0.617178878125 0.34450522656250004 0.60349676875 0.3344309546875 0.5964922109375 0.3335493625 0.5906381765625001 0.33410682812500003 0.587818396875 0.341086028125 0.5935371609375 0.34729342343749997 0.6029443140625 0.3540168078125 0.6097008078124999 0.36194242656250003 0.6164122109375 0.372123
0 0.5493891359374999 0.330105940625 0.5486560578125 0.337278746875 0.5671883234374999 0.346065221875 0.5795055671875 0.35201592812500004 0.5938644234375 0.36041519375000003 0.6072758625 0.37330275468749996 0.6164009703125 0.3753658453125 0.6154195703124999 0.368149821875 0.6081780609375 0.36035298125000004 0.601308775 0.3527065296875 0.5943944 0.34731503125 0.58569784375 0.33990452968749996 0.57326780625 0.33423299375000004 0.560161025 0.3302364640625 0.5493891359374999 0.330105940625
0 0.673960171875 0.38400803125 0.673429934375 0.375675334375 0.6641129625 0.3644420453125 0.6550441828125 0.35688115625 0.6343801265625 0.350156028125 0.6237661203125 0.3474913859375 0.624939253125 0.35316118125 0.6306129265625 0.361623528125 0.6392531515625001 0.37453182812499997 0.6499687093750001 0.380160146875 0.6662111656249999 0.3828256625 0.673960171875 0.38400803125
0 0.55905506875 0.2836767375 0.5522762250000001 0.2929532390625 0.5596192875 0.3037137546875 0.6054140890624999 0.3189686703125 0.6038461203125001 0.3089177484375 0.5958601625 0.30082013124999996 0.5835541578125001 0.2916265796875 0.56740188125 0.284451159375 0.55905506875 0.2836767375
0 0.6466179078125001 0.3145080796875 0.6255365375 0.3098875171875 0.6175957999999999 0.3102513765625 0.6172687984375 0.3185624640625 0.621126440625 0.3240179171875 0.645061571875 0.3333636 0.6671919140625 0.33645954218749996 0.6700455468750001 0.33046823281250004 0.65785233125 0.3209955140625 0.6466179078125001 0.3145080796875
0 0.7177809296875 0.38807374375000003 0.7173747265625 0.376219034375 0.7073020640625 0.3679278125 0.695029909375 0.359722153125 0.684562546875 0.357766234375 0.67808809375 0.3545009078125 0.6658385515624999 0.3505259875 0.6636165765625 0.3570972421875 0.6661658140625 0.3636477578125 0.6903943625 0.3851273171875 0.7096146109375 0.3889959390625 0.7177809296875 0.38807374375000003
0 0.7251577109375 0.3891057234375 0.7378584187499999 0.3919639734375 0.7414452578125 0.3895162859375 0.7411856953125 0.3783703 0.732004125 0.3710885796875 0.724424240625 0.3641292453125 0.708294575 0.3611845609375 0.7011884671875 0.3573392921875 0.6869988609375001 0.3538794890625 0.6886570109375 0.3594205046875 0.6996093906249999 0.36124764374999996 0.7081593046875 0.3679494203125 0.7162242015625 0.3747799765625 0.7199578140625 0.38375744218749996 0.7251577109375 0.3891057234375
0 0.826210275 0.3779754234375 0.8191832390625 0.3835795203125 0.822183640625 0.389013365625 0.8620117468749999 0.4158213421875 0.8748026375 0.414169684375 0.872896296875 0.40495626875 0.8590787859375 0.39093042499999997 0.8373882375000001 0.3792442265625 0.826210275 0.3779754234375
0 0.6915894515625001 0.34144570625 0.72358935 0.3469055171875 0.7228109218750001 0.33490041875 0.7198556093749999 0.3272116203125 0.6907545609375 0.3242219796875 0.67788473125 0.327140696875 0.6766327890625 0.333454390625 0.6915894515625001 0.34144570625
0 0.8011132484375001 0.3597171 0.8018463265625 0.35254429374999996 0.790352471875 0.345627303125 0.781971809375 0.34386499062500003 0.7643081546875 0.34257370625 0.7568411953124999 0.34605163125 0.759243790625 0.3518934234375 0.771741528125 0.359540746875 0.7980001859375 0.365278853125 0.8011132484375001 0.3597171