0 0.510982234375 0.8445668640624999 0.5360492875 0.8876307750000001 0.55436751875 0.909484103125 0.5755781015625 0.915911553125 0.6016092734375 0.8921299890625001 0.6045016249999999 0.8670629359375001 0.595342509375 0.8387821578124999 0.577024278125 0.8130723609375 0.515802821875 0.7442986515625 0.4965204734375 0.7545825703125 0.477720184375 0.7847915828125 0.47964841874999997 0.8040739312499999 0.49411017968750004 0.823999025 0.510982234375 0.8445668640624999
0 0.36347226875 0.58939711875 0.35913374062500003 0.6196061312500001 0.37118520781250003 0.638245734375 0.386129028125 0.6388884796875 0.40444725937500003 0.6324610296875 0.41553460937500003 0.6176778953125 0.416498728125 0.5932535890625 0.420355196875 0.57268575 0.4261399015625 0.5270508578124999 0.420355196875 0.5135532140625 0.4121601984375 0.49684184531250003 0.38179050000000003 0.49555635625 0.375041678125 0.510982234375 0.3692569734375 0.5437622265625001 0.3663646203125 0.5656155546875 0.36347226875 0.58939711875
0 0.42517578437500003 0.6054657421874999 0.433852840625 0.6324610296875 0.45313518906250005 0.633103775 0.471935478125 0.62281985625 0.48013047656249996 0.6073939765625 0.4786843015625 0.581041434375 0.479166359375 0.5540461453125001 0.48157665312500003 0.52255164375 0.477720184375 0.5051975296875 0.4709713625 0.4878434171875 0.44301195625 0.4884861609375 0.433852840625 0.5032692953125 0.43144254687499994 0.5328355625000001 0.42806813593750004 0.5669010453125 0.42517578437500003 0.6054657421874999
0 0.49844870781250006 0.5347637984375 0.4989307671875 0.5546888921875001 0.5008590015625 0.5681865359375 0.50182311875 0.5861833937500001 0.5056795890625 0.6061084875 0.5138745859375 0.6176778953125 0.5244798796875 0.6196061312500001 0.5374954640625 0.6163924062499999 0.550028990625 0.6099649578124999 0.55436751875 0.6022520171875 0.5548495765625 0.58296966875 0.551475165625 0.5585453609375 0.551475165625 0.5334783078124999 0.5485828140625 0.512267725 0.5447263453125 0.4916998859375 0.5399057578125 0.480773221875 0.5307466421875 0.4730602828125 0.517248996875 0.4711320484375 0.5056795890625 0.47884498750000004 0.49844870781250006 0.5019838046875 0.49748459062499994 0.5154814484375 0.49844870781250006 0.5347637984375
0 0.567383103125 0.5694720249999999 0.574613984375 0.5945390781250001 0.5847372171874999 0.6048229968750001 0.6030554484375 0.6061084875 0.615588975 0.5996810375 0.6252301484375 0.5791131984375 0.622337796875 0.5534034015625 0.6189633859375 0.5199806640625 0.6146248578125 0.49491361093749997 0.60353750625 0.4659900890625 0.5693113390625 0.4692038125 0.563526634375 0.4846296921875 0.563526634375 0.5154814484375 0.5664189859375 0.5418339921875 0.567383103125 0.5694720249999999
0 0.256455234375 0.54954693125 0.2516346484375 0.5636873203125 0.24633200156249999 0.5861833937500001 0.241511415625 0.6093222109374999 0.2395831796875 0.6318182859375 0.24054729687499998 0.6478869078125 0.24343965 0.6678120015625 0.254527 0.6710257265624999 0.267542584375 0.671668471875 0.2829684640625 0.6639555328125 0.29212757968749997 0.65302886875 0.29984051875 0.6408167140625001 0.301768753125 0.621534365625 0.30466110625 0.6061084875 0.3070714 0.5836124140625001 0.3099637515625 0.5662583 0.311409928125 0.5482614421875 0.307553459375 0.5354065421875001 0.2993584609375 0.52576536875 0.2776658171875 0.524479878125 0.264168175 0.534121053125 0.256455234375 0.54954693125
0 0.6194454453125 0.8349256890625 0.6401739703125 0.8535652921875 0.6575280828125 0.8818460703125 0.6763283734375001 0.892772734375 0.7052518953125 0.9101268484375 0.7221239515625 0.9004856734375 0.7322471828125 0.8824888156249999 0.736103653125 0.8651347015624999 0.734657478125 0.84071039375 0.717785421875 0.8194998109375 0.7062160140625 0.8098586359375 0.694646603125 0.8015029515625001 0.685969546875 0.785434328125 0.6662051390625 0.7745076640625 0.6536716124999999 0.7545825703125 0.638245734375 0.7430131609374999 0.624748090625 0.7295155171875 0.6107683890625 0.725016303125 0.5996810375 0.7327292421875 0.5895578046875001 0.7487978656250001 0.582326925 0.7661519796875 0.59100398125 0.7995747171875001 0.6049836828124999 0.8201425546875001 0.6194454453125 0.8349256890625
0 0.8551721546875 0.795718246875 0.8652953890624999 0.829140984375 0.873008328125 0.8580645078125 0.8807212671875 0.8799178359375001 0.8937368515624999 0.8349256890625 0.9115730234375 0.8079304015625001 0.9294091968749999 0.7925045234375 0.9197680234375 0.762295509375 0.9086806718749999 0.7333719875 0.8966292046875 0.705091209375 0.879275090625 0.6922363109375 0.8561362718750001 0.696735525 0.8373359828125 0.6993065046875 0.83588980625 0.7211598328125 0.833961571875 0.7423704171875001 0.8431206875000001 0.7629382546875 0.8551721546875 0.795718246875
0 0.799735403125 0.6151069171875 0.811786871875 0.6562425921874999 0.8248024562499999 0.6915935656250001 0.8329974531250001 0.690308075 0.8681877390625001 0.68645160625 0.88988038125 0.6761676859375 0.8942189109375001 0.6305327953125001 0.8860239125 0.6061084875 0.8734903859375001 0.5720430046875 0.8542080375 0.5219088984375 0.84071039375 0.4987700796875 0.821910103125 0.4961991015625 0.788648053125 0.5084112546874999 0.7756324671875 0.524479878125 0.7775607015625 0.5431194828125 0.7910583453125 0.5720430046875 0.799735403125 0.6151069171875
0 0.42855019531250005 0.8767041109375 0.4444581328125 0.9081986140625 0.465668715625 0.9287664515625 0.4849510640625 0.9184825328124999 0.5032692953125 0.8985574390625001 0.508571940625 0.8773468546875 0.4960384140625 0.8567790171875 0.4806125359375 0.8317119640625 0.46952518593750003 0.80728765625 0.45217107187499994 0.7783641328125 0.4377093109375 0.752011590625 0.42228343125 0.7475123765625 0.4092678453125 0.7565108046875 0.39287785 0.7757931546875 0.3875752046875 0.7867198171875 0.397216378125 0.8201425546875001 0.4126422578125 0.8484233328125 0.42855019531250005 0.8767041109375
0 0.36106197500000003 0.9358366453125001 0.3870931453125 0.9236244921875001 0.40492931875 0.8985574390625001 0.4087857875 0.86449195625 0.3870931453125 0.8297837296875 0.3625081515625 0.7899335421875 0.3466002140625 0.7629382546875 0.32490757187499997 0.7532970796875 0.308999634375 0.7642237453125 0.29453787343750004 0.7796496234375 0.28778905 0.798931971875 0.3032149296875 0.835568434375 0.331174334375 0.8779896015625 0.36106197500000003 0.9358366453125001
0 0.7602065890625 0.4563232046875 0.7688836453125 0.4846039828125 0.7876839359375001 0.48910319687500003 0.8146792234375001 0.48717496093749996 0.82624863125 0.47624829843749994 0.82624863125 0.4518239890625 0.81853569375 0.43189889531250003 0.8103406937500001 0.40233262812500004 0.8026277546875 0.3766228296875 0.7833454078125001 0.35926871718750003 0.753939825 0.36826714531250004 0.74526276875 0.3849785140625 0.7438165921875 0.40426086406249995 0.7510474734375 0.42418595625 0.7602065890625 0.4563232046875
0 0.7684015875 0.2686416796875 0.7515295328125 0.2204615171875 0.7370677703124999 0.2121058328125 0.7206777734375 0.2166050484375 0.7115186578125 0.22624622187500001 0.7100724828125 0.246171315625 0.7129648359375 0.2654536640625 0.7192315984375 0.2840932671875 0.72308806875 0.3020901265625 0.7394780640625 0.3078491203125 0.75635011875 0.3072063765625 0.767919528125 0.3027071609375 0.7712939390625 0.291780496875 0.7684015875 0.2686416796875
0 0.70862630625 0.2204615171875 0.7206777734375 0.1998936796875 0.728872771875 0.1812540765625 0.7351395359375 0.1619717265625 0.7356215953125 0.149116828125 0.734657478125 0.1349764390625 0.7254983625 0.117660890625 0.7057339546875 0.12087461562499999 0.7057339546875 0.11701814531250002 0.6898260171875 0.1420851984375 0.679220725 0.1671522515625 0.66957955 0.1863960359375 0.6676513171875 0.2114630890625 0.678738665625 0.2204615171875 0.6951286624999999 0.22238975156250002 0.70862630625 0.2204615171875
0 0.627158384375 0.2108589078125 0.643066321875 0.2127871421875 0.6575280828125 0.20314596875 0.668615434375 0.18579185468749998 0.6763283734375001 0.1710087203125 0.6854874890625 0.15558284218750001 0.6941645453125 0.1407997078125 0.688379840625 0.12601657500000002 0.6825951359375 0.11508991093750001 0.658974259375 0.11059069531250001 0.6343892640625 0.1407997078125 0.6237839734375 0.16201029218750002 0.612696621875 0.181292640625 0.6160710328125 0.1992894984375 0.627158384375 0.2108589078125
0 0.6367995578125 0.345835346875 0.6324610296875 0.32398201875 0.629568678125 0.30727065 0.6146248578125 0.3117698640625 0.6011272140624999 0.3149835890625 0.595342509375 0.32719574375 0.5987169203125 0.34776358281249997 0.6006451546875 0.36897416562499996 0.6078760359375 0.3927557296875 0.6252301484375 0.3927557296875 0.639209853125 0.38568553437499997 0.63872779375 0.36318946093750004 0.6367995578125 0.345835346875
0 0.608840153125 0.1710087203125 0.59727074375 0.1568683328125 0.5808807484375 0.1542973515625 0.5707575140625 0.1626530359375 0.561116340625 0.17036597656250002 0.550028990625 0.18000715 0.5399057578125 0.19221930468749998 0.5355672296875 0.208287928125 0.5302645828125 0.224999296875 0.5331569359375 0.24235341093749999 0.551957225 0.23978243125 0.5644907515625001 0.24556713593750001 0.5736498671875 0.23142674687499998 0.5857013359375001 0.2172863578125 0.5987169203125 0.20378871406250001 0.607393978125 0.188362834375 0.608840153125 0.1710087203125
0 0.5437622281250001 0.36126122656250004 0.5471366375 0.3818290640625 0.5582239875 0.39725494375000003 0.573167809375 0.3946839640625 0.5885936875 0.3901847484375 0.5900398640625 0.36897416562499996 0.586665453125 0.34647809218750003 0.588111628125 0.3149835890625 0.577024278125 0.302128690625 0.5625625171874999 0.3008432015625 0.5505110484375 0.298914965625 0.5394236984375 0.31819731406249996 0.541351934375 0.3400506421875 0.5437622281250001 0.36126122656250004
0 0.536531346875 0.20057498906250001 0.5456904609375 0.18579185468749998 0.5384595812499999 0.171651465625 0.5254439953125 0.16650950625 0.5143566453124999 0.16650950625 0.501341059375 0.1742224453125 0.4830228296875 0.1902910703125 0.47338165625000006 0.20764518281250002 0.4651866578125 0.2237138078125 0.47048930312500004 0.24171066562500002 0.485433121875 0.251994584375 0.49796664843749994 0.246852625 0.5124284109375 0.2359259609375 0.5201413500000001 0.224999296875 0.5288184078125 0.21471537812500002 0.536531346875 0.20057498906250001
0 0.5027872375 0.40496788281249996 0.52255164375 0.40496788281249996 0.5307466421875 0.3921129828125 0.531710759375 0.3683314203125 0.5312287015625 0.3394078984375 0.52737223125 0.3194828046875 0.5211054671875 0.30341418125 0.49218194375 0.31048437500000003 0.4873613578125 0.33362319375 0.48591518125000005 0.3844000453125 0.488325475 0.4017541578125 0.5027872375 0.40496788281249996
0 0.456991659375 0.40882435156249997 0.4728995953125 0.4043251375 0.47675606562499995 0.3779725953125 0.47723812499999996 0.3374796640625 0.47000724375 0.3117698640625 0.45265313125000006 0.31048437500000003 0.43529901718749997 0.3175545703125 0.4290322546875 0.388899259375 0.4343348984375 0.4101098421875 0.456991659375 0.40882435156249997
0 0.38323667499999997 0.42425023125 0.3976984375 0.4236074859375 0.4131243171875 0.4203937609375 0.420355196875 0.41139533281249996 0.42228343125 0.3953267078125 0.421801371875 0.3696169109375 0.42662195937499997 0.35740475625 0.42421166718750003 0.3400506421875 0.41360637499999997 0.3278384890625 0.397216378125 0.33105221406249996 0.3851649109375 0.3400506421875 0.3784160890625 0.38761376875 0.3769699125 0.41396631250000004 0.38323667499999997 0.42425023125
0 0.3880572640625 0.2693486984375 0.40733961250000006 0.26356399375 0.4261399015625 0.25970752343750003 0.43722725156250003 0.2442816453125 0.43674519375000004 0.22628478593749998 0.4309604875 0.2108589078125 0.42324754843749995 0.20314596875 0.37938020625 0.2108589078125 0.3673287390625 0.2256420421875 0.352866978125 0.2327122359375 0.3466002140625 0.2539228203125 0.350456684375 0.271919678125 0.3663646203125 0.2770616375 0.3880572640625 0.2693486984375
0 0.320086984375 0.41846552656249997 0.3229793359375 0.43260591562500006 0.3393693328125 0.43196317031250003 0.3557593296875 0.4268212109375 0.3658825625 0.4236074859375 0.36829285624999997 0.4101098421875 0.3697390328125 0.3927557296875 0.37311344375 0.3734733796875 0.3760057953125 0.3599757359375 0.3755237375 0.34647809218750003 0.367810796875 0.3374796640625 0.3576875640625 0.33812240781249997 0.3422616859375 0.338765153125 0.331174334375 0.35740475625 0.3229793359375 0.3946839640625 0.320086984375 0.41846552656249997
0 0.3032149296875 0.24235341093749999 0.290681403125 0.23978243125 0.2752555234375 0.24556713593750001 0.2665784671875 0.25649379843750003 0.2550090578125 0.26227850468749997 0.2482602359375 0.2712769328125 0.2472961203125 0.2899165359375 0.2559731765625 0.29505849687499996 0.266096409375 0.29505849687499996 0.2786299359375 0.2924875171875 0.2940558140625 0.2879883015625 0.30466110625 0.28734555781250004 0.3196049265625 0.2757761484375 0.3229793359375 0.2629212484375 0.3196049265625 0.2481381140625 0.3143022796875 0.23913968593749999 0.3032149296875 0.24235341093749999
0 0.277183759375 0.35740475625 0.27236317187500003 0.362546715625 0.261275821875 0.405610628125 0.25934758593749996 0.42746395625 0.262721996875 0.43967611093750003 0.268506703125 0.44674630468750004 0.2805581703125 0.4448180703125 0.2993584609375 0.4416043453125 0.308999634375 0.43196317031250003 0.3143022796875 0.41975101718749996 0.3143022796875 0.40753886250000004 0.3220152203125 0.3747588703125 0.3263537484375 0.36318946093750004 0.32490757187499997 0.3503345625 0.3215331609375 0.3394078984375 0.3080355171875 0.33490868281249997 0.2959840484375 0.335551428125 0.28248640625 0.3426216234375 0.277183759375 0.35740475625
0 0.2156055796875 0.382381825 0.20837469843749998 0.407448878125 0.205482346875 0.42994495156249996 0.211749109375 0.4466563203125 0.2223544015625 0.4492273 0.238744396875 0.44537082968749997 0.2503138078125 0.4402288703125 0.25850880468750004 0.4280167171875 0.25658057031250003 0.4158045625 0.2633293921875 0.3997359390625 0.2676679203125 0.382381825 0.26622174374999996 0.36567045625 0.25838346875 0.35419103125 0.238744396875 0.3560292828125 0.22717498749999998 0.3611712421875 0.22090822499999999 0.374026140625 0.2156055796875 0.382381825
0 0.15149177187500001 0.30846615625 0.157276475 0.313608115625 0.1630611796875 0.3226065453125 0.17559470625 0.3206783109375 0.1910205859375 0.313608115625 0.205482346875 0.313608115625 0.22139028437500002 0.30846615625 0.2319955765625 0.2988249828125 0.237298221875 0.2821136140625 0.237298221875 0.26797322343749996 0.22813910625 0.26026028437500004 0.21608763749999998 0.25640381562500003 0.1857179390625 0.261545775 0.1775229421875 0.2756861640625 0.16691765 0.27825714375 0.1582405921875 0.2917547875 0.15149177187500001 0.30846615625
0 0.1404044203125 0.4254457359375 0.1404044203125 0.44408534062499994 0.1476353015625 0.45951121875 0.17414853125000002 0.45951121875 0.1794511765625 0.4498700453125 0.1905385265625 0.44537082968749997 0.1861999984375 0.4318731859375 0.1905385265625 0.4158045625 0.1948770546875 0.40037868281250005 0.20114381875 0.3952367234375 0.1996976421875 0.3798108453125 0.191984703125 0.36888418125 0.178005 0.36824143593750003 0.1611329453125 0.377239865625 0.1539020640625 0.3913802546875 0.1471532421875 0.39587946875 0.1404044203125 0.4254457359375
0 0.179933234375 0.6671178375 0.1900564671875 0.6748307765625 0.20500028750000002 0.6729025421875 0.21946205000000002 0.6664750921875 0.230067340625 0.6536201937499999 0.2358520453125 0.634980590625 0.2358520453125 0.6163409859375 0.24163674999999998 0.5816327593749999 0.2469393953125 0.5777762890625 0.250795865625 0.561707665625 0.24790351406250002 0.5501382578125 0.244529103125 0.53278414375 0.23295969218749998 0.5237857140625 0.222836459375 0.5250712046875 0.20114381875 0.5282849296875 0.183307646875 0.5822755046875 0.1789691171875 0.6131272609375 0.17559470625 0.6510492140624999 0.179933234375 0.6671178375
0 0.1972873484375 0.7968494781250001 0.19246676093749998 0.8039196734375 0.19439499531249999 0.8206310421874999 0.20644646406249997 0.8476263296875001 0.2175338140625 0.8733361265624999 0.232477634375 0.8984031796874999 0.2426008671875 0.9253984671875 0.2536882171875 0.9382533671875001 0.26477556875 0.9408243468749999 0.28212968125 0.9292549375 0.2970735015625 0.9131863140625001 0.3033402640625 0.893903965625 0.30912496875 0.8906902406249999 0.305750559375 0.8701224015625 0.2951452671875 0.857267503125 0.28116556406250004 0.8315577046874999 0.25995498125 0.7846373234375 0.23488792812499998 0.766100559375 0.22331851875000003 0.7692114453125 0.20741058125 0.7827090890624999 0.1972873484375 0.7968494781250001
0 0.0811111984375 0.8546965234374999 0.09219855 0.8752643625 0.10232178125 0.9009741609375 0.11919383750000001 0.9292549375 0.12160413125 0.9279694484375 0.13269148125000002 0.9504655203124999 0.1495635359375 0.9498227765625 0.17511264843750002 0.9318259171875001 0.1881282328125 0.907401609375 0.1948770546875 0.8816918109375 0.184753821875 0.8598384828125001 0.17173823593749998 0.8482690734375 0.1616150046875 0.8244875109375001 0.15100971093749999 0.8013486921874999 0.13654795 0.7846373234375 0.11678354375 0.7743534046875 0.1061782515625 0.7820663453125001 0.082075315625 0.8019914375000001 0.0748444359375 0.8206310421874999 0.0738803171875 0.8328431953125 0.0811111984375 0.8546965234374999
0 0.0001928234375 0.9382533671875001 0.0069416453125 0.9202565078125 0.011762232812499999 0.905473375 0.0079057625 0.8906902406249999 0.0112801734375 0.8501973093749999 0.017064878125 0.827058490625 0.021885465625 0.8122753578124999 0.0179615078125 0.7942784984375 0.013208409374999999 0.7859228140625001 0 0.7807808546875 0.0001928234375 0.9382533671875001
0 0.0001928234375 0.5346095390625 0.0001928234375 0.6368059859375 0.0093519390625 0.6239510859374999 0.0054954703124999995 0.6136671671875 0.035383109375 0.5648185515625 0.0455063421875 0.5577483578125 0.0450242828125 0.5448934578125 0.04695251875 0.5313958140625 0.024777817187500002 0.518540915625 0.0064595875 0.5243256203125 0.0001928234375 0.5346095390625
0 0.03422616875 0.4602053828125 0.028923523437499998 0.4820587109375 0.0255491125 0.5000555703125 0.037118521875 0.5129104703125 0.054472634374999995 0.5084112546874999 0.0718267484375 0.49812733593749997 0.07568321875 0.4769167515625 0.0843602734375 0.4595626390625 0.09207321406249999 0.4389948 0.0983399765625 0.41714147187500006 0.0973758609375 0.4010728484375 0.08677056875 0.3959308890625 0.0718267484375 0.3991446140625 0.05977528125 0.4094285328125 0.0491699875 0.4229261765625 0.0400108734375 0.44028029062499996 0.03422616875 0.4602053828125
0 0.106534975 0.403643828125 0.09641174218750001 0.42871088124999995 0.09207321406249999 0.4550634234375 0.0988220359375 0.46791832343750006 0.11231967968750001 0.4711320484375 0.129191734375 0.46406185312500003 0.13979702656249998 0.4518496984375 0.13883290937499998 0.43513832968750005 0.1528126125 0.38179050000000003 0.14172526093749999 0.3779340296875 0.1253352640625 0.385004225 0.11521203124999999 0.39528814375 0.106534975 0.403643828125
0 0 0.3997873578125 0.0154258796875 0.3965736328125 0.0255491125 0.38950343906249996 0.0366364625 0.3798622640625 0.042421165625 0.3637936421875 0.05350851718750001 0.3509387421875 0.062185573437499995 0.33808384375 0.054472634374999995 0.3220152203125 0.043385284375 0.31815875 0.0303697 0.320086984375 0.017354112499999998 0.33229913906249997 0 0.3445112921875 0 0.3997873578125
0 0.062185573437499995 0.3110885546875 0.0785755703125 0.3053038515625 0.09207321406249999 0.282807778125 0.1012323296875 0.26095444843750004 0.09207321406249999 0.2442430796875 0.076647334375 0.246171315625 0.0655599859375 0.25516974531250003 0.0583291046875 0.25902621406250004 0.048205871875 0.27380934843750004 0.042903225 0.2943771859375 0.0467596953125 0.3104458109375 0.062185573437499995 0.3110885546875
0 0.1595614328125 0.1683991765625 0.1542587875 0.1889670140625 0.1595614328125 0.2063211296875 0.1667923140625 0.2133913234375 0.1822181921875 0.20760661875 0.192341425 0.196037209375 0.190413190625 0.18446780000000002 0.2039108359375 0.1645427078125 0.1957158359375 0.1497595734375 0.181736134375 0.1510450640625 0.1716129015625 0.1581152578125 0.1595614328125 0.1683991765625
0 0.08677056875 0.19475172031250002 0.0776114515625 0.2101775984375 0.07375498281250001 0.2243179875 0.080021746875 0.23781563125 0.09110909687499999 0.2403866109375 0.1012323296875 0.2365301421875 0.110873503125 0.2365301421875 0.118104384375 0.2301026921875 0.1176223265625 0.22174700781249998 0.1238890890625 0.2101775984375 0.1311199703125 0.20760661875 0.1354584984375 0.196037209375 0.129191734375 0.18575329062499998 0.116658209375 0.18061133125 0.1036426234375 0.187681525 0.0949655671875 0.18832427031250001 0.08677056875 0.19475172031250002
0 0.12051467812500001 0.1401183984375 0.12051467812500001 0.1581152578125 0.127745559375 0.169041921875 0.1359405578125 0.17032741093749998 0.1518484953125 0.165828196875 0.1581152578125 0.1516878078125 0.16823849062500001 0.1272635 0.1585973171875 0.11697958125 0.1441355546875 0.1201933046875 0.1311199703125 0.1279062453125 0.12051467812500001 0.1401183984375
0 0 0.182539565625 0.0077129390625 0.17739760625 0.017354112499999998 0.1818968203125 0.0260311703125 0.1754693703125 0.032297934375 0.1645427078125 0.03422616875 0.152330553125 0.018800290625 0.1426893796875 0 0.1414038890625 0 0.182539565625
0 0.18511054531249999 0.1446176140625 0.1928234859375 0.1516878078125 0.208731421875 0.14847408281250002 0.21981877187499999 0.1343336953125 0.22415729999999998 0.12083605 0.2284958296875 0.11376585624999999 0.220782890625 0.0970544875 0.2019826 0.098982721875 0.188967015625 0.10798115156250002 0.1827002515625 0.1330482046875 0.18511054531249999 0.1446176140625
0 0.16052555 0.12083605 0.17257701875 0.12083605 0.179325840625 0.1066956609375 0.18848495625 0.091912528125 0.186556721875 0.07905762968749999 0.1764334890625 0.07263017968749999 0.156187021875 0.0797003734375 0.1446176140625 0.0938407625 0.1441355546875 0.1092666421875 0.1489561421875 0.118907815625 0.16052555 0.12083605
0 0.1735411359375 0.07845344843749999 0.190413190625 0.08166717343749999 0.2005364234375 0.07074050937500001 0.2039108359375 0.0514581609375 0.1894490734375 0.007108759375 0.1778796640625 0.013536207812500001 0.16631025625 0.036675026562500004 0.16775643125 0.0681695296875 0.1735411359375 0.07845344843749999
0 0.05640086875 0.1337295140625 0.0645958671875 0.11444716562499999 0.056882928124999996 0.0996640328125 0.040974990625 0.0970930515625 0.0255491125 0.10609148125000001 0.0149438203125 0.11059069531250001 0.0081949984375 0.1266593203125 0.02313881875 0.1253738296875 0.04531351875 0.1318012796875 0.05640086875 0.1337295140625
0 0.0260311703125 0.144656178125 0.0337441109375 0.15558284218750001 0.0419391078125 0.158153821875 0.05350851718750001 0.1388714734375 0.042421165625 0.127944809375 0.0245849953125 0.1298730453125 0.0077129390625 0.1266593203125 0 0.1440134328125 0.0106052921875 0.1420851984375 0.0260311703125 0.144656178125
0 0.022656759375 0.0733114890625 0.032297934375 0.060456589062499996 0.042903225 0.0501726703125 0.0380826375 0.036675026562500004 0.027477346875000003 0.027676598437499998 0.0149438203125 0.0302475765625 0.0062667625 0.0450307109375 0.00241029375 0.0636703140625 0.0106052921875 0.07845344843749999 0.022656759375 0.0733114890625
0 0.042903225 0.0418169859375 0.0510982234375 0.034104046875 0.06122145624999999 0.0231773828125 0.06363175 0.015464443750000001 0.05350851718750001 0.010322484375 0.0419391078125 0.012893464062500002 0.03422616875 0.010322484375 0.0265132296875 0.0225346375 0.028441464062499998 0.030890321874999998 0.0366364625 0.036675026562500004 0.042903225 0.0418169859375