0 0.7032488390625 0.8017978593749999 0.6483752468749999 0.729196065625 0.6124690375 0.7374892203125001 0.6742897375 0.8259099203125 0.6956183359375 0.8239584515624999 0.7032488390625 0.8017978593749999
0 0.5963324515624999 0.78414826875 0.5877887421875 0.8049615859375001 0.6274082421875 0.8898691296875001 0.66557370625 0.9030105531249999 0.6851571046875 0.8901298359375 0.630249821875 0.789629959375 0.5963324515624999 0.78414826875
0 0.518018715625 0.9276000812499999 0.3951073515625 0.8646216515624999 0.37738405468749997 0.908095 0.49838779375 0.976613578125 0.518018715625 0.9276000812499999
0 0.371120346875 0.854296596875 0.27497621250000004 0.8015676953125 0.2560623796875 0.8404997796875 0.3543914703125 0.8908825234375 0.371120346875 0.854296596875
0 0.25088623125 0.7746905187500001 0.17320925468749998 0.7283203703125001 0.14202458906249998 0.7588959359375 0.22736575937499998 0.8110035765625 0.25088623125 0.7746905187500001
0 0.056868859375000004 0.7222474125 0.1541361484375 0.7237214140625 0.1582766390625 0.6874640421875 0.05874279375 0.68880918125 0.056868859375000004 0.7222474125
0 0.2374267640625 0.6946506078125 0.30196030625 0.727199615625 0.3269080390625 0.7027391625 0.266663196875 0.6737325390625 0.2374267640625 0.6946506078125
0 0.4007832234375 0.7299331109375 0.5046727671875 0.78016480625 0.5254130109374999 0.743927271875 0.42648865156250004 0.6912738953125 0.4007832234375 0.7299331109375
0 0.5542276125 0.6994177859375 0.4490257125 0.6569968703125 0.4270949296875 0.6886931390625 0.535672325 0.7333091640625 0.5542276125 0.6994177859375
0 0.5717153359375 0.6506462187500001 0.461866190625 0.6097236265625 0.44827608437500005 0.641193321875 0.5578072921875 0.683039271875 0.5717153359375 0.6506462187500001
0 0.4804063671875 0.5832599796875 0.47487960781250005 0.6113091125000001 0.5743249375 0.6424523875 0.5814413859374999 0.6097864656249999 0.4804063671875 0.5832599796875
0 0.6000786734375 0.6034478812499999 0.5990505625 0.5824372203125 0.582491028125 0.5705383187499999 0.5110846765625 0.5459511406249999 0.491778609375 0.562025846875 0.5134994421875 0.5829317546875 0.5609493578125 0.6013610578125 0.6000786734375 0.6034478812499999
0 0.6315165765625 0.6873780234375 0.701562596875 0.77603010625 0.7364212171875 0.7607948078125 0.6625877015625 0.6750290609375 0.6315165765625 0.6873780234375
0 0.643964790625 0.611617578125 0.7105938296875001 0.703702621875 0.749980965625 0.6866742375 0.6837690578125 0.6031137734375001 0.643964790625 0.611617578125
0 0.7466861546875 0.612217259375 0.7110016906250001 0.5714348859375 0.68465398125 0.574934065625 0.6759976015625 0.58871533125 0.7239089578125 0.647536325 0.7443558140625 0.657929121875 0.766369903125 0.64916633125 0.7677587109374999 0.6353969234375 0.7466861546875 0.612217259375
0 0.732308403125 0.512481534375 0.7098442328125001 0.51606078125 0.7024942843749999 0.5244252234375 0.7403194453124999 0.576839928125 0.7598303828125 0.5931961734375 0.7821655562500001 0.5899915578125 0.7916425296875 0.5819404609375 0.785297209375 0.564669884375 0.772120728125 0.5412757234375001 0.7519812875 0.5251221171875 0.732308403125 0.512481534375
0 0.8240877203125001 0.48609011874999997 0.8204155515625 0.4772828359375 0.7408347140625 0.44066191562499996 0.7230746765625 0.45005139843749997 0.7189303406249999 0.46371009687500003 0.8011212359375 0.5024868765625 0.8240877203125001 0.48609011874999997
0 0.7826027890625 0.41347344531249997 0.7580143984375 0.40374984375 0.7411408578125 0.41218742812500003 0.740880059375 0.42592619374999996 0.7699310671874999 0.440538778125 0.805363153125 0.456091403125 0.8217343796875 0.46047132656249995 0.8315653890625001 0.454637371875 0.839335275 0.44180800312499996 0.8304100406250001 0.43203004062500006 0.8073366468750001 0.421151903125 0.7826027890625 0.41347344531249997
0 0.7838205296874999 0.3690589984375 0.7649023374999999 0.3688306546875 0.7528125 0.387715396875 0.7911592546875 0.412652571875 0.8195817562500001 0.42746779375 0.832955940625 0.4308157515625 0.84763655625 0.4287468859375 0.8576459875 0.4175267515625 0.8498487625 0.40771814375000004 0.8149820875 0.38565544687500003 0.7838205296874999 0.3690589984375
0 0.5238043390625 0.533877053125 0.5313901890625 0.5524128734375 0.6086052921875 0.5748096921875 0.6193227968749999 0.5680238390625 0.626560225 0.558363509375 0.6184089640625 0.5463377625 0.5767083234375 0.531140984375 0.53705233125 0.5246101390625 0.5238043390625 0.533877053125
0 0.58671875 0.5125 0.1140625 0.0734375
0 0.567778196875 0.45748985937500003 0.6649580765625001 0.4841529484375 0.6796048234375001 0.45565634375 0.5839418625 0.4263428796875 0.567778196875 0.45748985937500003
0 0.599808628125 0.389672675 0.5853192234375 0.41595725000000006 0.6777583984375 0.442347709375 0.6903657765625 0.4145086171875 0.599808628125 0.389672675
0 0.641602978125 0.39746475625 0.6438561796875 0.37512526875 0.5633760703124999 0.35530233906249997 0.55554009375 0.38414763125 0.641602978125 0.39746475625
0 0.5610288671875 0.35213398125 0.4805438171875 0.33665828124999997 0.4716144265625 0.3625911140625 0.5435769015624999 0.37649198125 0.5568936390625 0.37291894999999997 0.5610288671875 0.35213398125
0 0.43317266718749997 0.384090221875 0.5059009921875 0.402787209375 0.51835103125 0.37716015 0.45508629218749996 0.360815253125 0.43317266718749997 0.384090221875
0 0.5035770687500001 0.40427113437499995 0.43490965781249996 0.38606594843750003 0.41869556875 0.408583975 0.487327340625 0.4304028234375 0.49864034999999995 0.4238736453125 0.5035770687500001 0.40427113437499995
0 0.372998221875 0.417866953125 0.3722975796875 0.4339424015625 0.44650718593749994 0.45360267812500005 0.45649625625 0.4438981796875 0.46221664687499997 0.4272849609375 0.38684044375000004 0.4022373359375 0.372998221875 0.417866953125
0 0.3558431203125 0.43960772031250006 0.3462013359375 0.4553239390625 0.3499979921875 0.46886875625 0.3896987328125 0.4834453015625 0.435850075 0.48981840937500004 0.440543390625 0.4674126375 0.4421820125 0.46616389375 0.3558431203125 0.43960772031250006
0 0.3452720734375 0.48083874375 0.3310617125 0.5063129156249999 0.4064735546875 0.5277468796875 0.422269078125 0.50644445625 0.3902894234375 0.4922602859375 0.3452720734375 0.48083874375
0 0.401085665625 0.5381292078125 0.33367395 0.5162772171875 0.31857906874999997 0.5215041921875 0.3161537421875 0.53381309375 0.32392525 0.5428344218750001 0.34741796875 0.5518300968750001 0.384417371875 0.565476496875 0.3988502828125 0.5586618624999999 0.401085665625 0.5381292078125
0 0.38431045468749997 0.5763174828125 0.30372455781249996 0.543583875 0.28191481406249996 0.5700673046875 0.365062525 0.6041362578125 0.36480130312500003 0.603139828125 0.38431045468749997 0.5763174828125
0 0.3653563546875 0.6155684734375 0.28259156875 0.58389758125 0.2699307296875 0.6171571640625 0.3533931265625 0.64680205625 0.3653563546875 0.6155684734375
0 0.345250440625 0.6616747296875001 0.2640382125 0.6237398 0.24479028593750002 0.6515585765624999 0.3295409796875 0.6879924484375 0.345250440625 0.6616747296875001
0 0.16418708906249999 0.6546223375 0.1586657484375 0.6373109718750001 0.1372806375 0.634479903125 0.047165556250000004 0.6610124859375001 0.0636643703125 0.6920750171875001 0.15998361875 0.668585184375 0.16418708906249999 0.6546223375
0 0.2205817234375 0.6084307390625 0.20739275781250002 0.5853065046875 0.12848679999999998 0.6021014499999999 0.11956044531250001 0.6139848328124999 0.1336726046875 0.6396931578125 0.2081347203125 0.6200083515625 0.2205817234375 0.6084307390625
0 0.2281523453125 0.530142825 0.150760275 0.5583368421875 0.1608975828125 0.5885686578125 0.2473168578125 0.5657491640625001 0.24437515156249998 0.5479663109375 0.2281523453125 0.530142825
0 0.30191916406249997 0.47211048906249997 0.30286017656249997 0.47288774843750003 0.28905966250000004 0.4568048078125 0.2724687171875 0.4488258796875 0.23035136406249998 0.486899746875 0.22651300000000002 0.5050674859375001 0.2581957921875 0.5218688874999999 0.30191916406249997 0.47211048906249997
0 0.31408031875 0.4499203515625 0.3511096796875 0.40556213124999996 0.319931515625 0.3925604203125 0.2860042359375 0.4384400140625 0.31408031875 0.4499203515625
0 0.38232563124999996 0.35028339062499997 0.3583104640625 0.33929485625 0.338457059375 0.34605603125 0.321527540625 0.372406890625 0.3232491921875 0.3902228859375 0.34541797343749997 0.39604324375 0.3609492390625 0.3877938359375 0.38232563124999996 0.35028339062499997
0 0.2888874015625 0.30882752812500003 0.3131459734375 0.322619325 0.3486493125 0.3230598203125 0.35639125 0.307595915625 0.30192813125 0.29201545156250003 0.2888874015625 0.30882752812500003
0 0.48455261875 0.2968652609375 0.48556491093750004 0.2904151953125 0.49013348749999996 0.28065724062499997 0.4869988015625 0.26870008125 0.46132719375000003 0.2607671203125 0.4241852328125 0.26157536875 0.410078753125 0.290258003125 0.48455261875 0.2968652609375
0 0.9003307312500001 0.355186175 0.8358459359375001 0.338874421875 0.8157252375 0.3727380640625 0.8980388546875 0.395188771875 0.9167821546875 0.36357030625000003 0.9003307312500001 0.355186175
0 1 0.2617824453125 0.9832928796875 0.25971014531250003 0.9283368828125 0.2666220546875 0.9255760171875 0.299211296875 1 0.3035331609375 1 0.2617824453125
0 0.796235825 0.3057103578125 0.8947843875 0.2897867640625 0.8954998140624999 0.2859539296875 0.8907265078125001 0.2752455140625 0.8661710703125 0.26407094999999997 0.849229803125 0.2641297453125 0.8087927796875001 0.2692423109375 0.7856264937499999 0.2821146375 0.796235825 0.3057103578125
0 0.76647520625 0.2733615625 0.68756925 0.29015650625 0.696225278125 0.31942503437499997 0.7891603671875 0.3092736734375 0.79205771875 0.29032867812499996 0.76647520625 0.2733615625
0 0.546824365625 0.303877809375 0.632994165625 0.30635395 0.6322165640625 0.275265765625 0.5511882124999999 0.2736534828125 0.546824365625 0.303877809375
0 0.3318627078125 0.27443943437499996 0.3972380921875 0.2828994921875 0.40395295468750003 0.2616430359375 0.3451142375 0.24999483437499997 0.3318627078125 0.27443943437499996
0 1 0.176001159375 0.9907406421875 0.17236881875 0.97622133125 0.2344602609375 1 0.238271575 1 0.176001159375
0 0.960916690625 0.1869562671875 0.9207765312499999 0.189451603125 0.9408968390625001 0.23807781718749998 0.9774124687500001 0.232068246875 0.960916690625 0.1869562671875
0 0.9105433125 0.1882837734375 0.8797450390625 0.1917295703125 0.8954036890625 0.239272753125 0.9326851703125 0.2380593046875 0.9334184171875 0.23241963906250002 0.9105433125 0.1882837734375
0 0.8665672765625001 0.23617802187499998 0.856433003125 0.191896759375 0.8199530140625001 0.194292665625 0.83048803125 0.239165159375 0.8665672765625001 0.23617802187499998
0 0.8150032093749999 0.246506165625 0.7985252468749999 0.1995873546875 0.76474659375 0.20291340781249997 0.7786271 0.252110534375 0.8150032093749999 0.246506165625
0 0.7586178578125 0.256587659375 0.7594136671875 0.203379159375 0.719552553125 0.20506409374999998 0.7256585140625 0.259289340625 0.7586178578125 0.256587659375
0 0.6647779078125 0.2522401328125 0.6702787828125001 0.202917921875 0.632439215625 0.20575217499999998 0.6258756234375 0.25289549375 0.6647779078125 0.2522401328125
0 0.5970938171875 0.251012484375 0.628620875 0.20431034218750002 0.6030654 0.1974496234375 0.5707602390625001 0.24149186406249998 0.5970938171875 0.251012484375
0 0.5823574421875 0.19098076718749998 0.5655378765625 0.1924411921875 0.5388448734375 0.23310664062500003 0.5742947515625 0.2389676296875 0.5932488515625 0.1997166375 0.5823574421875 0.19098076718749998
0 0.506071546875 0.2184579234375 0.534601834375 0.22510899687500002 0.563316384375 0.1855928640625 0.5350829625 0.176324559375 0.506071546875 0.2184579234375
0 0.4718875265625 0.2114163203125 0.49958068281249995 0.220498596875 0.529218428125 0.18356655625 0.50628379375 0.17295007812500002 0.4718875265625 0.2114163203125
0 0.44459835625000005 0.200927378125 0.46577266718750004 0.21139096875000002 0.49842642968749995 0.1709650078125 0.47064721093750006 0.1568674390625 0.44459835625000005 0.200927378125
0 0.400786553125 0.1927713765625 0.43485903593749997 0.200877540625 0.457054740625 0.16274272343750001 0.43223808124999996 0.150571728125 0.400786553125 0.1927713765625
0 0.36625842343750004 0.18400002499999998 0.3989300078125 0.141767234375 0.3698612328125 0.131497640625 0.3425223 0.1722010890625 0.36625842343750004 0.18400002499999998
0 0.8603006750000001 0.1294674609375 0.819936003125 0.143306075 0.82721766875 0.160770328125 0.90387264375 0.1458123078125 0.8952339015625 0.12673594999999999 0.8603006750000001 0.1294674609375
0 0.73321788125 0.170572990625 0.8094729234375 0.16147685625 0.8013037031250001 0.1378148515625 0.7273848921875 0.1436362390625 0.73321788125 0.170572990625
0 0.7225964734375 0.15922854687500002 0.7123878875 0.13622405625 0.6654498375 0.14091110625 0.6461010609375 0.151471975 0.64342929375 0.1750270609375 0.7252087125 0.1691928484375 0.7225964734375 0.15922854687500002
0 0.6367524328124999 0.1567185421875 0.6184189828125 0.14677989375 0.5848689484375 0.140666590625 0.56501554375 0.1474277671875 0.5718964625 0.164300790625 0.6271462875 0.16882109843749998 0.6367524328124999 0.1567185421875
0 0.55867588125 0.145552053125 0.5721677796875 0.13796016093750002 0.5664712781250001 0.12466765625000001 0.550925228125 0.120674446875 0.5187673765625 0.1245585859375 0.5120555484375 0.13176559375000002 0.520417746875 0.14960190625 0.55867588125 0.145552053125
0 0.28549480156249996 0.2835094265625 0.23083870156250003 0.27375465625 0.2191219109375 0.2937420515625 0.274039234375 0.30449325156249996 0.28549480156249996 0.2835094265625
0 0.3191450234375 0.23661004062500002 0.279180025 0.23508651406249997 0.2644293953125 0.2603746578125 0.329124990625 0.26905388750000003 0.34084177968749996 0.24906649218750002 0.3191450234375 0.23661004062500002
0 0.23781005937500002 0.2528041859375 0.2488618453125 0.24527857812499998 0.250310521875 0.23580608125000002 0.23710070156250002 0.22853812499999998 0.211393453125 0.22421882656249997 0.195375378125 0.22686171093750002 0.1869180109375 0.24615844843749998 0.23781005937500002 0.2528041859375
0 0.5398622703125 0.10886727031250001 0.52607866875 0.1083134796875 0.516668084375 0.11345772968750001 0.49820847031250004 0.116743834375 0.4927846859375 0.12437879062499999 0.4974093796875 0.1342160296875 0.5087208984375 0.13545578125 0.510988884375 0.13428031406250002 0.5178422859375 0.125740184375 0.5258333046875 0.12471865468750001 0.53802714375 0.12123147187500001 0.54955924375 0.1212894921875 0.548593696875 0.1132711703125 0.5398622703125 0.10886727031250001
0 0.486453103125 0.10542950625 0.4906696015625 0.11428773437499999 0.4956988640625 0.11699765 0.5044962203125001 0.11471659218750001 0.519581325 0.1104082953125 0.5312214359375 0.10798813437499999 0.5409852734375 0.10939369531250001 0.5549583640625 0.10344481406249999 0.5463432484374999 0.08301053281250001 0.5392400453125 0.078748046875 0.5274058890625 0.0838962484375 0.5062426265625 0.0901642109375 0.504081715625 0.09319320625000001 0.49611723281250003 0.0957610453125 0.4883138296875 0.09894331875 0.486453103125 0.10542950625
0 0.47445769374999996 0.1415340171875 0.4670599375 0.1510069328125 0.47381256250000003 0.159923753125 0.5168121859375 0.173178721875 0.5208830921875001 0.1718662171875 0.5276535578125 0.16721802187499998 0.531546725 0.160415853125 0.519471203125 0.1504417078125 0.4975244390625 0.142109334375 0.48259950937499996 0.13890900625 0.47445769374999996 0.1415340171875
0 0.3190700859375 0.15588556250000002 0.3161139671875 0.1734795609375 0.3388962546875 0.1793853953125 0.3631491484375 0.141982146875 0.3395618234375 0.1354113703125 0.3190700859375 0.15588556250000002
0 0.387874625 0.05666095156249999 0.3754536703125 0.058200282812500004 0.35427885468750003 0.0656436109375 0.3465230140625 0.07615646875 0.3466981609375 0.0936654078125 0.39763655937500003 0.077858634375 0.387874625 0.05666095156249999
0 0.47990773750000004 0.106186871875 0.49693802031249995 0.0957654796875 0.5228999062499999 0.08492975781249999 0.5215895359375 0.0767236140625 0.5083940359375 0.074506525 0.49191742187500004 0.075812621875 0.47375451249999995 0.0835175359375 0.46413463593750004 0.094939546875 0.46914258750000004 0.1044188703125 0.47990773750000004 0.106186871875
0 0.2900810484375 0.16800543437499998 0.3134679296875 0.1361202046875 0.2984693734375 0.128629303125 0.2869575703125 0.132032671875 0.2770558359375 0.1367659265625 0.26798703125 0.15109191718749998 0.26211046875 0.1591498875 0.27142805000000003 0.1666234078125 0.2900810484375 0.16800543437499998
0 0.193016284375 0.2877435625 0.207613621875 0.2888923546875 0.21815789218749998 0.2777886390625 0.20365202343750002 0.2673654046875 0.186535465625 0.263022690625 0.1681059421875 0.2624931078125 0.1577267671875 0.2686129546875 0.157561671875 0.2735968234375 0.1682506 0.2830935265625 0.193016284375 0.2877435625
0 0.13935076562499998 0.2273883265625 0.142748646875 0.235537765625 0.17699700625 0.242677453125 0.18493058906249998 0.2376542578125 0.1908071484375 0.2295962875 0.190525290625 0.2229075296875 0.1788662328125 0.21772975312499998 0.1604672 0.2141086890625 0.14639044375000002 0.21895535625 0.13935076562499998 0.2273883265625
0 0.256152828125 0.1284052015625 0.2452809640625 0.13745738125 0.24019419218750002 0.147726034375 0.24183215625 0.1579837140625 0.247586759375 0.16229166718750002 0.26173714375 0.16173557031250002 0.26692802968749996 0.152666009375 0.273505509375 0.1440738921875 0.27996362656249996 0.13582842343749998 0.28776260468750003 0.132697615625 0.2834250828125 0.12577562343749998 0.2717355375 0.123689328125 0.256152828125 0.1284052015625
0 0.234368559375 0.12710823437500002 0.22482490781250003 0.13080154375 0.21463872031250003 0.140865315625 0.21128137812499997 0.1521172046875 0.21377010937500002 0.15840260625 0.22301406250000003 0.1615855546875 0.23531565468750001 0.1603928703125 0.237344784375 0.15449985 0.239389159375 0.147061090625 0.242223321875 0.14183301406249998 0.24772655625 0.13636073124999998 0.252886953125 0.13038265 0.2463120703125 0.12695549374999998 0.234368559375 0.12710823437500002
0 0.29053352656250003 0.07510186875 0.2805429203125 0.07709029218749999 0.27930358125 0.08519399375 0.28270146406249996 0.09334343125 0.29819270625 0.0979019984375 0.32650871875 0.09524406875 0.3304018828125 0.0884418984375 0.33137201250000003 0.0841229734375 0.3302546296875 0.0798607515625 0.322978828125 0.0769677453125 0.314539909375 0.07444973906249999 0.3025963984375 0.07460248124999999 0.29053352656250003 0.07510186875
0 0.2465180390625 0.0708030484375 0.2340082140625 0.0695975484375 0.22538895781249998 0.07360915312500001 0.2246423046875 0.078780521875 0.22470068593749998 0.084616834375 0.2261456625 0.090930590625 0.23433061406250003 0.0956876328125 0.24846575468749998 0.09667727968749999 0.264927125 0.09691691875 0.2689091609375 0.09285958125 0.27219027812499996 0.089336390625 0.27386132500000004 0.084483315625 0.2670629671875 0.0802037171875 0.2611737578125 0.07778815312500001 0.2522726421875 0.07511100000000001 0.2465180390625 0.0708030484375