0 0.1273690328125 0.543092328125 0.122285965625 0.5571039328125 0.12126910312500001 0.5711649359375001 0.13070614375 0.5801016921875 0.1417971703125 0.5801664203125 0.1560290890625 0.570957084375 0.173887134375 0.5653626546875 0.1899245234375 0.5583457734375 0.20709987500000002 0.5498723640625001 0.2206794796875 0.5362440515625 0.2183584 0.5227026265625 0.2077985875 0.514452396875 0.17809087343750002 0.520953115625 0.1273690328125 0.543092328125
0 0.1537683546875 0.5731001375 0.1391571125 0.58279498125 0.1283238921875 0.5884047390625 0.11702021250000001 0.5991199984375 0.1167316125 0.6137499859375 0.12248176875000001 0.6221518328125 0.1365162265625 0.6229524875 0.1585012328125 0.6143274625 0.1905608203125 0.6010636953125 0.2061885078125 0.5960723203125 0.21439686249999998 0.5923211234375 0.21903984843750002 0.581875025 0.21589937187500002 0.572384615625 0.21048296875 0.5658072578125 0.19867886875000002 0.5644035484375001 0.1863891203125 0.56887534375 0.1712167 0.5695312140625 0.1537683546875 0.5731001375
0 0.12345223281249999 0.647929771875 0.11730715 0.6595479046875 0.11927928750000001 0.6720348406250001 0.13091630468749998 0.6819085406250001 0.1461039140625 0.6804826687500001 0.19878311875000002 0.65283591875 0.21442599687500002 0.64707454375 0.222027603125 0.636594371875 0.22522925468750002 0.6242403125 0.22248328593750002 0.6134943953125 0.21444201562499998 0.6087755984375 0.190287409375 0.61492368125 0.17132178125 0.6204346390625 0.1544801828125 0.6307325374999999 0.1369558890625 0.6381514546875 0.12345223281249999 0.647929771875
0 0.2079611046875 0.7123916078125 0.1962329515625 0.707137903125 0.1831238046875 0.7156607109374999 0.143492575 0.756629121875 0.11276758281249999 0.79595531875 0.11141696718750001 0.8081918343750001 0.11976161406250001 0.8162751187499999 0.1318538984375 0.8218133156249999 0.1480731453125 0.8243209125 0.15866375 0.8122666703125001 0.17189441249999998 0.7975838671875 0.1825002078125 0.7847596265625 0.1935005140625 0.7706798765625 0.207110496875 0.755511565625 0.2147728625 0.7419513984375 0.22210147500000002 0.726566740625 0.2192795609375 0.7196708203125 0.2079611046875 0.7123916078125
0 0.1932115 0.8040743359375 0.14965035468750001 0.856827828125 0.18195842812500002 0.8860277984374999 0.20433165937500003 0.858892484375 0.220748784375 0.8326256203125 0.21917115781250002 0.818883178125 0.20981006562500001 0.8060964265624999 0.1932115 0.8040743359375
0 0.3272940453125 0.6234498125 0.31272837343750004 0.6308346578124999 0.28109367343749997 0.6413029171875 0.2776038390625 0.6495224921875 0.2751608296875 0.6609055359375 0.2805012859375 0.6713328890625 0.2926239515625 0.6753310875 0.3096625953125 0.673787671875 0.328552278125 0.6721267109375 0.34674407500000004 0.6683567703125 0.3665139140625 0.6595647984374999 0.3778631625 0.6465395390625 0.380093934375 0.6271720109375 0.37173410156250003 0.619858728125 0.35287479843749997 0.6199796890625 0.3272940453125 0.6234498125
0 0.3831572203125 0.6968058375 0.35716676718749996 0.702301465625 0.3262147640625 0.7156487046875 0.30489726250000004 0.727922709375 0.29961715 0.73317983125 0.2989188515625 0.749835325 0.3067778484375 0.7637941125000001 0.325713096875 0.7598231531249999 0.3446635375 0.7550821953125 0.36695191875 0.74982165625 0.3833230578125 0.7446292624999999 0.394960490625 0.735738490625 0.4014545140625 0.7251748484375 0.403882334375 0.7145618015624999 0.4007722359375 0.7035313953125 0.3968427359375 0.696552 0.3831572203125 0.6968058375
0 0.29457840625 0.8011748546874999 0.29686910625 0.8162562781249999 0.311449553125 0.8268659062499999 0.3414910203125 0.8221896765625001 0.37650922656249997 0.8088918375 0.3940335203125 0.80147291875 0.4047000734375 0.7855686796875 0.40321358281249997 0.7672062421875 0.392744909375 0.75433601875 0.372732453125 0.75668350625 0.33404255312500003 0.7686764359375 0.308294715625 0.78061655 0.2997222296875 0.7840832546875001 0.29457840625 0.8011748546874999
0 0.31553053124999997 0.8449097796875 0.315848678125 0.8662687390625001 0.3219325875 0.876495075 0.33925941875 0.8790861484375 0.37503626562500003 0.8648172921875 0.40260476093750003 0.8542996328125 0.42096364218750004 0.8420597000000001 0.4242564296875 0.8250856437499999 0.4238167671875 0.8098866765625001 0.4203273453125 0.799341778125 0.40623213125 0.80162111875 0.3821079046875 0.8062292031249999 0.3548883515625 0.817801353125 0.32725909999999997 0.8313990109375 0.31553053124999997 0.8449097796875
0 0.33381221875 0.8928132625 0.323965065625 0.9046664874999999 0.325042271875 0.9062899578125 0.324647346875 0.9263099390624999 0.3295477234375 0.9403027984375001 0.345099465625 0.93916141875 0.38456319687499996 0.9254274703125001 0.41660759374999995 0.912933703125 0.428654725 0.902017425 0.43402597500000006 0.89214030625 0.433298128125 0.8728068531250001 0.42724459843749996 0.8610405171875 0.407201765625 0.864928003125 0.3636566390625 0.8793825500000001 0.33381221875 0.8928132625
0 0.3686487703125 1 0.3727574359375 0.9990816546874999 0.39741287812500004 0.9862880671875001 0.4223109359375 0.9799389671875 0.440320875 0.9666445453125 0.44945495625 0.9534523390625 0.44429677187500005 0.9337849953124999 0.4356183765625 0.923877221875 0.41744176718750003 0.9268771625 0.38498767031250003 0.9413964375000001 0.3328093015625 0.9623976859375001 0.32476761718749997 0.9764433625000001 0.328089953125 0.995458253125 0.3320167984375 1 0.3686487703125 1
0 0.6397290546875001 1 0.6410665343749999 0.986657596875 0.6295206546875 0.9721639015625 0.6173068515625 0.9727856984375001 0.5934100531250001 0.9846082671874999 0.5694980625 0.997200834375 0.5660420453125 1 0.6397290546875001 1
0 0.5513079249999999 0.925912884375 0.5318262703125 0.9388393421875 0.52939845 0.9494523859375 0.5331001078125001 0.96798176875 0.5365287703125 0.981606665625 0.55057841875 0.9816373203125 0.5673896375 0.9728794234375 0.5894353999999999 0.9611743984375 0.610661765625 0.9535203890625 0.6224055234375 0.9392396218749999 0.6215105921874999 0.9283761593750001 0.6199785359375001 0.9123237203125001 0.611694646875 0.9011604390624999 0.5997994109375 0.9043767265625 0.578481909375 0.9166507312500001 0.5513079249999999 0.925912884375
0 0.5481990718749999 0.8585890578125 0.5288085546875 0.8668955203125 0.520114553125 0.8765222203124999 0.5206149734375 0.888641190625 0.5243318203125 0.9064005734375 0.534557878125 0.9128263140625 0.5527496765625 0.909056371875 0.572155384375 0.8999799093749999 0.5941707703125 0.8898148859375 0.6066124125 0.8776430984375001 0.6087672375000001 0.8621255671875 0.6050048234375 0.8466761828125 0.5951884625 0.8382249359375 0.5481990718749999 0.8585890578125
0 0.50905431875 0.85615301875 0.5312971296875 0.8532024781249999 0.552174553125 0.8444939796875 0.5719140140625 0.8372420078125 0.58248943125 0.825957765625 0.5871627953125 0.813971665625 0.581503778125 0.800949825 0.571672228125 0.7932685765625 0.55049143125 0.7986125890625 0.5143504515624999 0.812596953125 0.5008012265625 0.8246852671875 0.5031223046875 0.8382266906250001 0.50905431875 0.85615301875
0 0.48767813593750003 0.7776846578125001 0.49403503750000005 0.79281548125 0.506946721875 0.7943026609375 0.5210267484375 0.79279331875 0.5370489468749999 0.786546434375 0.55750148125 0.7806334421875001 0.5690781546875 0.7748226671875 0.5685625437499999 0.763473696875 0.5644208093749999 0.7485098203125 0.556758859375 0.7433055140625 0.5404636640625 0.7446479109374999 0.51401794375 0.754479046875 0.4853570578125 0.764143234375 0.48767813593750003 0.7776846578125001
0 0.47444871875 0.7360740421874999 0.48496295937499995 0.74663426875 0.50717539375 0.7452237265625 0.5313603796875 0.7375356453124999 0.5518736703125 0.7285426562499999 0.5606132406250001 0.716605959375 0.5586714828125 0.7025790265625 0.54900701875 0.6864277875 0.530147715625 0.6865487484374999 0.5005311375 0.6884294734374999 0.473357153125 0.6976916234375 0.47006436718750005 0.71466568125 0.47444871875 0.7360740421874999
0 0.4646492078125 0.6517949046875 0.46068891562500003 0.6651199828125 0.4648610296875 0.6785438593750001 0.46945803281250004 0.6891722328125 0.47716555156249996 0.6920665390625 0.49388563281250003 0.6879286359375001 0.51093946875 0.6856152203125 0.5332278500000001 0.6803546828125 0.540177140625 0.665455534375 0.543363603125 0.6538714718749999 0.5384480359375 0.6406486109375 0.5307860859375 0.6354443078124999 0.5092867265625001 0.63819383125 0.4847528 0.644827421875 0.4646492078125 0.6517949046875
0 0.451540890625 0.6227887671875 0.458383440625 0.6320440859375 0.47615035 0.6310696515625 0.4961628046875 0.6287221656249999 0.5117904921875 0.6237307890625 0.5190127796875 0.6137361265625 0.5188461109375 0.6034416453125 0.5134297078125 0.5968642875 0.5027028109375 0.5970840515625 0.4753014015625 0.59913171875 0.456290203125 0.6069526749999999 0.4509493328125 0.6152897937499999 0.451540890625 0.6227887671875
0 0.28321895 0.589796440625 0.28364342656249997 0.6057654078125 0.292731521875 0.613647671875 0.305203128125 0.618700359375 0.3222113953125 0.6186969437500001 0.33698930312500003 0.6192965796875 0.3551203453125 0.6186066359375 0.371264059375 0.6061997578125 0.3785167234375 0.5946650984375 0.379548775 0.57983409375 0.37564965625 0.5713147015625 0.3657421609375 0.56748345 0.348688325 0.569796865625 0.3234565125 0.5743214765625 0.29748125000000003 0.57904710625 0.28321895 0.589796440625
0 0.3662434109375 0.542073475 0.3484613125 0.5438179078125 0.3317108515625 0.5494958109375 0.325990659375 0.5583184375 0.326718921875 0.55888741875 0.332362753125 0.5726792609375 0.346078646875 0.570885428125 0.35906627812499997 0.5685226125 0.371598640625 0.570495303125 0.38146057031249997 0.5766365515625 0.3944937703125 0.5719637390625001 0.4046594859375 0.5627050031249999 0.4108197578125 0.5503168703125 0.4062379421875 0.5389185000000001 0.395602184375 0.5345182671875001 0.376727690625 0.535409228125 0.3662434109375 0.542073475
0 0.4123218515625 0.5491448359375 0.4169340453125 0.5590032078125 0.43058918124999995 0.5602893718749999 0.44873541093749997 0.5588294281249999 0.46949131718750003 0.5562809234375 0.48587764843750003 0.5503185312500001 0.490156503125 0.5395879406249999 0.48073465625 0.5298811859375 0.47011408593750004 0.5247109546875001 0.44902442656249997 0.5254349703125001 0.4304988734375 0.527380421875 0.41772348125000003 0.5377277203124999 0.4123218515625 0.5491448359375
0 0.5950427953124999 0.5644578359375 0.5899905249999999 0.55816496875 0.5775341078125 0.55234228125 0.5645009078125 0.5570150953125 0.5594482203125 0.5694867015625 0.5788982500000001 0.614393659375 0.6029161515625 0.61517556875 0.60945574375 0.6023019281249999 0.607286559375 0.5810605109375 0.5950427953124999 0.5644578359375
0 0.6417259078125 0.6720805359375001 0.6390558859375 0.657484621875 0.633017546875 0.6449482890625 0.6247032796875 0.63532500625 0.6145683578125001 0.62427926875 0.600093821875 0.627044121875 0.5910812562500001 0.63407633125 0.613398771875 0.6835692124999999 0.6243986625 0.6882539359375001 0.637462240625 0.682041125 0.6417259078125 0.6720805359375001
0 0.6844791046875 0.7914883140625 0.6962532421875001 0.7756675484375 0.6958743359375 0.757388584375 0.67686396875 0.7276805937499999 0.6626476515624999 0.71735545625 0.6535443671875 0.710243190625 0.6431360328125 0.7130574421875 0.6378711109374999 0.7175445640625 0.6328791796875 0.726936171875 0.658594978125 0.7915939484375001 0.670247184375 0.8006976484375 0.6844791046875 0.7914883140625
0 0.700803846875 0.8261348640625 0.6829002328125 0.8340392921875001 0.6791369890625 0.8561188515625 0.683309103125 0.8695427296875 0.68365804375 0.8705972203125001 0.7516447140625 0.9104224953125 0.765695190625 0.8729242062499999 0.7508113703125 0.858950090625 0.7268546421875001 0.8363237109374999 0.700803846875 0.8261348640625
0 0.7603066046875 0.9789573624999999 0.77895415625 0.9505237687499999 0.77167194375 0.9260694828125 0.717446321875 0.900904846875 0.7032295921875 0.909344184375 0.697675653125 0.9472257671875 0.7603066046875 0.9789573624999999
0 0.4771684578125 0.5607152296875 0.44397090781250004 0.575435521875 0.44583671718750006 0.59331245 0.4586268875 0.600959625 0.48093045625 0.5949290875 0.5081955781249999 0.5810469390625 0.5036745218750001 0.566568571875 0.4771684578125 0.5607152296875
0 0.1106526859375 0.378349975 0.062116462500000004 0.364667184375 0.027735796875000003 0.364389528125 0.011409809375 0.386036396875 0.020285253125 0.404698653125 0.10638860312500001 0.40707503906250003 0.1106526859375 0.378349975
0 0.2268270515625 0.41203907968750003 0.16267874375 0.3838131921875 0.1335929671875 0.3962728875 0.12887403125000002 0.4105689828125 0.1526792796875 0.4221308828125 0.21295884687500002 0.440297378125 0.2268270515625 0.41203907968750003
0 0.3149173125 0.44489687343749995 0.30670937343750004 0.429883596875 0.24383531718749998 0.4120356625 0.230240525 0.42643397656250004 0.22608276875 0.44976904375000004 0.29698290312500003 0.47310577187499997 0.3149173125 0.44489687343749995
0 0.365015971875 0.4730921046875 0.42965034218750003 0.476678015625 0.4352494328125 0.45525090781250005 0.40921382812499996 0.44429206250000003 0.3841794796875 0.438806684375 0.364880096875 0.44249315312500004 0.36187549375 0.4636016953125 0.365015971875 0.4730921046875
0 0.48718435624999995 0.46533412187499995 0.48512066875000004 0.4762316578125 0.49159908750000003 0.48520248437499996 0.5369948296875 0.489394865625 0.5447939015625 0.46890470625 0.5327927531250001 0.45874651406250005 0.5124921140625001 0.4569595140625 0.4991707296875 0.45749783906249997 0.48718435624999995 0.46533412187499995
0 0.636343203125 0.5138473953125 0.621231540625 0.5114232703125 0.5971225046875 0.51526135625 0.5913567421875 0.5263939796875 0.6025384921875 0.5406031859375 0.6419566546875 0.5291792359375 0.636343203125 0.5138473953125
0 0.605817334375 0.4681057109375 0.5931031140624999 0.4566085375 0.56749198125 0.461618659375 0.555156665625 0.468400453125 0.559601775 0.4867288171875 0.6089122453125 0.4799061171875 0.605817334375 0.4681057109375
0 0.612341321875 0.474766540625 0.624403228125 0.4818447359375 0.6621218343749999 0.4816028125 0.658496125 0.45922343281250005 0.6152851671875 0.45673799531250003 0.612341321875 0.474766540625
0 0.7198533109375 0.46024892812499996 0.6754740124999999 0.4607600140625 0.6794942328125 0.4818838859375 0.72284189375 0.4774393296875 0.7198533109375 0.46024892812499996
0 0.0759239078125 0.339488884375 0.094541840625 0.2766300171875 0.05612535 0.2747629625 0.04527569375 0.3374361375 0.0759239078125 0.339488884375
0 0.141697071875 0.3040893234375 0.104509678125 0.2961457453125 0.0796107921875 0.3400237921875 0.115311278125 0.34836940625 0.141697071875 0.3040893234375
0 0.183587790625 0.317271275 0.1542598140625 0.3045220140625 0.12301879375 0.3512637125 0.1527412828125 0.3627574671875 0.183587790625 0.317271275
0 0.20620867812500002 0.3701286453125 0.22294478125 0.327691796875 0.1904911 0.3234465984375 0.1771385046875 0.3630538671875 0.20620867812500002 0.3701286453125
0 0.2419543171875 0.394928734375 0.26621608124999996 0.3458617109375 0.2386935703125 0.3353049 0.21409805624999997 0.382547434375 0.2419543171875 0.394928734375
0 0.291674071875 0.4048450015625 0.30786418437499996 0.3525991796875 0.2776712390625 0.346210928125 0.259326715625 0.39520980781250004 0.291674071875 0.4048450015625
0 0.37613862343750004 0.41532341562499997 0.3815410828125 0.3663773546875 0.35207639999999996 0.360558084375 0.34773595625 0.41189761562499994 0.37613862343750004 0.41532341562499997
0 0.42317316875 0.41141376718749995 0.410626446875 0.37268213125 0.3824663921875 0.37570081875 0.3931620796875 0.41455000000000003 0.42317316875 0.41141376718749995
0 0.1184095078125 0.21005402968750003 0.0968185953125 0.23618802031250002 0.151969528125 0.2706761203125 0.1752899609375 0.2505845765625 0.148860259375 0.2221167640625 0.1184095078125 0.21005402968750003
0 0.18519745625 0.254415828125 0.17413639218750002 0.271575575 0.22839239375 0.2952002109375 0.2386644359375 0.2805514796875 0.21614904531249998 0.2598330609375 0.18519745625 0.254415828125
0 0.3160434078125 0.2940945640625 0.2571140390625 0.282456025 0.2485411390625 0.304687203125 0.3026000921875 0.31955735625 0.3160434078125 0.2940945640625
0 0.3852595890625 0.309078846875 0.328363534375 0.288082771875 0.314389003125 0.3217310640625 0.37654998281249996 0.33824001875 0.3852595890625 0.309078846875
0 0.4405628328125 0.3171024796875 0.38987178437500003 0.31893721875000003 0.38873340624999997 0.33915821875 0.44238307499999996 0.33728940625 0.4405628328125 0.3171024796875
0 0.44118476875 0.3230614546875 0.4510315078125 0.32997270312500004 0.48302992031249997 0.3385534078125 0.48834082656250005 0.3129918140625 0.4466471546875 0.3085643421875 0.44118476875 0.3230614546875
0 0.435524503125 0.36633303125 0.41356987656250005 0.373418059375 0.4272545609375 0.4106931703125 0.4502712046875 0.40600161406249996 0.435524503125 0.36633303125
0 0.4652929765625 0.3567523140625 0.442200384375 0.36529386875 0.46248500468750003 0.40537981562500003 0.4821333296875 0.4027478359375 0.4652929765625 0.3567523140625
0 0.4933011328125 0.3614336234375 0.47322792031249994 0.36686110625 0.49205601562499995 0.4058090890625 0.5091402296875 0.40195567656250003 0.4933011328125 0.3614336234375
0 0.517985709375 0.40339345781249997 0.5302602671875001 0.39969166093749997 0.5246016640625 0.36790534531249997 0.5096418953125 0.357781228125 0.49729139062499994 0.36533301875 0.509898871875 0.4009846578125 0.5180008984375 0.40262345625 0.517985709375 0.40339345781249997
0 0.5691628203125 0.37691874062499997 0.5557810937500001 0.361772590625 0.5378019468749999 0.3547625421875 0.5261037578125001 0.3667333109375 0.5361167499999999 0.40270351406250005 0.562425765625 0.39980237343749997 0.5691628203125 0.37691874062499997
0 0.576339953125 0.3504696015625 0.5764458640625 0.36384408125 0.5788732703125 0.371995509375 0.5899335 0.392364709375 0.6065776375 0.3920768015625 0.6058801671875 0.37120335 0.6006916062500001 0.353076003125 0.589782853125 0.343771284375 0.576339953125 0.3504696015625
0 0.6293065109375 0.3644862859375 0.612829459375 0.3563042015625 0.6017384328125 0.3562394734375 0.6075793109375 0.378785796875 0.6120396078125 0.39634416093749997 0.6312782328125001 0.3957376921875 0.6293065109375 0.3644862859375
0 0.66951328125 0.3693157921875 0.6493797234375001 0.3590588015625 0.63939628125 0.3590775453125 0.6409283390625 0.375129984375 0.6471941046875 0.3948808015625 0.6675555015625 0.3935878046875 0.66951328125 0.3693157921875
0 0.6164568296875 0.3036256890625 0.59947935625 0.2833246328125 0.5840339421875 0.27907601875 0.576690140625 0.295230675 0.57837409375 0.303583121875 0.60955310625 0.31621483906250003 0.6164568296875 0.3036256890625
0 0.624558859375 0.3052644875 0.62129645 0.32069854375 0.6595154765625 0.332575590625 0.665402753125 0.3152829703125 0.6382747531249999 0.3034706546875 0.624558859375 0.3052644875
0 0.7209001374999999 0.463412396875 0.7283646234375001 0.47862669062499996 0.7627756671875 0.47736435000000005 0.7583913156250001 0.45595598906249996 0.729245196875 0.452731209375 0.7209001374999999 0.463412396875
0 0.81883838125 0.44688802031249997 0.8170936718749999 0.441615571875 0.794168165625 0.44168713281249994 0.765021628125 0.4572268234375 0.7672515703125 0.47538824375 0.7886901734375 0.4757187171875 0.81883838125 0.44688802031249997