0 0.2257498703125 0.8371026890625 0.2608272140625 0.8001760843750001 0.314013159375 0.71746969375 0.296181559375 0.6997735203125 0.2720227421875 0.6997582390625 0.24817213593749998 0.7117436140625 0.22715655156249998 0.73509964375 0.201950203125 0.768558675 0.17453544375000002 0.7985424906249999 0.16133654687500001 0.820956059375 0.1722245078125 0.83233180625 0.1959827796875 0.8415050828125 0.2257498703125 0.8371026890625
0 0.24380625 0.62426379375 0.210074459375 0.655822621875 0.1742883609375 0.6899065640625001 0.15911730156249998 0.7097924718749999 0.18262913593750002 0.734124071875 0.23917418906250001 0.707948303125 0.2668252015625 0.678912040625 0.290459934375 0.6337673546875 0.2695468703125 0.619858853125 0.24380625 0.62426379375
0 0.2942487984375 0.5625747515625 0.2603934671875 0.5398156171874999 0.2381966234375 0.5584338734375 0.2054200296875 0.577677040625 0.17050697812499999 0.6044980984375 0.1478376328125 0.6212212453125 0.1591805671875 0.6429185656249999 0.18289427656249999 0.653725853125 0.2127234609375 0.639262984375 0.2645434765625 0.5941361281249999 0.2942487984375 0.5625747515625
0 0.198045990625 0.575285590625 0.224187159375 0.5617226546875 0.24323058125000002 0.535838965625 0.2820981421875 0.49796735156249994 0.28558015000000003 0.4850216875 0.25590539218749997 0.46826542812499994 0.226210259375 0.48372092499999997 0.1869523421875 0.5146446546875 0.1552748609375 0.54367836875 0.1562096796875 0.5635744640625 0.165988340625 0.5812655421875 0.1660199515625 0.5762253687500001 0.1667792421875 0.57905543125 0.198045990625 0.575285590625
0 0.2427185109375 0.449159934375 0.27095147656249996 0.42444547187500004 0.2724968859375 0.410206628125 0.258602103125 0.3979066234375 0.23462029687500002 0.3962426328125 0.215353003125 0.4058235859375 0.1855501453125 0.42424155625 0.1576925765625 0.447907009375 0.138420446875 0.465132496875 0.14867824375 0.4807278421875 0.163738203125 0.48748255 0.17790108124999998 0.49063925781249995 0.21381273437499998 0.4711759015625 0.2427185109375 0.449159934375
0 0.2610784421875 0.33375404375 0.255276734375 0.3232578734375 0.2352000109375 0.3091552453125 0.2198378 0.3062975625 0.2012043265625 0.320975275 0.16398120624999998 0.34028790937500003 0.1421592875 0.3600599625 0.1366404875 0.37624490312500003 0.14453860937500002 0.3900400421875 0.1571999046875 0.3973928015625 0.185228246875 0.399958709375 0.21353435781250002 0.37809225625 0.2610784421875 0.33375404375
0 0.1336757015625 0.264722734375 0.1376832484375 0.2680229140625 0.1513585953125 0.2717788859375 0.168783065625 0.272689265625 0.2023643640625 0.2643165078125 0.24212760156250002 0.2577463734375 0.2552129546875 0.2463627953125 0.254247565625 0.23227225312500002 0.245262246875 0.21922589062500003 0.2285495765625 0.218615746875 0.2021691078125 0.217549809375 0.17016253750000002 0.224574528125 0.1432897015625 0.2317523875 0.12267195 0.24358088125 0.1244271203125 0.25317513593749996 0.1336757015625 0.264722734375
0 0.31803190468750003 0.283725853125 0.321288659375 0.2891240578125 0.3270172234375 0.2967722171875 0.340127059375 0.305923975 0.35653747812500003 0.310431140625 0.385579871875 0.30940026249999997 0.41822026250000005 0.307472303125 0.43943284531250004 0.303138828125 0.44951986718750003 0.29250281562499997 0.44975380937500004 0.2781132484375 0.4414802921875 0.265367121875 0.405319884375 0.263395640625 0.362563153125 0.26306880781249997 0.3347200890625 0.263800659375 0.31976259218749997 0.27278477031250004 0.31803190468750003 0.283725853125
0 0.1218332015625 0.20700649062499998 0.13123290625 0.21660558124999998 0.14745804375 0.2178149875 0.17961090468750002 0.21648629062500002 0.213265346875 0.21096154218750002 0.23976278906249998 0.204832696875 0.24715373125 0.191047228125 0.2362962703125 0.17560139531250002 0.22378610000000002 0.166300125 0.20178857031250003 0.16748535312499999 0.1798300328125 0.16627231874999998 0.15385911562500001 0.169403640625 0.1263866109375 0.1767310140625 0.1151002578125 0.1876660515625 0.11528069999999999 0.1986083453125 0.1218332015625 0.20700649062499998
0 0.1647652390625 0.167162146875 0.19497281093750002 0.1605859671875 0.22023192812499998 0.1571544109375 0.2340632390625 0.1513173390625 0.24310205312500002 0.139031840625 0.23842653125000002 0.12538863281249998 0.22655501875 0.1135395875 0.20733155 0.11307774687500001 0.1875815625 0.115613434375 0.1617959234375 0.12204251562499999 0.138408946875 0.12787354374999998 0.11918064218749999 0.1350562375 0.11209195000000001 0.1449446828125 0.11631893125 0.15678889375 0.12511897031250002 0.1665374953125 0.139393984375 0.17014395468750002 0.1647652390625 0.167162146875
0 0.3093086265625 0.034148715625 0.302863425 0.033844853125000005 0.22970416875000002 0.05208550468749999 0.2331120484375 0.055535195312499994 0.2756689953125 0.0754978671875 0.31481805937499996 0.092010846875 0.3310042078125 0.0956185140625 0.34629811093749996 0.087983653125 0.3554490609375 0.0761479046875 0.3511489359375 0.061455684375 0.33931157500000003 0.054852909375 0.3220430671875 0.0443494859375 0.3093086265625 0.034148715625
0 0.4427956796875 0.0815993015625 0.42881808125000004 0.081740353125 0.4197061203125 0.0911778390625 0.41999869843750004 0.10256988281249999 0.425688271875 0.112616303125 0.4298810984375 0.119214240625 0.4472275875 0.12492114218749999 0.475065815625 0.1318338234375 0.486791040625 0.1379868484375 0.5045519140625 0.1402464765625 0.5158772593750001 0.126913175 0.5168571578125001 0.1180701171875 0.507457453125 0.10847102812500001 0.49468402187500005 0.10066851875 0.4795509171875 0.0910658015625 0.46280409375 0.0852093875 0.4427956796875 0.0815993015625
0 0.33023468437500003 0.24581067812500002 0.3728744453125 0.25333229375 0.41045845468750003 0.2559042484375 0.43672678906250006 0.2565204359375 0.4490271953125 0.24198860781249998 0.4500119296875 0.225501015625 0.43720434375000006 0.212452234375 0.4149094015625 0.20988995312499997 0.386803078125 0.2121205671875 0.36049575312500004 0.21390264062500003 0.34438274999999996 0.2131429828125 0.3319408890625 0.21433425781249998 0.324852196875 0.22422270156250002 0.32225858125 0.2368120609375 0.33023468437500003 0.24581067812500002
0 0.4264296984375 0.18456534687499998 0.40372036875 0.1854503375 0.38550611875 0.18903624531250002 0.38036271250000003 0.20417217031249998 0.38991354375 0.2118227484375 0.40040528125 0.2130285296875 0.4182441375 0.210491634375 0.4328214015625 0.2102010703125 0.44282077343750004 0.2196506453125 0.4525958734375 0.228200721875 0.4674364 0.22641139531249999 0.4810434375 0.21967482343750003 0.48359806250000004 0.20948372499999998 0.48207199687499996 0.19314443750000002 0.47210678125000005 0.18894113437499999 0.4502262234375 0.1829315796875 0.4264296984375 0.18456534687499998
0 0.4925443921875 0.22492835000000003 0.518885871875 0.2283925484375 0.5391575468750001 0.23050387187500002 0.5609649578125 0.23366541718749997 0.5803395499999999 0.23217874374999997 0.5859656515625 0.22408808750000003 0.5866481343750001 0.21149751874999997 0.574586503125 0.20399524531250002 0.5541685390625 0.1961879 0.53183460625 0.19602388125 0.5067656046875 0.1951086640625 0.48888775781250005 0.20004382031249998 0.4858456015625 0.2108341828125 0.490296853125 0.22357789218750002 0.4925443921875 0.22492835000000003
0 0.5246047640625 0.2513297734375 0.5291291609375001 0.26692149375 0.540630115625 0.27217501875 0.5597414484375001 0.2721871078125 0.5794134546875 0.27444794375 0.593239928125 0.2762554046875 0.6024981796875 0.272513940625 0.6069249484375 0.2647223125 0.6025468421875 0.2548266140625 0.590860609375 0.246275328125 0.576848853125 0.24117010625000002 0.5563529093749999 0.2381592859375 0.5403130515625 0.2402476390625 0.531766603125 0.24428934062500002 0.5246047640625 0.2513297734375
0 0.5925429390625 0.3117795734375 0.616978121875 0.30759803125 0.61844555 0.298155709375 0.6154179 0.286012471875 0.603916946875 0.2807589453125 0.5900173296875 0.276103475 0.5618378609375 0.27548607812500003 0.5375148140625 0.28011736875 0.533721865625 0.2930057578125 0.5442429234375 0.3071023421875 0.5608776093750001 0.3125090078125 0.5925429390625 0.3117795734375
0 0.551405065625 0.3588199109375 0.5661676109375 0.36182710625 0.585766475 0.3612399328125 0.6092997390625 0.361104925 0.6269874703125 0.36051654375000003 0.6403702375 0.352880471875 0.6394048484375 0.3387899328125 0.6313166109374999 0.329341565625 0.61996678125 0.322139528125 0.588452578125 0.32092045156250004 0.5647681859375 0.32300396875000004 0.5460664046875 0.3271891375 0.54268300625 0.3442747859375 0.551405065625 0.3588199109375
0 0.5635546515625001 0.4049945984375 0.5828512640625 0.40830444843749997 0.607169475 0.4113176890625 0.6337400625 0.40803685156249997 0.653041509375 0.40370216875000003 0.6571708625 0.39216303125 0.652680621875 0.3818175828125 0.6415940531250001 0.373116784375 0.6252567796874999 0.3714576265625 0.59587798125 0.371139259375 0.5731296609375 0.3744225109375 0.555515075 0.3778589046875 0.5527313453125 0.3947950359375 0.5635546515625001 0.4049945984375
0 0.578102903125 0.4505712328125 0.5934261234375 0.45582717500000003 0.61913378125 0.45419461562499996 0.63715791875 0.45495548125 0.6540607031250001 0.451218853125 0.6630215374999999 0.4437298765625 0.66130535625 0.4317373625 0.653816784375 0.42213948281249997 0.640253571875 0.41883325937500004 0.6163449125 0.420017278125 0.5880143171875 0.42134839375000005 0.57122366875 0.4255347734375 0.569678259375 0.43977361718749997 0.578102903125 0.4505712328125
0 0.5805991953125 0.4733565265625 0.583178303125 0.483700765625 0.5845970703125001 0.49194577031250003 0.590813165625 0.49899466718749996 0.6108605703125 0.5002064921875 0.6322974218749999 0.496772515625 0.655382146875 0.4948385125 0.66812625625 0.48975021406249997 0.67128055 0.47940960468749994 0.668701440625 0.4690653625 0.6607984828125 0.4629147578125 0.64637234375 0.461256809375 0.61586735625 0.464085478125 0.5956298359375001 0.467220428125 0.5805991953125 0.4733565265625
0 0.5939091234375 0.5216304484375 0.598808915625 0.5361731562500001 0.6128548234375 0.5465246484375 0.6398739499999999 0.5450428125 0.6631098 0.5411602953125 0.6864967765625 0.5353292671875 0.6912599484374999 0.5288868875 0.6929906375 0.517945803125 0.6867403890625 0.505650634375 0.6760243796875 0.50354535625 0.66204678125 0.50368640625 0.6371630578125 0.5060689515625 0.6141514796875 0.5108509671875 0.5939091234375 0.5216304484375
0 0.6146589625 0.597189578125 0.6376315515625001 0.5948058234375 0.6683998 0.5904783953125 0.69283498125 0.58629685 0.702956159375 0.5809071109375 0.6997042390625 0.567864375 0.6954772593749999 0.5560201640625 0.6883982375000001 0.5506195421875 0.65789325 0.5534482109375001 0.61966575 0.5610685656250001 0.6014856515625 0.56990074375 0.6082575875 0.5868429203125001 0.6146589625 0.597189578125
0 0.6172284 0.622822884375 0.6152734390625 0.63286446875 0.6189007546874999 0.644858190625 0.6284515859375001 0.6525087703125 0.6484258453125 0.6508725828124999 0.6743236203125 0.6448932515625 0.6984223968750001 0.6393624578125 0.712029434375 0.6326258859375 0.7173191296875 0.6231859828124999 0.7113321406249999 0.609392053125 0.7041409843750001 0.6035416812500001 0.69222564375 0.6017354296875 0.6628809999999999 0.6066633312499999 0.63900649375 0.6130936234375 0.6172284 0.622822884375
0 0.6893983921875 0.6874723609375 0.70791489375 0.6799894296875 0.71062064375 0.6678498187499999 0.7040339890625 0.6542054015625001 0.6836111890625001 0.654042590625 0.659400278125 0.6591236328125001 0.63016293125 0.6721458171875 0.6353211484375 0.692834296875 0.6461103031250001 0.697787584375 0.6619258890624999 0.6947997328125 0.6893983921875 0.6874723609375
0 0.43000111875 0.6995994890625 0.4369290140625 0.706948621875 0.4595262078125 0.70561388125 0.49138165312500004 0.700537671875 0.53062320625 0.68932053125 0.545093171875 0.680935684375 0.549183534375 0.67179480625 0.5447322828125001 0.6590510968750001 0.5338358296875 0.646003525 0.513374040625 0.648238975 0.4838782703125 0.6551153890625 0.45265664531249994 0.665288353125 0.4320047390625 0.671870575 0.42435537031250004 0.6795102734375 0.42573514843750004 0.690153540625 0.43000111875 0.6995994890625
0 0.40685261562499997 0.6246384140625 0.40736946406249996 0.6369299546875 0.418041646875 0.649078028125 0.44221356875 0.6463952468749999 0.472533275 0.64026881875 0.5025165781250001 0.632793140625 0.526239959375 0.6283113625000001 0.5385745203125001 0.6190258078124999 0.53801868125 0.609132528125 0.5321048359375 0.59818660625 0.523865471875 0.5906867515625 0.50366694375 0.5914234390625001 0.47132396875 0.5970989078125 0.4266122765625 0.6068136609375 0.4124445609375 0.6113014859375 0.40685261562499997 0.6246384140625
0 0.402157446875 0.582815334375 0.43093657968750004 0.5832832171875 0.460281225 0.578355315625 0.5048417921875 0.5705890734375 0.5193507484375 0.5598059656250001 0.5192824390624999 0.549313421875 0.5122082515625 0.53626826875 0.4950470453125 0.5338591265625 0.47091411250000004 0.534143646875 0.44025800000000004 0.538920825 0.41387269531250004 0.5454994203125 0.3962922640625 0.5541820859375 0.3927625765625 0.5655717109375 0.3946688734375 0.573217453125 0.402157446875 0.582815334375
0 0.464873321875 0.4869235734375 0.4423882640625 0.4887080640625 0.4128583375 0.49033820625 0.399665684375 0.4936275046875 0.3888668609375 0.5039632796875 0.38515189375 0.5120551453125 0.38735560625 0.523448396875 0.3984811640625 0.529750934375 0.41361910625 0.5317091171875 0.4313068359375 0.531120734375 0.45128109531250005 0.5294845484375 0.473541884375 0.526800559375 0.4905178125 0.5259119390625 0.5068599203125 0.5199265625 0.509190275 0.5088359640625 0.5076983640625 0.49774294843750005 0.50343239375 0.48829700000000004 0.4866075875 0.48723710625 0.464873321875 0.4869235734375
0 0.43949692812499996 0.4387919125 0.41461320468749996 0.44117445625 0.3950874859375 0.44460964062499997 0.3831673109375 0.4504479203125 0.37416748437499997 0.4603351578125 0.3749475953125 0.47112793750000004 0.3834843734375 0.482375303125 0.3964479203125 0.4858310375 0.413535984375 0.4853921703125 0.43946791406249996 0.484659109375 0.45873037187500004 0.4827226875 0.4749944984375 0.48153383281249995 0.49388639687499997 0.47300188906249996 0.4974892296875 0.464460275 0.49783530625 0.45052045781250005 0.49334506562499997 0.440175009375 0.482516921875 0.43761997968750005 0.46434165937499994 0.4388076265625 0.43949692812499996 0.4387919125
0 0.414978625 0.3966565078125 0.3873988234375 0.3958895953125 0.3682485 0.3982757671875 0.35752765625 0.403815021875 0.3521258265625 0.412805178125 0.3519308734375 0.42479648281250004 0.35814696874999996 0.4318453796875 0.3743331171875 0.435453046875 0.397227725 0.43786581562500004 0.41442792500000003 0.43787669687499997 0.4380001796875 0.43534342812500004 0.4536646421875 0.43430408906249995 0.46854415781250003 0.4301165 0.4731220515625 0.4203763578125 0.47376554375 0.4101840515625 0.4638783078125 0.401184225 0.4487793578125 0.3968277796875 0.43277849062499996 0.3965178734375 0.414978625 0.3966565078125
0 0.3605208453125 0.3519539859375 0.351106634375 0.3652884953125 0.352749671875 0.3744329984375 0.357503171875 0.38327968437500004 0.3740257265625 0.38823660000000004 0.40063046562500004 0.39020203593749997 0.4339826578125 0.3885743140625 0.46152830624999996 0.3840949515625 0.4719175796875 0.36956191718750003 0.469640721875 0.355320653125 0.46226428437499995 0.3461725234375 0.4484378109375 0.3443650625 0.429814009375 0.343753709375 0.40054734375 0.3438850890625 0.3754003609375 0.347766396875 0.3605208453125 0.3519539859375
0 0.7644778421875 0.5364278453125 0.76836841875 0.54692280625 0.7964650703125 0.559981259375 0.8179264046875 0.577082621875 0.8299148921875 0.5817368843749999 0.847753746875 0.5791999890625 0.8570168328125 0.5678139921875001 0.8594593250000001 0.55717314375 0.8456376859375 0.54772115 0.8318550374999999 0.5358708953125 0.822830728125 0.52522279375 0.8061228968749999 0.516968115625 0.7916626015625 0.5100638984375 0.775432628125 0.516499025 0.769806528125 0.5245896812499999 0.7644778421875 0.5364278453125
0 0.7789432765625001 0.5944455359374999 0.784179475 0.610337490625 0.8060941875 0.6215933171875 0.8243767468750001 0.62849995625 0.8396219874999999 0.6385524203124999 0.8453895421875 0.6438023187499999 0.859069725 0.6399137578125 0.8686302265625001 0.6322752687500001 0.8698002390624999 0.6190854375 0.8590159234374999 0.6064876156250001 0.8465447421875 0.5947880828125001 0.8211831609375 0.582480825 0.8078832078125 0.577675840625 0.7909462703125001 0.5761661984375 0.781497903125 0.5842544359375 0.7789432765625001 0.5944455359374999
0 0.8392027671875001 0.6496442265625 0.829866534375 0.6581822140625 0.8236749218750001 0.6716686546874999 0.8337474390624999 0.6839662421875 0.845584796875 0.6905690156250001 0.867987040625 0.70122558125 0.8876542140625 0.7111309515625 0.9022656328125 0.7160866578125 0.9183834703124999 0.7092017796875 0.9276465578125 0.6978157828125 0.929152975 0.6859752 0.920465071875 0.676676346875 0.902445771875 0.668270946875 0.87993139375 0.6571646328125 0.8605616375 0.651006775 0.8474859546875001 0.6471012890625001 0.8392027671875001 0.6496442265625
0 0.8410410593750001 0.705555428125 0.8269513249999999 0.7052467296875 0.8166010421875001 0.7173815046875001 0.8176395765625 0.7343200546875 0.82396780625 0.7418187015625 0.8363316859375001 0.7454239515625 0.8547653734375 0.7503820765625 0.8741351296875 0.7565399359375 0.8858993453125 0.7602947 0.9051618031249999 0.7583582765625 0.9201534546874999 0.7546204390625 0.9208359359375 0.74202986875 0.9198315562499999 0.7303375921875 0.90810633125 0.7241845671875 0.8758120171874999 0.7121727109375 0.8613127328125 0.70766675 0.8410410593750001 0.705555428125
0 0.75507935625 0.76186076875 0.72872820625 0.7736856359375001 0.7203280453125 0.7834233578124999 0.7214445625 0.7955653875 0.724959740625 0.8071093609375 0.7392689109374999 0.815962090625 0.7561327046875 0.8146237218750001 0.783458915625 0.8016003296875001 0.8112336718750001 0.7903759359375 0.8216570984375 0.7810891703125 0.816947421875 0.7621996906249999 0.8085227796875 0.751402075 0.7868275031249999 0.7486902796875 0.75507935625 0.76186076875
0 0.54334375 0.8399709078125 0.542436996875 0.8516619765625 0.543592503125 0.86140574375 0.5493942125 0.8719019140625001 0.5608171859375 0.8819519625 0.5812789765625 0.8797165124999999 0.5991958125 0.8723830953125 0.6331914953125 0.8605630640624999 0.65272205 0.8494833453125 0.6629212078125 0.8392970828124999 0.6630771703125 0.8297040390625 0.6585137828125001 0.81651058125 0.6551107390625 0.80541635625 0.643458659375 0.8021113421875 0.627379809375 0.8065979562500001 0.5978450484375 0.8158726312500001 0.558525515625 0.8318862953125 0.54334375 0.8399709078125
0 0.37103013749999997 0.9178061968750001 0.37259519375 0.9317472234374999 0.3756228421875 0.9438904593749999 0.382697028125 0.9569356140625 0.39989722968749997 0.9569464953125 0.41852586562500005 0.9499133125 0.4341951625 0.9412294390625 0.4547349359375 0.9341974687500001 0.47460189374999995 0.9244669984374999 0.500616640625 0.9112928828125 0.520371465625 0.9011126640624999 0.529371290625 0.8912254296875 0.529083546875 0.872188853125 0.5200250828125 0.8562944781249999 0.5105132421875 0.8462456390625 0.4885498703125 0.8526771390624999 0.46879504687500007 0.862857359375 0.4369737546875 0.8731798359375 0.415946453125 0.8808110703124999 0.3979174828125 0.8876947390625001 0.37711445 0.896225471875 0.3669542828125 0.904013475 0.37103013749999997 0.9178061968750001
0 0.266215040625 1 0.3266599921875 0.9799836687499999 0.359534325 0.9636661406249999 0.3616890703125 0.9339887171875001 0.34809653906250004 0.9177916890625 0.33239792343749996 0.913584759375 0.30267788125 0.9195616734375 0.2738890765625 0.9343828562500001 0.23779214375 0.9505484515625 0.2156776453125 0.9589284625 0.2064828671875 0.9808070046875 0.21123153437500003 0.9972982234375 0.2151018125 1 0.266215040625 1
0 0.7363612390625 0.4364315203125 0.7378531500000001 0.447524534375 0.74765756875 0.46896541562499994 0.7567160359375 0.48485978906250005 0.7714785796875 0.4878669859375 0.7876695625 0.4838301203125 0.797493325 0.47469286874999994 0.80068660625 0.4619539953125 0.7936904015625 0.44411231874999996 0.7855680078125 0.42941768125 0.7745545859375 0.4235648921875 0.76433094375 0.4132158171875 0.7489297421875001 0.41275639843749995 0.7354738296875001 0.41754445625000003 0.730671665625 0.4263850984375 0.7363612390625 0.4364315203125
0 0.71032170625 0.3703122953125 0.7162697046875001 0.38650448593750003 0.727434253125 0.3904087625 0.7451609734375 0.38742211875 0.7508602203125 0.38217947343750003 0.75131843125 0.36868940625 0.7498265187500001 0.3575963890625 0.7414408671875 0.3444005140625 0.73451296875 0.33705138125 0.7254106796875 0.3311998015625 0.7133832046874999 0.3289438 0.703413153125 0.3323850296875 0.694525459375 0.34272201406249997 0.71032170625 0.3703122953125
0 0.6740243765625 0.288597721875 0.683078003125 0.3121366296875 0.693043221875 0.3163399328125 0.708444421875 0.316799353125 0.7209642640625 0.310811559375 0.71894583125 0.3027160671875 0.7153916609375 0.29357035468750003 0.714011884375 0.2829270875 0.7094874875 0.26733536875 0.70391005 0.257738696875 0.6939838234375 0.25113713125000003 0.68049375625 0.2506789203125 0.668909984375 0.25786644999999997 0.6656777125 0.2730035859375 0.6740243765625 0.288597721875
0 0.5244336859375001 0.1663404125 0.52993314375 0.18073360624999998 0.538245653125 0.191081471875 0.5525206671875 0.19468793125 0.5702425515625 0.1993458203125 0.5828696921875001 0.20145230625 0.599621353125 0.1996641890625 0.6078703859375 0.191874978125 0.60548139375 0.177183965625 0.6006157562500001 0.1678875296875 0.5868672640625 0.161283546875 0.5695939203125 0.15842465625 0.5539684484375 0.1570657375 0.5365049875000001 0.1585536203125 0.5244336859375001 0.1663404125
0 0.60771895625 0.1350654859375 0.593965628125 0.1361060375 0.581182525 0.14359259375 0.581401959375 0.1521366265625 0.5825233109375 0.156634121875 0.596944615625 0.1659366015625 0.6124921046875 0.17209204375 0.6214822609375 0.1774938734375 0.6378195343749999 0.1791530296875 0.65236264375 0.17361619374999998 0.6579887453125 0.16552553750000001 0.6551463765625 0.156680059375 0.64908140625 0.1476826515625 0.6362299953125 0.1446766640625 0.627951640625 0.1395750703125 0.6202339625 0.1367222234375 0.60771895625 0.1350654859375
0 0.6805517828125 0.158944525 0.6742918640625 0.1619384203125 0.6700503734375001 0.1730278109375 0.6795622156250001 0.1830766484375 0.6935739671875 0.1881818703125 0.7048896421874999 0.1901376328125 0.717029253125 0.1928433859375 0.7274088562500001 0.193599415625 0.7332202359375 0.1888065203125 0.7355847453125001 0.18296219375 0.7349509249999999 0.17786543593749998 0.7312066374999999 0.1730664953125 0.7259266156249999 0.167217334375 0.71716073125 0.162715003125 0.7065958484375 0.1586612125 0.6931057796875 0.158203 0.6805517828125 0.158944525
0 0.785940384375 0.17263275 0.779874975 0.1702313796875 0.7680637046875 0.1687035203125 0.759088278125 0.1675867921875 0.7497895328124999 0.169159771875 0.7434711968750001 0.17371693906250002 0.7432049453125 0.1786287890625 0.744591503125 0.18219672656250002 0.7467065374999999 0.1896830484375 0.7497288078125 0.195824984375 0.7548869828125 0.1995707390625 0.7625177078125 0.20027728281249998 0.773568196875 0.2027402828125 0.784896371875 0.20532041093750003 0.7957148 0.20485944374999998 0.8005267796875 0.2012369484375 0.8046673500000001 0.1959182140625 0.803370171875 0.189718890625 0.8004943499999999 0.1831677125 0.7955853296875001 0.17842801875 0.78909578125 0.1763187609375 0.785940384375 0.17263275
0 0.850255734375 0.18641539375 0.8442036500000001 0.1860607078125 0.8354317453125001 0.186756875 0.828179525 0.1885650578125 0.821423725 0.19136765312499998 0.8208056156250001 0.19785814375 0.8245734609375001 0.20400055312499998 0.8286931624999999 0.2085643203125 0.8361755515624999 0.2126624015625 0.8465831671874999 0.21454023281249998 0.8571809796875 0.2161842734375 0.8673698640625 0.21718482031250003 0.8732488515625001 0.21385538125 0.8763205265625 0.21122588750000001 0.875139375 0.2064885484375 0.873052875 0.20011329843749998 0.8687581890624999 0.194847703125 0.863615225 0.19016633593750001 0.8573158734374999 0.18782329375 0.850255734375 0.18641539375
0 0.43860771875 0 0.401546628125 0.00924036875 0.39887821875 0.021460253125000002 0.3980528171875 0.032102440625 0.3999776546875 0.0398225453125 0.40671258593750004 0.0469024546875 0.4205970328125 0.0527588796875 0.43370925624999995 0.054521465625 0.43862393749999995 0.050314271875000004 0.4412296140625 0.0448191375 0.4438371765625 0.0363417046875 0.44605102343749997 0.026285159375 0.4459710765625 0.014005059375 0.4429422890625 0 0.43860771875 0
0 0.4896214171875 0.017658209375 0.4855606734375 0.0123342875 0.480065853125 0.009231559375 0.47288968750000004 0.0063616765625 0.463592828125 0.0049523609375 0.4547182171875 0.0062332296874999995 0.4520098375 0.0123130640625 0.448029040625 0.0192692390625 0.4506709171875 0.025878748437499998 0.45486478750000003 0.0287467453125 0.4553326734375 0.0286300875 0.45854325156250003 0.0375205359375 0.46106721562499997 0.04565035625 0.46327162812499995 0.05050529375 0.466162659375 0.0561208578125 0.47092523125 0.061269796875000004 0.479592546875 0.06414062499999999 0.4934807640625 0.06403245625000001 0.49817482812499997 0.061930275 0.500196590625 0.0550898125 0.500053915625 0.049534460937500004 0.4979103453125 0.040937071874999995 0.4957971953125 0.030468453125 0.4931705296875 0.022923334375 0.4896214171875 0.017658209375
0 0.50132633125 0.04865811875 0.5012654875 0.052400571875 0.50120464375 0.056143025 0.5029126374999999 0.06000355 0.5056153578125 0.0628706046875 0.5106422937499999 0.0660899875 0.5170595625 0.0669127171875 0.5226722968749999 0.0684951296875 0.5276725843750001 0.0676211484375 0.5334488671875001 0.064876409375 0.5356874765625 0.061895526562500004 0.537794846875 0.058388276562499994 0.5378994375 0.0548212796875 0.5369218078125 0.051896840624999996 0.53543254375 0.0489136 0.534454915625 0.0459891609375 0.5337264375 0.042070778125 0.5327202718749999 0.0380352703125 0.53216678125 0.034818715625 0.5304873234375 0.0320692625 0.5283837265625 0.0296119203125 0.526221171875 0.027914737499999998 0.5238836328125 0.0255157234375 0.522818509375 0.022240371875 0.5208176156250001 0.01919833125 0.5166960296875 0.017616859375 0.5115663890625 0.014982178125 0.5061875953125 0.013341432812500002 0.501407925 0.01211040625 0.49288517499999995 0.0118126328125 0.491333184375 0.0155541421875 0.48932851875 0.0184766953125 0.49192853437500006 0.0219284484375 0.49239453437499997 0.0247940890625 0.49473207343750003 0.027193099999999998 0.4958713640625 0.028772684375000003 0.496892740625 0.0318725828125 0.49737395156249997 0.0338026078125 0.49779620312499995 0.036492790625 0.49845239843750005 0.0391246453125 0.4996050140625 0.0427509109375 0.5001299703125001 0.044856395312500005 0.50132633125 0.04865811875
0 0.5687533296875 0.06595131562499999 0.57299283125 0.066012475 0.5784762156250001 0.064086221875 0.5802031921874999 0.0610465421875 0.5814927062499999 0.0562522890625 0.582108928125 0.05274409375 0.5824037140625 0.0489433125 0.5817189843749999 0.0452003890625 0.5806405375 0.0398783515625 0.5782744625 0.03636826875 0.5757619375 0.0332674296875 0.5738637484375 0.029640690625 0.571744940625 0.0281189625 0.5687930640625 0.026245849999999998 0.5662063734375 0.0248407796875 0.5626553734375 0.0225579515625 0.5602740875000001 0.0199834828125 0.5565043578125 0.0168233734375 0.55312834375 0.015242371874999999 0.546623584375 0.0140687296875 0.5410393828125 0.013597387499999999 0.5363015734375 0.015524110937499998 0.5313583578125 0.018620234375 0.5294849312500001 0.0220691578125 0.53097230625 0.02803469375 0.5326517640625 0.03078415 0.5352365703124999 0.035171515625 0.5370910125 0.0386227984375 0.5385650640625 0.0425416515625 0.54006765 0.0475715734375 0.5428864 0.0519006125 0.5447123078125 0.054240825000000006 0.5472248328125 0.0573416640625 0.5510668453124999 0.061788303125 0.5577465890625 0.0636637734375 0.5647344453125 0.06378514843750001 0.5687533296875 0.06595131562499999
0 0.5923566499999999 0.0300617234375 0.582987509375 0.02736588125 0.57668626875 0.0280051375 0.57478430625 0.0303429890625 0.5768860171875 0.035782625 0.580670959375 0.038007125 0.583035146875 0.044499504687500004 0.5844064953125 0.049003056249999996 0.5830580234375 0.0545574625 0.5828792640625 0.059820228125 0.5836362765625001 0.06484968125 0.5884140609374999 0.0690630046875 0.5936159812499999 0.0729842140625 0.5986733390625 0.074332371875 0.606450515625 0.07462967499999999 0.6144768453125 0.073933034375 0.6192869375 0.0732928359375 0.6179308015625 0.067853671875 0.617131928125 0.059666465625 0.6149141890625 0.05276484375 0.6137045031249999 0.046916437500000005 0.6114278078125001 0.0407749734375 0.606503575 0.0369708890625 0.5994453234375 0.03258069375 0.5923566499999999 0.0300617234375
0 0.6227216703125 0.0282681625 0.6154123765625 0.027854203124999997 0.606961909375 0.028842956250000003 0.6024124093750001 0.03351819375 0.603667728125 0.036559760937500005 0.60916255 0.039662487499999996 0.611045528125 0.044224840625 0.613849065625 0.0494894921875 0.615423934375 0.0558059421875 0.616736325 0.06106965156250001 0.6173468875 0.06650834375 0.6183968 0.07071931249999999 0.6199145953125 0.074813621875 0.6229102171875 0.0768621921875 0.629633709375 0.07891311875 0.6369867453125 0.0795025328125 0.64214680625 0.0802659921875 0.6466221390625 0.0772865234375 0.6488930546875 0.0694521203125 0.6466601062499999 0.0634861125 0.6464299375 0.057579848437500004 0.6451765046875 0.0515559828125 0.642753359375 0.045823759375 0.640022103125 0.0418456359375 0.6352728546875 0.0387433828125 0.6324978515625 0.0345898015625 0.6290058109375 0.031546815625 0.6227216703125 0.0282681625
0 0.6687361984375 0.038413690625000003 0.664395878125 0.035954934375 0.6572178265625 0.036067346875 0.651983596875 0.036999659375 0.6475672218749999 0.039218970312500004 0.646043765625 0.04407155 0.6466105828125001 0.0493347859375 0.647266778125 0.0519666390625 0.6508044515625 0.052202785937499996 0.6521320515625 0.056530878124999996 0.65414626875 0.0616196015625 0.6563658953125 0.06553892812499999 0.6573720609375 0.0695744359375 0.654985115625 0.07594685625 0.6590762796875 0.0793995546875 0.666617628125 0.08273748125 0.674349171875 0.085841621875 0.6805477078125 0.0857870671875 0.6879786859375 0.07871611875 0.69021918125 0.0727529421875 0.6917578484375 0.0669647484375 0.6920963828125 0.063339425 0.691177709375 0.059654828125 0.6877598359375 0.054916076562500006 0.6831722499999999 0.050468965624999994 0.6791552515625 0.0453205 0.674786396875 0.041750673437500004 0.6687361984375 0.038413690625000003
0 0.7357370515625 0.036058540625 0.7299778671875 0.03488536875 0.7250365359375001 0.034999195312499995 0.7200933203125001 0.0380953203125 0.714857203125 0.0420099265625 0.7123104828125 0.0467449078125 0.7141934625 0.051307259375000004 0.713577240625 0.054815453125000003 0.7106805515625 0.058146778125 0.7121546015625 0.06206563281250001 0.7111465484374999 0.0610124171875 0.7175885796875 0.0689108109375 0.7207554125 0.0776258015625 0.723250840625 0.08464455 0.7275303156249999 0.09084575781250001 0.735322703125 0.090207446875 0.742734696875 0.0900367078125 0.74694755 0.0860044984375 0.748149571875 0.08085933281249999 0.7474952640625 0.0752451828125 0.746612671875 0.060742471875 0.7445851296875 0.0536070640625 0.7411691421875 0.045886015625 0.738614759375 0.039627421875 0.7357370515625 0.036058540625