0 0.29257910625 0 0.2830173984375 0.0086972515625 0.28599338125 0.0265601359375 0.3368613609375 0.0414343421875 0.368760696875 0.051360635937499996 0.3873155734375 0.04496244375 0.3949915765625 0.0215068015625 0.3840811984375 0.0048998359375 0.37105430625 0 0.29257910625 0
0 0.3964555140625 0.0609929234375 0.4974039515625 0.102003434375 0.52070311875 0.10544341875 0.536156009375 0.0829842765625 0.5367839 0.065373396875 0.5114895359375 0.04730791875 0.41364095624999997 0.013757159375 0.40046251406250005 0.02958504375 0.3964555140625 0.0609929234375
0 0.6176675453125 0.1430065328125 0.641630359375 0.14558755 0.6585365484375 0.11960853906249999 0.6476891734375 0.1021006046875 0.5731082578125 0.0724403125 0.5587894 0.078682028125 0.5498512328125 0.11155583437500001 0.6176675453125 0.1430065328125
0 0.70665969375 0.1564724609375 0.7146298437499999 0.171968453125 0.7740664921875 0.1937794515625 0.7925898671875 0.18783174375 0.8041868796875 0.1687244671875 0.7954900796875 0.1549884109375 0.7318489140625 0.1328834 0.7206907859375 0.13708270312499998 0.70665969375 0.1564724609375
0 0.8005915187499999 0.2028772515625 0.7992706093749999 0.2303987796875 0.8134025906250001 0.2354611640625 0.8434327328125001 0.228960028125 0.8980242046875 0.2164807109375 0.9028881140625 0.1987133546875 0.8953611031250001 0.1855117859375 0.8713982890624999 0.1829307703125 0.8108633640624999 0.19408910625 0.8005915187499999 0.2028772515625
0 0.7982668359375 0.2620166625 0.8060479812500001 0.280215559375 0.8183150234375001 0.286052909375 0.843792009375 0.27561189062499997 0.9045138109374999 0.2531494515625 0.90270761875 0.235821053125 0.8890796515625 0.22355092031249998 0.8617671031249999 0.2257152234375 0.803321878125 0.2501476046875 0.7982668359375 0.2620166625
0 0.68231503125 0.271563309375 0.686672796875 0.252402503125 0.675352909375 0.24165182812500002 0.6267615078125 0.2287475640625 0.611942890625 0.25939942031249996 0.656993421875 0.27115070937499997 0.68231503125 0.271563309375
0 0.427792509375 0.2256987796875 0.426183834375 0.24007226718750002 0.43513264218750003 0.25020445156250004 0.513220796875 0.2728670046875 0.5303517484375 0.2609370015625 0.5339198640625 0.24443709687499998 0.5283229234375 0.23816079218750003 0.4794143828125 0.2211601703125 0.443121525 0.21364277187499997 0.427792509375 0.2256987796875
0 0.2681843046875 0.10860917656249999 0.2507025875 0.108292109375 0.22633238906250003 0.12016858125 0.222573140625 0.1307701921875 0.23857431562500003 0.152260009375 0.27557296249999996 0.20147394843750002 0.29900238749999997 0.2203143921875 0.324702009375 0.21532118125 0.33588950781250004 0.202070196875 0.285670278125 0.1261286390625 0.2681843046875 0.10860917656249999
0 0.21215868750000003 0.20201914531249998 0.20915971562500002 0.219011534375 0.2288592671875 0.23940190781249998 0.278122828125 0.2858519953125 0.31039591875 0.2731700875 0.30707342656250003 0.260262525 0.25692145312500003 0.2006223953125 0.2394061078125 0.19215461250000002 0.21215868750000003 0.20201914531249998
0 0.4046384984375 0.2978676421875 0.5074488781250001 0.3208827734375 0.5180042312500001 0.308040271875 0.520528559375 0.28920394531250004 0.4845507109375 0.2771817046875 0.4196158796875 0.26494534375 0.4036547171875 0.2774098359375 0.4046384984375 0.2978676421875
0 0.5965270171875 0.2985924546875 0.6644357015625 0.3200905046875 0.6828015734374999 0.316395215625 0.6904167015625 0.3024417421875 0.6829841953125 0.28788871718750003 0.6081849015625 0.2699830125 0.598513703125 0.278813159375 0.5965270171875 0.2985924546875
0 0.744953684375 0.325268184375 0.7482761765625 0.3381757453125 0.762061646875 0.34819345625000003 0.8133957578125001 0.33050680625 0.836058521875 0.31715287812500004 0.8395006328125 0.302454909375 0.8294765406250001 0.2904367859375 0.8132906140625 0.28885226875000003 0.7561096843749999 0.31246768281250004 0.744953684375 0.325268184375
0 0.7344447296875 0.3978685859375 0.7479130625 0.40378993906250005 0.803386559375 0.3786970703125 0.819536728125 0.363529675 0.8081202093750001 0.34552925624999997 0.796170303125 0.3437882625 0.739716021875 0.36564374375 0.7267265843749999 0.378768725 0.7344447296875 0.3978685859375
0 0.5897751812500001 0.35199005 0.6540778671874999 0.36463489375 0.6688692390625001 0.3516359171875 0.671330565625 0.33370055781249996 0.5941916921875 0.3147258796875 0.583571209375 0.31986815 0.5760212124999999 0.34152185625000003 0.5897751812500001 0.35199005
0 0.5631032890625 0.38815065937500004 0.6133706250000001 0.402982865625 0.6469122640625 0.4066863859375 0.6550965343749999 0.3932253953125 0.6555039203125 0.378767903125 0.63862071875 0.369891640625 0.581431275 0.3591022625 0.5688513515625 0.3663709515625 0.5631032890625 0.38815065937500004
0 0.4051816578125 0.31599498593750003 0.386311771875 0.32689801875 0.385051734375 0.34491738125000004 0.399469353125 0.3545266078125 0.453180928125 0.3632620421875 0.486153421875 0.3664730765625 0.49573011874999995 0.3589943828125 0.49815994531249996 0.3415095078125 0.48434297187500003 0.33194228125 0.44213816250000004 0.32265341875 0.4051816578125 0.31599498593750003
0 0.20186936875 0.26284694218750004 0.190018221875 0.27695689218749997 0.22391488437499998 0.31010988125 0.268877296875 0.34901621562499996 0.30222354687499997 0.329619046875 0.2625703109375 0.28384097656249996 0.24328239843750002 0.2661955109375 0.2229843328125 0.25436433593749996 0.20186936875 0.26284694218750004
0 0.24976604375 0.4065291125 0.2803968296875 0.40006997499999997 0.2867161640625 0.38738395 0.2332753296875 0.322986971875 0.21319989687500002 0.3166036046875 0.1903775 0.32360875624999996 0.18437530156249998 0.34039113906249996 0.24976604375 0.4065291125
0 0.3722576875 0.3811430515625 0.38329406875 0.39594808125 0.468239203125 0.40686757812499996 0.47854254999999996 0.3976289484375 0.4815730203125 0.3801860734375 0.467693046875 0.3715198171875 0.391852096875 0.3598788859375 0.37762774062500004 0.36476915 0.3722576875 0.3811430515625
0 0.5491969390625 0.4057565 0.54442753125 0.4221724015625 0.5536913484375 0.4277997453125 0.596496803125 0.43713060937500003 0.619352828125 0.438276171875 0.6296876765625 0.428587059375 0.632434640625 0.41519854218749996 0.6165637234375 0.409109184375 0.56120771875 0.3979953265625 0.5491969390625 0.4057565
0 0.7072339328125 0.433104246875 0.6823009734375 0.47029183124999996 0.6797745187500001 0.4805269609375 0.6919470578125 0.4877157625 0.7122745 0.49049525625 0.729151315625 0.47356792499999995 0.751461184375 0.43936572656250006 0.7496571203125 0.430638525 0.73084598125 0.42343819375 0.718043421875 0.42525907187499995 0.7072339328125 0.433104246875
0 0.6005838296875 0.47363134687499997 0.6129747484375 0.4690655625 0.6193570859374999 0.45547856875 0.6112294312500001 0.44223499843749997 0.5429763609375 0.4342934703125 0.5303670656249999 0.450613840625 0.5281577453125 0.46494532812499995 0.5615103796875001 0.4713517515625 0.6005838296875 0.47363134687499997
0 0.192287575 0.3826097140625 0.1703514609375 0.39420370781249997 0.1695324375 0.40591629375 0.195744584375 0.4281201296875 0.2367544875 0.46312858593749995 0.25505735625 0.4603342640625 0.2703233703125 0.4491792265625 0.26817066875 0.43680614999999995 0.21274102031250003 0.383587271875 0.192287575 0.3826097140625
0 0.3407585140625 0.4604421453125 0.3491696765625 0.4696313609375 0.42393534062500005 0.4793863546875 0.44176356875 0.47474809531249995 0.448492415625 0.4562057765625 0.433505653125 0.446104065625 0.358202346875 0.43540610312499994 0.34293633125 0.44656114375 0.3407585140625 0.4604421453125
0 0.5106215375 0.49993402031249995 0.521466784375 0.5088407562499999 0.5857043390625 0.5137853703124999 0.6049228624999999 0.5065282109375 0.60858548125 0.48867685468750005 0.5922399234375 0.480743559375 0.5274962265625 0.474405490625 0.513431503125 0.4856445359375 0.5106215375 0.49993402031249995
0 0.32891375 0.500355690625 0.3431108609375 0.51311830625 0.4197729640625 0.52164785 0.435387615625 0.514138684375 0.43658465 0.4970202921875 0.42045959999999993 0.48593360625 0.35464061406249997 0.47770960156250003 0.332513365625 0.4834053015625 0.32891375 0.500355690625
0 0.49551941250000003 0.5346402343750001 0.5105691765625 0.543840978125 0.5609288859375 0.5487205328125 0.5746786 0.5419863312500001 0.5779947078125 0.5290902984375 0.56844525625 0.5189161125 0.51691575625 0.513502071875 0.501269603125 0.521461721875 0.49551941250000003 0.5346402343750001
0 0.640212578125 0.545654484375 0.640025071875 0.5569675968750001 0.6657904515624999 0.5596656078125 0.691074175 0.5347250984375 0.694453284375 0.520928096875 0.6933758703125 0.5104409609375 0.6737120765625 0.5068024999999999 0.6606260093749999 0.512677734375 0.640212578125 0.545654484375
0 0.1544709546875 0.47456780624999995 0.20468380000000003 0.52470576875 0.2204602125 0.532146578125 0.2552618875 0.5178307375 0.24621645 0.5004488078125 0.2013149109375 0.45204030624999997 0.1809559703125 0.4497112953125 0.1550988453125 0.4569569265625 0.1544709546875 0.47456780624999995
0 0.624127540625 0.5685221109375 0.60589405625 0.59621905625 0.603590234375 0.6119019953125 0.6131081875 0.6225266640625 0.6320117015625 0.6197743453125 0.6461394265625 0.6076343343749999 0.66089716875 0.58648464375 0.6623168390624999 0.5748140609375 0.6448014921875 0.5663462796875 0.624127540625 0.5685221109375
0 0.5120903625000001 0.5566135265625001 0.4919540546875 0.559732328125 0.480231040625 0.5806415406250001 0.49360487031250005 0.5879143453125 0.5200017671875 0.59021288125 0.5409613531249999 0.59258389375 0.5565445046875 0.585525209375 0.5611564062500001 0.5713617281250001 0.5497420156249999 0.5619625078125 0.5120903625000001 0.5566135265625001
0 0.47615678125 0.595747990625 0.46961694062500003 0.6115874046875 0.4795759046875 0.6159052984375 0.5160577671875 0.6207197921875001 0.5363200796875 0.61579905625 0.5437147015625 0.60499896875 0.54320643125 0.59500431875 0.5277786546875001 0.59120938125 0.4845006875 0.588635778125 0.47615678125 0.595747990625
0 0.7209157312500001 0.66039531875 0.7528129375 0.6617204140624999 0.7762359812499999 0.6547572625 0.7851469015625 0.6395363374999999 0.771203925 0.6317710484375 0.7222051406250001 0.633324275 0.7095013406249999 0.6509960968749999 0.7209157312500001 0.66039531875
0 0.7792055765625 0.64681655625 0.785182659375 0.65628825 0.8192934421875 0.6604842546875 0.843346503125 0.6445114249999999 0.8220046484375001 0.6303438265625 0.7921635124999999 0.6341420578125 0.7792055765625 0.64681655625
0 0.4294767140625 0.6418266625 0.44022745781249994 0.6520848515625 0.4798070515625 0.6557579015624999 0.5116076281249999 0.6498332515625 0.5205836796875001 0.6423125546875 0.519220628125 0.6272785765625 0.50685908125 0.6227926796875 0.441485365625 0.6254642921875 0.4294767140625 0.6418266625
0 0.4159766421875 0.6277275671875 0.40168715625000007 0.624917603125 0.3239521328125 0.6317315453125001 0.3161813890625 0.6479104125 0.32029353125000004 0.658157071875 0.33312971875 0.6644869078125 0.3864590265625 0.6614257546875 0.41120936406249997 0.6527446671875 0.4209120640625 0.6434640375 0.4159766421875 0.6277275671875
0 0.13382443125000001 0.5799309828125 0.1601289515625 0.5921821703125 0.204610340625 0.6034409734375 0.226708215625 0.60679695625 0.24061330625 0.589209134375 0.22613055937499998 0.5718996781250001 0.1567370734375 0.5543719828125 0.1439030140625 0.556643346875 0.13382443125000001 0.5799309828125
0 0.11476979375 0.6107393140624999 0.12043186718750001 0.6247158500000001 0.1468623921875 0.6351651 0.1777809421875 0.6418540046875 0.20778171093750003 0.64440455 0.225765315625 0.628912675 0.22260032812500002 0.61375269375 0.20015381406250002 0.6067508375 0.1401186484375 0.593499034375 0.11476979375 0.6107393140624999
0 0.11104843125 0.6466940359375 0.113770278125 0.659559596875 0.14469095625 0.6748496984375 0.19998396093749998 0.6868645234375 0.2178100609375 0.6736250687500001 0.217490796875 0.6609275125 0.199532309375 0.650165309375 0.140381296875 0.6329011515625 0.11762189999999999 0.6390053359375 0.11104843125 0.6466940359375
0 0.8940380078124999 0.7050674953125 0.9253345703125 0.7063505906249999 0.9275145171875 0.7010707843749999 0.8942206296874999 0.6765609968749999 0.8718707453125001 0.6768088875 0.8603031078125 0.6868644828125 0.8684937640625 0.6992070874999999 0.8940380078124999 0.7050674953125
0 0.8254699296875 0.701630809375 0.8455432359374999 0.6994129765625 0.8561007171874999 0.6951716734375 0.8597339625 0.6863719984375 0.8557478234375001 0.674323403125 0.8199632343750001 0.6768006546875001 0.807227934375 0.6949229625 0.8254699296875 0.701630809375
0 0.7560807015625 0.701305509375 0.7891792 0.7027146078125 0.8071334312499999 0.6962744140625 0.8140219109375 0.684080875 0.8013432281249999 0.6754986171875 0.7614801265625 0.675879925 0.7484591890625001 0.6894553906249999 0.7560807015625 0.701305509375
0 0.678253065625 0.7094438750000001 0.7098646359375 0.7062221296875 0.726523075 0.701049384375 0.7330629156249999 0.685209971875 0.720890375 0.67802116875 0.6771398921875 0.682204825 0.6674393203125 0.70008665625 0.678253065625 0.7094438750000001
0 0.6059236125 0.7080076 0.637946821875 0.7075307609375 0.657482484375 0.704369959375 0.666868046875 0.690992971875 0.65674945 0.6803263015625001 0.61084839375 0.68073808125 0.59757545 0.6979174171875 0.6059236125 0.7080076
0 0.511370278125 0.7050172828125 0.5195609359375 0.717359884375 0.5546503765625 0.7161920828125 0.5671357968749999 0.710274846875 0.5813286515625 0.705835065625 0.5854029093750001 0.690728615625 0.572249584375 0.6803024234375 0.5191744125 0.6883609015625 0.511370278125 0.7050172828125
0 0.4320220859375 0.7003740890625 0.36541770625000003 0.71201338125 0.3593525078125 0.7296967328124999 0.3671315234375 0.7392944328125 0.37971357656250004 0.740626940625 0.41309558125 0.737981684375 0.427382940625 0.7321904515625001 0.4440728796875 0.7265672249999999 0.4508668546875 0.715725134375 0.4444466328125 0.70395901875 0.4320220859375 0.7003740890625
0 0.30030576875000004 0.7454678968749999 0.3064676 0.7350342890625 0.29637924375 0.723935153125 0.2774105984375 0.71898724375 0.20884890625 0.74135415 0.197218265625 0.7523107125 0.2099003375 0.7694761484375 0.2302277765625 0.772255640625 0.265947234375 0.7620781578125 0.2834898265625 0.7528930593750001 0.30030576875000004 0.7454678968749999
0 0.04702029375 0.7164392796875 0.0688325328125 0.7152484203125 0.0883388203125 0.7211393 0.1414476234375 0.721231534375 0.1546890671875 0.7045026812499999 0.1539581625 0.6890602203125 0.1254421921875 0.682539321875 0.05428252812499999 0.681637534375 0.04702029375 0.7164392796875
0 0.1659996890625 0.759579796875 0.0993974359375 0.7798202890625 0.08819834062500001 0.7922013031249999 0.1000044671875 0.805665884375 0.13901278749999998 0.8002452484375 0.17726083125 0.7884338359374999 0.194866425 0.7783477671875 0.19559094531250001 0.7679866359374999 0.1854093453125 0.75822093125 0.1659996890625 0.759579796875
0 0 0.7439733140625 0.0076498125 0.7453380890625 0.041411959375 0.7458882203125 0.054246017187499995 0.7436168578125 0.0778286921875 0.743002484375 0.0892388265625 0.7351993109375 0.0942308671875 0.72423121875 0.0867059859375 0.7196308453125 0.0647026125 0.7149234109375 0.045198451562500006 0.717633728125 0.0425459921875 0.72967079375 0 0.7327810515625 0 0.7439733140625
0 0 0.8335844765625 0.011180464062500001 0.8329535281249999 0.023096740625 0.8265438062499999 0.038396384374999995 0.8235394796875 0.054011034375 0.8160303140625 0.0584969328125 0.80366876875 0.055680582812500004 0.792154659375 0.038230367187499996 0.791387109375 0 0.7956805421875 0 0.8335844765625
0 0 0.918093053125 0.0082908921875 0.9088028515625 0.01482435 0.86715984375 0.0080891171875 0.8598985671875001 0 0.8589622578125 0 0.918093053125
0 0.13852154218749999 0.8590601812499999 0.1482284984375 0.866981946875 0.1744657609375 0.86293170625 0.18227202343749999 0.8548765250000001 0.17249568125 0.8220521328125001 0.16016563749999999 0.8171157515624999 0.1399348265625 0.821586003125 0.130864271875 0.8304581531249999 0.13852154218749999 0.8590601812499999
0 0.1905823 0.8396135984375 0.2043362703125 0.8500817921875001 0.228960603125 0.84320264375 0.23012826562500002 0.83513593125 0.22104707031249998 0.8010020890625 0.211751753125 0.79582523125 0.19262773125 0.8017309359375 0.1831140359375 0.8083086640625 0.1905823 0.8396135984375
0 0.24096925468750002 0.826840271875 0.248179128125 0.8359454859375001 0.2787784140625 0.8299368328125001 0.2788077859375 0.8208851515625 0.27639669218749996 0.7863123546875 0.26653223125 0.7806430093750001 0.24443648437499998 0.7858882265625 0.23615557968749998 0.7920994703125 0.24096925468750002 0.826840271875
0 0.06570509687500001 0.9336412359375 0.005331934375 0.9597495484375 0.0036581312499999997 0.96642280625 0.06372266875 0.970622928125 0.0769662390625 0.9624952734375001 0.0941916953125 0.9492138171875 0.09665515 0.9398796562499999 0.0834388234375 0.93035443125 0.06570509687500001 0.9336412359375
0 0.272370959375 0.8697779046875 0.262222990625 0.8681629171875 0.205514571875 0.8850210703125001 0.19966775 0.8909498359375 0.2035593875 0.9043498828125 0.2204089609375 0.9050754328125 0.23931247500000002 0.902323115625 0.2762332234375 0.8922296328125 0.27891718593750003 0.879742084375 0.272370959375 0.8697779046875
0 0.2851126453125 0.8774591921875 0.301934971875 0.895837621875 0.3537122234375 0.8804453953125 0.3701480265625 0.8698248421875 0.371599196875 0.8577037734375 0.36707541250000003 0.844712209375 0.3531660671875 0.845097634375 0.28482488125 0.864311153125 0.2851126453125 0.8774591921875
0 0.3947804515625 0.7678820328125 0.37841190625 0.7948040125 0.378762671875 0.8070510843750001 0.3900489296875 0.80965104375 0.406043721875 0.80533726875 0.41679020937500005 0.798393059375 0.4256696296875 0.7836226171875 0.4319889640625 0.7709365906250001 0.4248105921875 0.7613808953125 0.40729737187500004 0.7615143109375 0.3947804515625 0.7678820328125
0 0.42917474218749996 0.76802368125 0.41574642187500005 0.7960566375 0.42083934999999995 0.8095406859375001 0.440881153125 0.8077733390624999 0.44679097656250005 0.8009436046875 0.4516255125 0.79222793125 0.45965228125 0.7810193609375 0.464106678125 0.7691082984375 0.46028017187500003 0.76340848125 0.43910007812499996 0.764190859375 0.42917474218749996 0.76802368125
0 0.4641718078125 0.7768085296875 0.447423121875 0.8005351218750001 0.4520099078125 0.8126257171875 0.4657302484375 0.8149431968749999 0.4786273109375 0.8117708671875 0.48776086718749995 0.80199775 0.496514284375 0.7890292453125001 0.5022329734375 0.77630121875 0.49420195 0.7703073921875 0.4730218546875 0.7710897703125 0.4641718078125 0.7768085296875
0 0.48747523125000003 0.797450909375 0.4857384234375 0.8050251359375 0.4954138796875 0.8133973859375001 0.5155186875 0.8107290703125001 0.5270233234374999 0.801574440625 0.539821625 0.7825511671875 0.5336219109375 0.7676316625 0.511335028125 0.766978584375 0.5001139 0.7720788562500001 0.496514284375 0.7890292453125001 0.48747523125000003 0.797450909375
0 0.52363995625 0.7981690453125 0.5153590546875 0.804380290625 0.5243393625 0.8140619906250001 0.5451078140625001 0.8105347078125 0.555537165625 0.7994941421874999 0.5669451703124999 0.78308976875 0.5650759765625 0.7666623375 0.5414303 0.768177678125 0.5349513328125 0.7745149265625 0.5336891671874999 0.7839330906249999 0.52363995625 0.7981690453125
0 0.5719078375 0.781173359375 0.5595841781249999 0.8020405703125 0.55664608125 0.8095307953124999 0.56676255 0.81159626875 0.5673631953125 0.8116382703125 0.5830429765625 0.8118293328125 0.5944531109375 0.8040261578125 0.6030175234375 0.79376055625 0.61056965 0.7807080484375 0.594032959375 0.7668764593749999 0.5775005234374999 0.7702472671875 0.5719078375 0.781173359375
0 0.47228498593749996 0.85931216875 0.4644472234375 0.8678178359375 0.4713735875 0.8809774031250001 0.48161606093750003 0.8812409390625 0.5032686671875 0.8737013015624999 0.5166067421875 0.8642221953125 0.525488290625 0.8580529515625 0.5208070031250001 0.8473138078125 0.511259678125 0.8457408187500001 0.47228498593749996 0.85931216875
0 0.5095901296875 0.8696164734374999 0.48408164375 0.880507978125 0.47311252187499997 0.882004375 0.4630296828125 0.8880896171874999 0.48254022656249995 0.9111828937500001 0.5131373859374999 0.8965730437499999 0.5260008171874999 0.8852499984375 0.5366528015625 0.87965724375 0.53693418125 0.8670016875 0.526595078125 0.85948840625 0.5142671609375 0.863153221875 0.5095901296875 0.8696164734374999
0 0.5156953421875 0.8858874312499999 0.508426725 0.89488558125 0.49603580625 0.8994513656249999 0.502676534375 0.9080640921875001 0.5204417593749999 0.9043268031249999 0.5396287828124999 0.8975201281249999 0.549520490625 0.88553659375 0.55859104375 0.8766644453125 0.551032534375 0.8639133609374999 0.5385471125 0.8698305968750001 0.5307723515625 0.87743529375 0.5156953421875 0.8858874312499999
0 0.507009184375 0.9151573640624999 0.5151662109374999 0.9193492515624999 0.5318561515625 0.9137260250000001 0.5440265625 0.9123136281249999 0.5659626796875 0.9007196328125 0.5666241984375 0.8912594687500001 0.558244534375 0.8816197703125 0.55147993125 0.883410178125 0.5402588015625 0.8885104484375 0.5293863109375 0.8972565921875001 0.51648925 0.9004289234374999 0.498028875 0.9054756640624999 0.507009184375 0.9151573640624999
0 0.5158047421874999 0.9447443625 0.5359095484374999 0.942076046875 0.5400489375 0.934669825 0.53931803125 0.9192273656250001 0.5355545265625 0.9126265796874999 0.5090967562500001 0.9198302078125 0.5107748171875001 0.930359346875 0.5101132984375 0.9398195109374999 0.5158047421874999 0.9447443625
0 0.5115772359374999 0.9793056312499999 0.5359495609375 0.9760303546875001 0.5392971703125 0.9626838390625 0.5373019718750001 0.94805834375 0.529207946875 0.942965484375 0.5088511328124999 0.9492376734375 0.500763490625 0.9699484125 0.5115772359374999 0.9793056312499999
0 0.518522053125 1 0.5241299140625 0.9896898234375 0.5184363421875 0.976163771875 0.4938435109375 0.9825924359375 0.48729323906250005 1 0.518522053125 1
0 0.6034557515625 1 0.609545434375 0.9852508609375 0.59623460625 0.9770770875 0.5638648859375001 0.982509253125 0.5533725328125 0.9944507874999999 0.5551129296874999 1 0.6034557515625 1
0 0.62409289375 0.8807920953125 0.636962709375 0.89527264375 0.661744546875 0.886141075 0.6667365875 0.8751729828125001 0.6801691640625 0.8643424234375001 0.6746982265625 0.85626418125 0.665182403125 0.8542407109375001 0.6260187046875 0.8705149640625001 0.62409289375 0.8807920953125
0 0.6828125484374999 0.85139935 0.6867041859375 0.8647993968750001 0.7084534234375 0.8645095046875 0.71983205625 0.8571568140625001 0.735257703125 0.8523505515625001 0.7374355218749999 0.8384695484375 0.7263067671875 0.8336171703125 0.6957389828125 0.8391753359375 0.6828125484374999 0.85139935
0 0.702077134375 0.8003253296875 0.7105828015625 0.8081630921875 0.7238285 0.8086366359375001 0.7469952796875 0.7880749625 0.7443994375 0.7734074640624999 0.7327960390625 0.766711146875 0.7134200109375 0.7762207265625001 0.7094717578124999 0.7895252421875 0.702077134375 0.8003253296875
0 0.77874349375 0.8260572703125 0.7530438734375 0.831050478125 0.741696740625 0.8379526859374999 0.7445760921875 0.8485658265625 0.7564629968750001 0.8512077859374999 0.7726174203125 0.8532427859375 0.792247584375 0.848730534375 0.7964814765625 0.8399728609375 0.7907249000000001 0.8273477781249999 0.77874349375 0.8260572703125
0 0.7432969046875 0.78917440625 0.7342893515625 0.7971455859375001 0.732077903125 0.802875875 0.7385589984375 0.8051398234375 0.755122934375 0.8013185328124999 0.763498340625 0.793755834375 0.7698806765625 0.780168840625 0.77193249375 0.7680897734375 0.7608037390625 0.7632373953125 0.749551109375 0.76878815 0.7452857171875 0.7779963078125001 0.7432969046875 0.78917440625
0 0.7648550078125 0.7829862203125 0.760020471875 0.79170189375 0.7654914109375001 0.7997801328125 0.781328696875 0.7977187765625 0.7927703312500001 0.78946511875 0.8004799640625 0.7741601890625 0.800635340625 0.7633065703125 0.788147790625 0.760622609375 0.769149771875 0.7647263796875 0.7661801734375 0.7726670890625 0.7648550078125 0.7829862203125
0 0.8499367875000001 0.8351097718749999 0.8742776125 0.8322849781249999 0.879681290625 0.8240617921875 0.8696256968749999 0.8124941531250001 0.85511570625 0.8128375765625 0.8318186656250001 0.817998790625 0.82843955625 0.8317957921874999 0.8499367875000001 0.8351097718749999
0 0.8807208203125001 0.8091958187499999 0.8725995515625 0.8217558421875 0.88281265 0.831071059375 0.89760615 0.8266732796875 0.906044559375 0.8182096171875 0.907243721875 0.8096924203125001 0.90019348125 0.8069359859375 0.8807208203125001 0.8091958187499999
0 0.9422407859374999 0.8184772703125001 0.95207161875 0.8159959000000001 0.957632803125 0.8055202937500001 0.946060909375 0.7983734921875 0.9308872703125 0.79957588125 0.9213105734375 0.8070545765625001 0.9225769937500001 0.8148388078125001 0.9422407859374999 0.8184772703125001
0 0.9555473593749999 0.8094486453125 0.9778342421874999 0.810101721875 0.9807567765625 0.7926513 0.955259596875 0.79630060625 0.9528906421875 0.8042833140625 0.9555473593749999 0.8094486453125