0 0.7821982140625 0.547416665625 0.7762135859375 0.5718155328125001 0.7886431984375 0.5925315515625 0.811200640625 0.6068025875 0.842044490625 0.6127872140624999 0.8837067078124999 0.617160596875 0.9235274984374999 0.6252168250000001 0.9495376125 0.6249866484375 0.9536808156250001 0.6097949 0.9493074343749999 0.5847055 0.9302026609375 0.5614575234375 0.880484215625 0.5504089796875 0.7821982140625 0.547416665625
0 0.8305355921875 0.6813802546875001 0.855394815625 0.684142390625 0.864141578125 0.651457115625 0.812581709375 0.6164700625 0.77345145 0.6077232984375 0.7225821140625001 0.6107156125000001 0.721431225 0.6358050140625 0.7384643953125 0.6556003203125 0.7828887484375 0.668260109375 0.8305355921875 0.6813802546875001
0 0.6849263125 0.6943136234375 0.7183021203125 0.7124976843749999 0.7592738031249999 0.7286101453125 0.785283915625 0.7394285093749999 0.79804010625 0.7185307703125 0.7950902953125001 0.6926379890625001 0.7673300328125 0.6745183171875 0.701959484375 0.6533419421875 0.659606734375 0.644134821875 0.6575351328125 0.6848763265625 0.6849263125 0.6943136234375
0 0.662966015625 0.70163591875 0.6104854343749999 0.6878252390624999 0.5975954671875 0.6915080859375 0.5985161796875 0.7255744296875 0.6270582499999999 0.74306795625 0.6737843812500001 0.7607916609375 0.7149862406249999 0.77299109375 0.73155905625 0.76194255 0.7416868875 0.7444490234375001 0.7373503343750001 0.7470178109375001 0.7393851078125 0.7449093796875 0.7200501578125 0.7200501578125 0.69496075625 0.70462823125 0.662966015625 0.70163591875
0 0.540204825 0.7412552359375 0.5368180046875 0.7595003593749999 0.5477432296875 0.7809137984375 0.5658791 0.7924945359375 0.5970159875000001 0.8085546156250001 0.6316489484375001 0.8202446046875 0.656339953125 0.8278922609375 0.66442461875 0.8110674171875001 0.6624580796874999 0.7946795812499999 0.6578694859375 0.7809137984375 0.6226902640625 0.7601558734375 0.588931321875 0.7467178484375 0.553205840625 0.7352463640625 0.540204825 0.7412552359375
0 0.47279619375 0.8252702078124999 0.47825880468750004 0.8399100078125 0.5004370078125 0.8483224296874999 0.5361624921875 0.87028213125 0.5643495671875 0.8788038046875 0.5810651609375 0.8751984796875 0.5888220703125 0.8613234453124999 0.5886035656249999 0.8466836453125 0.5763673140625001 0.8213371265625 0.54304538125 0.8083361109375 0.48055310156250003 0.79041874375 0.47454422812499997 0.80079770625 0.47279619375 0.8252702078124999
0 0.48393992187499996 0.916386575 0.4757460046875 0.900982009375 0.45127350312500003 0.8765095078125 0.42516221718749997 0.845809628125 0.4086651296875 0.84045626875 0.397084390625 0.848540934375 0.39052925781250003 0.862962228125 0.398613921875 0.8776020296875 0.4112871828125 0.9007635046875 0.43379314375 0.9245804921874999 0.45378630312499996 0.9439181375000001 0.47454422812499997 0.955498875 0.4818641296875 0.94905299375 0.4869989828125 0.9351779609375 0.4877637484375 0.9300431046875 0.48393992187499996 0.916386575
0 0.41489250625 0.752945225 0.41598502968749995 0.7369943984375 0.41139643281250005 0.7206065640625 0.395554859375 0.6962433140625001 0.37709123125 0.6692580109375 0.36245143125 0.653307184375 0.3481393890625 0.6501388703125001 0.3356846328125 0.6573495171875 0.329020246875 0.671006046875 0.34595434375 0.703016953125 0.36769553906249997 0.73983495625 0.3826630953125 0.7633241890625 0.3980676609375 0.7715181062500001 0.40833737187499997 0.767366521875 0.4112871828125 0.7617946578125 0.41489250625 0.752945225
0 0.439692765625 0.9475234625000001 0.4219939015625 0.9206474109375 0.39992495 0.894645378125 0.3810243125 0.8750892265625 0.36540124218750003 0.8758539953125 0.35775358437500004 0.893115846875 0.3562240546875 0.9086296656249999 0.3685695578125 0.9268747890625001 0.3788392671875 0.9463216890625 0.3948993453125 0.9669703609375 0.415329515625 0.9867450156249999 0.430515575 0.9907873484374999 0.4398020171875 0.9849969812499999 0.44362584375 0.9750550265625 0.44701266562499997 0.9620540109375 0.439692765625 0.9475234625000001
0 0.4051392640625 1 0.40724485 0.9930816468750001 0.4029840125 0.9789881078124999 0.3873609421875 0.9587764421875 0.36616600625 0.9362704828125 0.35021518125 0.916386575 0.33808818125 0.9075371421874999 0.322902121875 0.9061168640625 0.31361568125 0.917151340625 0.3095733484375 0.9334299234375001 0.3190782921875 0.9501455171875 0.3314237953125 0.9657685859375 0.3502151796875 0.9845599703125 0.36565520937499996 1 0.4051392640625 1
0 0.1989008296875 0.9033855578125 0.20195989375 0.909066675 0.2552749859375 0.9623817671875001 0.25647675937500003 0.9576839218750001 0.2516696609375 0.9109239640625001 0.2456607890625 0.8688618515625001 0.24041668125000001 0.853129528125 0.2259953859375 0.843952340625 0.21113708125000002 0.84220430625 0.20075811875 0.853457284375 0.201195128125 0.8670045640625 0.20108587500000003 0.887216228125 0.1989008296875 0.9033855578125
0 0.1909254171875 0.7793842671875 0.20053961562499997 0.7732661421875 0.20622073125 0.7632149359375 0.209716803125 0.75622279375 0.20567447031250002 0.7384146781250001 0.19726204687499999 0.710992365625 0.19649728125000002 0.6977728453125 0.18928663437499998 0.681385009375 0.17202477968750002 0.6785444515625 0.163940115625 0.6822590265625 0.1605532953125 0.6952600437500001 0.16044404375000001 0.7102276 0.160007034375 0.7281449671875 0.16361235937500002 0.7455160734375 0.1708230046875 0.7645259624999999 0.17814290625 0.77643445625 0.1909254171875 0.7793842671875
0 0.33688640937500003 0.702470690625 0.3238853921875 0.679636975 0.30509400625 0.6765779125 0.29045420625 0.68422556875 0.2858656109375 0.7019244312499999 0.295152053125 0.7223545984374999 0.31153988906249996 0.7452975687500001 0.32661669843749996 0.7669295125 0.33426435468750004 0.7811323046875 0.34169350781249996 0.7911835093749999 0.3538205046875 0.7921667796875 0.365947503125 0.7879059421875 0.3695528265625 0.77643445625 0.354039009375 0.7360111296875 0.33688640937500003 0.702470690625
0 0.2924207453125 0.7582985859375 0.3080438171875 0.7549117671875 0.30968260000000003 0.7427847671875 0.3053125125 0.7331705703125 0.29395027812499996 0.7191862828125 0.28619336875 0.70684078125 0.28914317968750003 0.69340275625 0.29143747656249996 0.68062024375 0.2822602890625 0.6688210015625 0.2694777765625 0.660627084375 0.2594265703125 0.663686146875 0.24620704999999998 0.673409596875 0.24773658125 0.6841163140625001 0.2538547078125 0.7059667625 0.2675112359375 0.7255229125 0.279965990625 0.7445328046874999 0.2924207453125 0.7582985859375
0 0.24882910468750002 0.6052361984375 0.2403074296875 0.5849152828124999 0.22905445000000002 0.5690737078125 0.219221746875 0.5684181953125 0.20807801874999998 0.574317815625 0.2078595140625 0.5885206078125 0.2116833421875 0.6100432984374999 0.2230455765625 0.6292716921875 0.2351725734375 0.6512313921875 0.2486106 0.6640139046875 0.2594265703125 0.6610640937500001 0.26805749687499997 0.6506851296875 0.26805749687499997 0.6480630765625001 0.25746003125 0.6236998265625 0.24882910468750002 0.6052361984375
0 0.2837898203125 0.5825117328125 0.27395711875 0.566123896875 0.2657632 0.5480972796875 0.2601913359375 0.5353147671875 0.2522159234375 0.5293058937499999 0.2432572390625 0.5295243968750001 0.23702986250000002 0.538373828125 0.235718834375 0.5527951234375 0.23855939375 0.5674349249999999 0.24653480781249998 0.586554065625 0.2565860140625 0.599227325 0.264452175 0.6044714328125 0.2741756234375 0.606984234375 0.2852101 0.5950757421875 0.2837898203125 0.5825117328125
0 0.26598170625 0.50242984375 0.257132275 0.5112792749999999 0.25855255312500003 0.52384328125 0.26172086875 0.5381553234374999 0.2757051546875 0.5626278265625 0.2922022421875 0.5810914546875 0.305203259375 0.5777046343750001 0.3118676453125 0.5614260515625 0.307934565625 0.5443827031249999 0.2910004671875 0.5176159046875 0.2748311375 0.49882451874999995 0.26598170625 0.50242984375
0 0.3368864078125 0.49795049999999996 0.32465015625000004 0.4778480890625 0.3150359609375 0.46298978281250003 0.30159793437500004 0.45545138124999995 0.290017196875 0.46353604531250003 0.28608411718750004 0.4753352875 0.2857563609375 0.48877331249999995 0.300942421875 0.516414128125 0.3149267078125 0.5356425234375 0.328146228125 0.5495175578125 0.3445340640625 0.5436179375 0.352509478125 0.5286503796875001 0.347483875 0.5144475890625 0.3368864078125 0.49795049999999996
0 0.3687880625 0.45381259687500003 0.35229097343750004 0.432726915625 0.33863444375 0.41841487187500004 0.32661669843749996 0.42081842031249994 0.3200615625 0.429995609375 0.31831352812499997 0.4439798953125 0.3253056703125 0.45883820000000003 0.340163975 0.48418471875 0.35469452343749996 0.5019928328125001 0.3667122703125 0.5153216078125 0.3826630953125 0.5089849765625 0.3858314109375 0.4944544296875 0.378730015625 0.47620930625 0.3687880625 0.45381259687500003
0 0.3993786890625 0.42147393437499997 0.3907477625 0.40563235937500003 0.37883926875 0.39306835156250003 0.36780479062500004 0.389244525 0.3584090984375 0.39689218125000003 0.354039009375 0.4082544125 0.3581905953125 0.4215831859375 0.3715193671875 0.4414670921875 0.387251690625 0.4650655765625 0.399487940625 0.4773018265625 0.4124889578125 0.47129295468750004 0.41740530781249996 0.45851044218750003 0.41401848750000003 0.44266886875000006 0.3993786890625 0.42147393437499997
0 0.449525465625 0.4316343921875 0.4523660234375 0.42267570781249997 0.44307958281250004 0.40486759218749996 0.42909529687500003 0.3882612546875 0.41554802031250004 0.36946986875 0.4046227953125 0.3611667 0.39413458125 0.3637887515625 0.386596175 0.37132715625 0.38539440156250004 0.38126911093750004 0.39140327343750003 0.39448863125 0.409539146875 0.4191796375 0.422649415625 0.43491195937500005 0.43565043125 0.444635409375 0.44318883593749997 0.43709700468749996 0.449525465625 0.4316343921875
0 0.48175487656250005 0.37930257031250003 0.46656881562499997 0.3569058609375 0.4512735015625 0.33898849375 0.43423015156250006 0.32194514375 0.42625473906250005 0.3211803796875 0.41598502968749995 0.3253319640625 0.408665128125 0.337021953125 0.41237970468749996 0.3472916640625 0.4196996046875 0.35920015781250003 0.43455790937499994 0.37930257031250003 0.45050873593749996 0.3965644234375 0.4701741390625 0.40836366562500004 0.48011609218749995 0.396673675 0.48175487656250005 0.37930257031250003
0 0.4908228125 0.3090533796875 0.47465347968750005 0.29026199531249997 0.4648207796875 0.284362375 0.45531583593749997 0.29386731875 0.447340421875 0.3035907671875 0.44635715 0.3124401984375 0.4644930234375 0.33713120625 0.49071355937499994 0.365973796875 0.5076476578125 0.3770082734375 0.5186821328125 0.36247772500000003 0.524253996875 0.3516617546875 0.5103789625 0.333198125 0.4908228125 0.3090533796875
0 0.5629292890625 0.3234746765625 0.5645680734375 0.3113476765625 0.5528780828125 0.29506909375 0.5344144546875 0.2759499515625 0.5172618531250001 0.2581418375 0.504479340625 0.2499479203125 0.49366337031249996 0.2502756765625 0.4849231921875 0.2625119265625 0.48361216406249996 0.271689115625 0.488200759375 0.28283284375 0.507538403125 0.30544805625000004 0.5253465187499999 0.32260065781249997 0.5449026703125 0.3362571875 0.5545168671875 0.3327611171875 0.5629292890625 0.3234746765625
0 0.5353977249999999 0.23301382343750002 0.5270945546875 0.2456870828125 0.5374735187499999 0.26327669375 0.5542983625 0.2814125640625 0.5805189000000001 0.299766940625 0.5955957093750001 0.28469013125 0.59428468125 0.27289088906250003 0.5835779624999999 0.26087314375 0.56314779375 0.2410984875 0.5471969671875 0.22908074374999998 0.5353977249999999 0.23301382343750002
0 0.6970910390625 0.42879383281249994 0.6763331124999999 0.404102828125 0.6465072515625 0.37624350624999997 0.6318674515625 0.368158840625 0.621925496875 0.369360615625 0.6132945703125 0.37973957812500003 0.6077227078125 0.395799659375 0.6201774624999999 0.41218749375 0.64126314375 0.4339286875 0.6660634015625 0.4554513796875 0.6823419859375 0.469763425 0.6928302015625001 0.4723854765625 0.7012426234375 0.4657210890625 0.70714224375 0.457199415625 0.70987355 0.4474759671875 0.6970910390625 0.42879383281249994
0 0.6699964828125 0.493471159375 0.6552474312500001 0.4741335125 0.634380253125 0.4512997953125 0.6125298046875 0.4294493484375 0.5964697265625001 0.41142272812499997 0.5821576828125 0.40563235937500003 0.5739637656250001 0.4112042234375 0.5676271359375 0.42191094375000004 0.5654420921875001 0.4328361671875 0.5764765671875 0.4497702640625 0.5979992562499999 0.47457052187500004 0.62935465 0.5078924546875 0.640498378125 0.51772515625 0.6548104218749999 0.5156493640625001 0.6650801328125 0.5088757265625 0.6699964828125 0.493471159375
0 0.5876202953125 0.49368966406250003 0.5580129390625 0.45949371250000004 0.5412973453125 0.452610821875 0.5323386625000001 0.458073434375 0.524800259375 0.470855946875 0.531573896875 0.486806771875 0.5442471578125 0.50734619375 0.5641310640625 0.5311631828125 0.5833594578125 0.5503915765625 0.5998565453125 0.5609890421875 0.6114372828125 0.5581484859375 0.617009146875 0.5525766203125 0.6213792375 0.5412143875 0.6069579421875 0.5163048765625 0.5876202953125 0.49368966406250003
0 0.5365995 0.579671175 0.546213696875 0.589285371875 0.5606349921875 0.593218453125 0.5694844234375 0.59223518125 0.5781153515625 0.5844782734375 0.57778759375 0.5716957625 0.5716694671875 0.557711475 0.562055271875 0.5428531703125 0.5503652812500001 0.5265745875000001 0.5365995 0.5088757234375 0.5270945546875 0.4947821859375 0.513547278125 0.4838569625 0.5028405578124999 0.48757153906250006 0.494100378125 0.49456368125 0.4882007578125 0.50308535625 0.4959576671875 0.5180529140625 0.506882890625 0.5368442984375 0.519993159375 0.5551986734375001 0.5365995 0.579671175
0 0.506555134375 0.6184557203125001 0.5176988625 0.6256663687499999 0.5308091312500001 0.6282884203125 0.5396585625 0.62206104375 0.54490266875 0.608950775 0.5411880921875001 0.5960590109374999 0.53201090625 0.581637715625 0.51802661875 0.5597872671874999 0.50644588125 0.54427345 0.497050190625 0.530944678125 0.48000684062500004 0.5191454359375001 0.4708296515625 0.5204564609375 0.458702653125 0.5273393515625 0.45214751875000003 0.536516540625 0.45553433749999994 0.547114009375 0.4659133015625 0.562081565625 0.4786958140625 0.5833857499999999 0.49355411718750003 0.6034881640624999 0.506555134375 0.6184557203125001
0 0.48066235312499994 0.66532493125 0.4909320640625 0.6716615609375001 0.5014202796875 0.671661559375 0.511799240625 0.6656526875 0.5146398 0.6566940046874999 0.5093956921875 0.6409616812500001 0.49967224374999997 0.6200945046874999 0.4908228125 0.6053454515625 0.47651076875 0.586444815625 0.46755208593750003 0.57355305 0.4562991046875 0.5629555828125 0.445592384375 0.56404810625 0.43652445 0.5687459515625 0.4339023953125 0.58185621875 0.437944728125 0.59704228125 0.4459201421875 0.610917315625 0.45520658281250004 0.6261033765625 0.468753859375 0.65013886875 0.48066235312499994 0.66532493125
0 0.46820759843750004 0.690889953125 0.473342453125 0.682259028125 0.46908161562500006 0.665543434375 0.45706387031249995 0.641726446875 0.4384909890625 0.613976378125 0.4204643703125 0.5926721921875 0.4026562546875 0.5912519109375001 0.3916217796875 0.6005383531249999 0.387579446875 0.611572828125 0.3931513109375 0.624355340625 0.40221924531250003 0.640633925 0.41740530781249996 0.6656526875 0.43368389062499996 0.6852088375000001 0.444936871875 0.6958063046875 0.46121545625 0.697008078125 0.46820759843750004 0.690889953125
0 0.398723175 0.21498720312500003 0.4023285 0.187783396875 0.4001434546875 0.1751101359375 0.3887812203125 0.16112585 0.374250675 0.15905005781249998 0.3638717109375 0.16243687499999998 0.36288844062500003 0.17915246875 0.35982937812500004 0.1970698359375 0.3553500375 0.21028935781250002 0.35687956718749997 0.2288622375 0.3584091 0.2448130640625 0.37228413437499996 0.25541053125 0.3821168359375 0.2560660453125 0.39500860000000004 0.2545365140625 0.40200074218750004 0.2457963359375 0.398723175 0.21498720312500003
0 0.44657565468750005 0.175000884375 0.44307958437500006 0.15577248906250002 0.44384435 0.1375273671875 0.44537388125 0.1298797078125 0.4349949171875 0.120156259375 0.42352343281250004 0.11589542343749999 0.4116149390625 0.1216857921875 0.4063708328125 0.13741811406249999 0.4027655078125 0.15413370625 0.405278309375 0.18221153125 0.408009615625 0.196086565625 0.4154387671875 0.2113818796875 0.4272380078125 0.21531495937499998 0.43728921718749997 0.212255896875 0.44821443906249997 0.1995826375 0.44657565468750005 0.175000884375
0 0.4804438484375 0.13414054687500002 0.485797209375 0.1191729890625 0.4853602 0.1056257125 0.4829566515625 0.08093470625 0.48131786718749997 0.058975006249999996 0.4780403 0.0438981984375 0.4638375078125 0.0336284875 0.44930696093750006 0.03155269375 0.43838173906250005 0.03635979375 0.434885665625 0.04859604375 0.43696145781249995 0.06837069999999999 0.43903725 0.09338946249999999 0.4437350984375 0.11316411562499999 0.4471219171875 0.12638363749999998 0.4535677984375 0.13217400625 0.465694796875 0.1357793296875 0.4804438484375 0.13414054687500002
0 0.5232707265625 0.1166601875 0.5372550125 0.1070459921875 0.5404233281249999 0.0977595515625 0.5371457625 0.085304796875 0.531901653125 0.06695042031250001 0.52720380625 0.047175765625 0.5243632500000001 0.03515801875 0.5127825125000001 0.019644201562499998 0.5018572875 0.0087189765625 0.49071355937499994 0.0146185984375 0.48120861562500006 0.0215014890625 0.48197338125 0.034721009375 0.48831001093750004 0.068589203125 0.4919153328125 0.08333825624999999 0.5005462609375 0.101801884375 0.5075384046875 0.11403813437500002 0.5232707265625 0.1166601875
0 0.6294639015625 0.1651681828125 0.6392966046875 0.15795753437499999 0.6473812703124999 0.14899885156249998 0.6475997734375001 0.1321740078125 0.637767071875 0.11840822499999999 0.61252980625 0.1016926328125 0.5886035656249999 0.08366601093750001 0.5752747921875 0.07951442812500001 0.5615090109375 0.093280209375 0.5565926609375 0.10606272187500002 0.5654420906250001 0.12605588125 0.59308290625 0.14648604999999998 0.6167906421875 0.16298313749999999 0.6294639015625 0.1651681828125
0 0.7873333875 0.27649621406249997 0.7933422609375 0.26611725 0.7960735671875 0.25114969375 0.7836188109375 0.2347618578125 0.7681049921875001 0.22318112031249998 0.7404641765625 0.20012889843749998 0.7209080265625001 0.1890944234375 0.706923740625 0.18559835156249999 0.69862056875 0.19040545 0.6896618875 0.20111216875000001 0.6819049765625 0.2097430953125 0.6850732921875 0.221433084375 0.697200290625 0.23290457031249998 0.720361765625 0.25344399218749997 0.7543392109375 0.2788997640625 0.7690882640625001 0.28774919374999997 0.779576478125 0.2825050859375 0.7873333875 0.27649621406249997
0 0.9445473578125 0.37799154375 0.9520857625 0.3652090328125 0.9432363328125 0.350459978125 0.9276132609375001 0.338114478125 0.9120994437500001 0.32915579375 0.895493103125 0.3151715046875 0.876920221875 0.3031537609375 0.852229215625 0.287639940625 0.8333285796875 0.2759499515625 0.8202183125 0.2733278984375 0.80404898125 0.2833791046875 0.7950902953125001 0.29932993125 0.79137571875 0.3126587046875 0.8082005640625001 0.32817252343750003 0.8271012015625001 0.33986251093750003 0.8523384703125 0.3618222125 0.8697095734375001 0.37591575 0.8848956359375 0.38782424375 0.9029222546875 0.40126227031250006 0.9148307499999999 0.405960115625 0.9245542 0.3953626484375 0.935697928125 0.38684097500000003 0.9445473578125 0.37799154375
0 1 0.40092189375 0.969784625 0.38159686718749997 0.94323633125 0.3950348921875 0.936353440625 0.4150280515625 0.9408327828124999 0.430651121875 0.9612629515625001 0.45304783125 0.9887945140625 0.4700911796875 1 0.4779010640625 1 0.40092189375
0 0.345845090625 0.303700021875 0.35480377343749997 0.28774919374999997 0.34977817187500004 0.273546403125 0.3379789296875 0.2617471609375 0.325087165625 0.258032584375 0.3125231578125 0.26185641406250004 0.30083316875 0.277042475 0.292420746875 0.29157302343749997 0.293076259375 0.304027778125 0.2894709359375 0.318121315625 0.2970093421875 0.33155934062500003 0.3080438171875 0.34062727812500004 0.3180950234375 0.34019026874999997 0.32377613906249997 0.33013906249999997 0.33251631875 0.32314691875 0.345845090625 0.303700021875
0 0.28892467499999996 0.36149445625 0.2772346859375 0.3478379265625 0.2698055328125 0.34565287968749997 0.25800629218750004 0.3522080140625 0.24926611250000003 0.35920015781250003 0.24227396875 0.37318444375 0.23954266406250002 0.38290789375 0.23921490625000003 0.393723865625 0.24347574375 0.40519534999999995 0.251560409375 0.41196898906249996 0.2649984359375 0.4142632875 0.280512253125 0.3865132171875 0.2913282234375 0.3730751921875 0.28892467499999996 0.36149445625
0 0.2431479859375 0.429121590625 0.2356095828125 0.41568356562500003 0.22402884531249997 0.40803590781250004 0.21812922499999998 0.4139355296875 0.2121203515625 0.4216924390625 0.203707928125 0.428356825 0.192673453125 0.44026531875 0.1873200921875 0.44998876875000005 0.18677383125 0.46189726249999996 0.19332896718749998 0.47369650312499995 0.205455965625 0.47992388124999996 0.220095765625 0.47489827812499996 0.22916370000000003 0.4597122171875 0.24467751875000002 0.43982831093749997 0.2431479859375 0.429121590625
0 0.2155071703125 0.62632188125 0.211246334375 0.6122283421875 0.20611147968750002 0.59463873125 0.20141363281250002 0.5827302390625 0.19125317343749998 0.5692922125 0.18032795 0.5662331515625 0.1689657171875 0.575847346875 0.1635031046875 0.5848060312500001 0.164923384375 0.5999920921874999 0.171369265625 0.616270675 0.178252159375 0.6303642140625 0.18852186875000002 0.6445670046875 0.20141363281250002 0.650903634375 0.21091857812499998 0.6387766359375 0.2155071703125 0.62632188125
0 0.152687134375 0.613976378125 0.1598977828125 0.609387784375 0.16317535 0.6061102171875 0.16372161093749998 0.588957615625 0.1609903046875 0.5724605281249999 0.1609903046875 0.5619723125 0.15399816093750002 0.5471140078125 0.14176191093749999 0.5374998109375 0.131929209375 0.536844296875 0.1258110828125 0.543836440625 0.1212224890625 0.5536691421875 0.12526482187500002 0.56623315 0.12515556875 0.5759566 0.1266851 0.584041265625 0.13171070468749999 0.595622003125 0.13968611875 0.6068749828125 0.152687134375 0.613976378125
0 0.1321477140625 0.5226415078125 0.1358622875 0.5093127328125 0.13302173125 0.49467293437500004 0.12887014531250002 0.4839662140625 0.124937065625 0.472166971875 0.12023921875000002 0.46288053125 0.1131378234375 0.46036773125 0.106910446875 0.4613510015625 0.1028681140625 0.46451931562500004 0.10068306875 0.47020043281249996 0.098388771875 0.4777388359375 0.0990442859375 0.48757153750000004 0.101010825 0.49871526718750003 0.10756595937499999 0.510514509375 0.11466735624999999 0.5208934703125 0.12045772343750001 0.5247172984375 0.1321477140625 0.5226415078125
0 0.0779604765625 0.440854859375 0.0816259390625 0.44912345781249996 0.08776345468749999 0.45628389374999995 0.0949238921875 0.45935265156250005 0.09927129999999999 0.4570510828125 0.1016154890625 0.454024946875 0.10694319687500001 0.44835626875 0.110651278125 0.4426023453125 0.111205359375 0.4362517203125 0.10788087187499999 0.429347015625 0.104300653125 0.41860636093750003 0.10067781406250001 0.40756735468749994 0.094710784375 0.3985315671875 0.089127346875 0.39627261874999997 0.08243575 0.3954628078125 0.077789990625 0.39976759375 0.0736556921875 0.405606759375 0.0721213125 0.41225573437499996 0.0736556921875 0.4189047125 0.0721213125 0.42350785 0.07318685312499999 0.42994371875 0.0779604765625 0.440854859375
0 0.058738115625 0.3738110125 0.0640232 0.379096096875 0.0699049875 0.383443503125 0.075786775 0.38063047656250004 0.0791112625 0.37423722812500004 0.080901371875 0.368355440625 0.080560396875 0.3598311125 0.07680969374999999 0.349942890625 0.0727606359375 0.3400120484375 0.0683706078125 0.33076315156249997 0.062488818749999994 0.3274386625 0.058652873437499996 0.32616001250000004 0.0552005203125 0.32961236718750003 0.050810490625 0.33468434375 0.048508921875 0.3410775890625 0.047145028125 0.3478970515625 0.04838105625 0.3545034078125 0.050810490625 0.3612802484375 0.05362351875 0.3666505765625 0.058738115625 0.3738110125
0 0.12173290625 0.7902244781250001 0.11124798124999999 0.796617725 0.10003848906249999 0.8071452703125 0.1300441265625 0.8371509078124999 0.14189294375 0.8331444734375 0.15144019375 0.82837085 0.15706625000000002 0.8227447937499999 0.15966617031250002 0.8133254078125001 0.1575350875 0.7984078328125 0.15229262500000001 0.7862606640625 0.14615510781250002 0.7842148250000001 0.1401028359375 0.784811528125 0.13149326249999999 0.7869426109375001 0.12173290625 0.7902244781250001
0 0.08959618593749999 0.76985133125 0.0908322140625 0.7774806062499999 0.0944124328125 0.7861754203125 0.1000811125 0.79312275 0.1066874671875 0.7923129390625 0.114700334375 0.792142453125 0.11900512187500001 0.7864737734375 0.11930347187499998 0.7814017984375 0.1189624984375 0.781060825 0.1249295296875 0.7737299015625 0.1305982078125 0.7673792765624999 0.1336243453125 0.7629892468749999 0.1369488328125 0.7576189203125 0.1389094296875 0.7508847000000001 0.13690621249999999 0.741976775 0.12966053125000002 0.7301279609375 0.1254409890625 0.727187065625 0.118536284375 0.728977175 0.11384790156249999 0.7319606890625 0.1075825203125 0.7382260703125 0.099697515625 0.7454291296875 0.09458291875 0.7515666453125001 0.0918977546875 0.75732056875 0.0894257015625 0.763543328125 0.08959618593749999 0.76985133125
0 0.1189198765625 0.7275706609375 0.12134931093750001 0.7241183062500001 0.122414853125 0.72032498125 0.12258533906249999 0.7143579515625 0.11998541874999999 0.708433540625 0.11845103906250001 0.7028074859375 0.1151265515625 0.6989715375000001 0.10979884531249999 0.695433940625 0.1060907625 0.695050346875 0.1019990859375 0.6950503453125 0.0988877046875 0.6967978328125 0.0968844875 0.6991420234375 0.095094378125 0.7019550531250001 0.0930911609375 0.7042992406249999 0.0901076453125 0.7069417859375 0.087166753125 0.7098826781249999 0.084694696875 0.7120137609375 0.083202940625 0.714869409375 0.0821800203125 0.71793816875 0.081839046875 0.7206659531249999 0.08098661406249999 0.7239052 0.07872766875000001 0.72650511875 0.077150665625 0.7297869859375 0.0779178546875 0.73413439375 0.0783014515625 0.739888315625 0.0796653421875 0.7453438859375 0.08107185781250001 0.7500748890625 0.0852061578125 0.7575336765625 0.0892125921875 0.7569369734375 0.0927501875 0.75715008125 0.09436981093749999 0.753143646875 0.0965861359375 0.75126829375 0.09743856875 0.74802905 0.0982057578125 0.746238940625 0.10033684062499999 0.743766884375 0.1017433546875 0.7423603703125 0.10383181562499999 0.7406128828125 0.105749790625 0.738694909375 0.108264465625 0.7358392593749999 0.10979884531249999 0.7343048796875 0.11244138749999999 0.731321365625 0.1156806328125 0.7294460140625 0.1189198765625 0.7275706609375
0 0.085930725 0.657244946875 0.0824357515625 0.657330190625 0.077662125 0.6586940828125 0.0743376375 0.6599727328125 0.07092790624999999 0.6616775984375 0.06807225624999999 0.664192275 0.0640658203125 0.6678577359375 0.062275712500000004 0.671693684375 0.0609118203125 0.6754443890624999 0.0587807375 0.6789393640625 0.0585676296875 0.681539284375 0.058482385937500006 0.685034259375 0.05861025156250001 0.6879751515625 0.058482385937500006 0.6921946953125 0.0575020875 0.69556180625 0.0567349 0.700420671875 0.0571184921875 0.70412875625 0.059462684375 0.71030889375 0.061934740625 0.7153382484375 0.06602641718749999 0.7184070078125 0.0712262578125 0.7210495484375 0.0751474484375 0.7208790625 0.07949485625 0.7165316546875 0.08098661406249999 0.7136760046874999 0.0834160484375 0.7092007328125 0.08541926562499999 0.705833621875 0.0880191859375 0.7025517546875 0.09155678125 0.6986731859375 0.0938157296875 0.6940274265624999 0.0948812703125 0.69125701875 0.09624516250000001 0.6875063140625 0.09807789375 0.6819228796875 0.09624516250000001 0.67523128125 0.0927501890625 0.6691790078125 0.0925370796875 0.6646184921875 0.090405996875 0.6609530312499999 0.085930725 0.657244946875
0 0.0559250890625 0.6773623625 0.058908601562499996 0.67778858125 0.062488820312500006 0.67318544375 0.0624461984375 0.6687954125 0.06679360625 0.6634250859375 0.0699476078125 0.6599301109375 0.075403178125 0.6582252453125 0.0800063171875 0.655667946875 0.0839275078125 0.6524287 0.085078290625 0.64616331875 0.0857602375 0.6396848296875 0.0843111015625 0.634655475 0.080560396875 0.6278360125 0.0758293953125 0.6213149015625 0.0728032578125 0.6175215749999999 0.0688394453125 0.6214853859375 0.062233089062500004 0.6263868765625 0.057459465625 0.6318424484375 0.0530694359375 0.635891503125 0.048977759375 0.6410061015624999 0.048253190625 0.6471862390625 0.0481253265625 0.6554974609374999 0.049617084374999995 0.6628710046874999 0.05213176093750001 0.6722903875 0.0559250890625 0.6773623625
0 0.0410501328125 0.6509795656249999 0.047400759375000004 0.6524713234374999 0.049361353125 0.64982878125 0.0491908671875 0.6435207765625 0.05213176093750001 0.639556965625 0.0552005203125 0.63444236875 0.0598036578125 0.6298392296875 0.06363960625000001 0.62600328125 0.0679870125 0.62267879375 0.07105577187499999 0.6196100343750001 0.0737835578125 0.6162003031250001 0.073996665625 0.6125774625 0.0722917984375 0.605758 0.06900993125 0.599151646875 0.067006715625 0.5943354000000001 0.062147846875 0.5920338328125 0.05426284218750001 0.59412229375 0.050299029687499996 0.599109025 0.04535491875 0.6023482703124999 0.040837025 0.606525190625 0.0371715625 0.6115545453125 0.0351683453125 0.6159445734375 0.0349552390625 0.621613253125 0.0328241578125 0.6261311468749999 0.0320143453125 0.6306916640625 0.0324405625 0.6377668546875 0.03585029375 0.644245346875 0.0410501328125 0.6509795656249999
0 0.021358934375 0.6041810015625 0.0248539078125 0.608187434375 0.0290308296875 0.6108299765625 0.033974940625 0.6096365703125 0.0381944828125 0.6064399468749999 0.04011245625 0.6045219734375 0.0384928359375 0.6013679703125 0.041518971875 0.5980008625 0.0448434609375 0.5936534546875001 0.0470597859375 0.5897322609375 0.050000678124999996 0.5867913687499999 0.0566922765625 0.585555340625 0.057544709375 0.5802702578125001 0.056521790625 0.5720869015625001 0.0552005203125 0.563860925 0.051961274999999994 0.558575840625 0.042073051562500005 0.55584805625 0.035807671875 0.556998840625 0.03005375 0.558661084375 0.026771882812499998 0.560238084375 0.02408671875 0.5629232484375 0.02178515 0.5682935765625 0.0203360125 0.5745163359375 0.017991825 0.5806112296875 0.0171820125 0.5861946671875 0.0174377421875 0.593099371875 0.017565607812500002 0.59808610625 0.021358934375 0.6041810015625
0 0 0.55155976875 0.0021365734375 0.5514580265625 0.005077465625 0.5474942125 0.008401953125 0.5462155640625 0.0127493609375 0.546982753125 0.0153492828125 0.5437008859375 0.0149656875 0.5451074015625 0.018418040625 0.53551753125 0.0242572046875 0.5283144734375 0.0289882078125 0.5225605515625 0.0320995875 0.5156984671875 0.027539071874999998 0.509347840625 0.023575260937500002 0.5030824593750001 0.0179492015625 0.5015480812499999 0.012919848437500001 0.503167703125 0.008444575 0.50662005625 0 0.5124200671875 0 0.55155976875