0 0.3390256125 0.9156876531249999 0.2534061640625 0.9407470046874999 0.25409226406249996 0.9633883453125 0.2342744828125 0.97665918125 0.2455989296875 0.9888683484375 0.35601228281249997 0.9517843265625 0.3574278375 0.9289584890624999 0.3390256125 0.9156876531249999
0 0.47350341250000005 0.88057833125 0.36521339531249997 0.907120003125 0.36592117343749997 0.90818166875 0.36521339531249997 0.9326000062500001 0.376537840625 0.951179175 0.48836674843749994 0.916675003125 0.47350341250000005 0.88057833125
0 0.5945334328125 0.8885408328125 0.6009034343749999 0.8726158296875001 0.5895789875 0.8497899921875 0.504645640625 0.8683691625 0.504645640625 0.869430828125 0.5003989734375 0.8896025 0.5110156421875 0.90818166875 0.5230478656249999 0.9097741703125 0.5945334328125 0.8885408328125
0 0.7360890125 0.8476666578125001 0.7353812343749999 0.8253716546875 0.7155634531249999 0.8174091546875 0.6525712203125 0.833864990625 0.6518634421875 0.833864990625 0.647616775 0.852444159375 0.65823344375 0.8720849953125 0.6794667796875 0.870492496875 0.7360890125 0.8476666578125001
0 0.8281001390625 0.83174165625 0.833054584375 0.807854153125 0.7898801328125 0.7908674828125 0.7459979031249999 0.7834358140625 0.7389201234375 0.807854153125 0.7459979031249999 0.8163474859375001 0.8082823578125 0.8349266562500001 0.8281001390625 0.83174165625
0 0.8238534718749999 0.794583315625 0.833054584375 0.78768248125 0.8358856953125 0.7701649796875001 0.7884645765625 0.7468083078125 0.7566145703125 0.737784140625 0.745290125 0.7563633109375 0.7495367921875 0.7685724796875 0.8082823578125 0.794583315625 0.8238534718749999 0.794583315625
0 0.7757245734375 0.73247580625 0.7884645765625 0.7138966359375 0.7750167968749999 0.7016874671875 0.753783459375 0.6873549640625 0.71627123125 0.6756766296875 0.7169790093749999 0.6740841296875 0.7014078953125 0.6931941328125 0.7106090078125 0.70646496875 0.7587379046875 0.7303524734375 0.7757245734375 0.73247580625
0 0.5966567671874999 0.7749424796875 0.6178901031249999 0.7802508140625 0.6327534390625 0.7669799796875 0.6405389953125 0.7563633109375 0.6334612171875 0.7409691406250001 0.6207212156249999 0.7404383078125 0.5711767625 0.7489316421875001 0.5725923171875 0.749993309375 0.57896231875 0.7749424796875 0.5966567671874999 0.7749424796875
0 0.6348767734375 0.72769830625 0.6462012203125 0.7176124703125 0.6426623296875 0.7016874671875 0.6235523265625 0.695317465625 0.5570212046874999 0.7138966359375 0.5577289828125 0.7138966359375 0.5718845406249999 0.7409691406250001 0.6348767734375 0.72769830625
0 0.494028971875 0.7622024781250001 0.49756786093749994 0.7526474765625 0.48695119218749994 0.7351299734375 0.47138007968749995 0.733006640625 0.40626451250000006 0.749993309375 0.40626451250000006 0.7505241421875 0.3998945109375 0.7627333109375 0.40484895625000006 0.7786583140625 0.42112784843749995 0.7807816484375001 0.494028971875 0.7622024781250001
0 0.2441833734375 0.8619991609375001 0.26329337656249996 0.8582833265625001 0.31920783125 0.7834358140625 0.29302004843749996 0.7685724796875 0.2901889375 0.7696341453125 0.2689556015625 0.7802508140625 0.22153448125000003 0.8381116562500001 0.22153448125000003 0.852444159375 0.2441833734375 0.8619991609375001
0 0.30434449531249996 0.7239824703125 0.2774489359375 0.70964996875 0.26612448906249997 0.711773303125 0.21374892499999998 0.7643258125 0.21091781406250001 0.7643258125 0.21374892499999998 0.7781274812500001 0.2371055953125 0.78927498125 0.2470144859375 0.7834358140625 0.30434449531249996 0.7239824703125
0 0.27249449062500003 0.6544432921875 0.1983879421875 0.7158458609375 0.1995933671875 0.7239824703125 0.2194111484375 0.7351299734375 0.23215115000000003 0.7308833046875 0.29655893906249997 0.676738296875 0.29443560468749996 0.6682449625 0.27249449062500003 0.6544432921875
0 0.3844733609375 0.7072088234375 0.38644673125 0.7239824703125 0.3984789546875 0.7356608062500001 0.4876589703125 0.7186741375000001 0.48836674843749994 0.70487246875 0.4770423015625 0.68841663125 0.3844733609375 0.7072088234375
0 0.38220006406249996 0.6549741265625 0.37168450625 0.6654896828125 0.37370672968749996 0.6847007984375 0.3906933984375 0.6878857984375 0.46571785625000006 0.6762074640625 0.4720878578125 0.6655907953125 0.46430230000000006 0.6438266234375 0.38220006406249996 0.6549741265625
0 0.4614711890625 0.6316917734375 0.455808965625 0.6120509359375 0.39281673281249996 0.6136434359375 0.36592117343749997 0.6231984374999999 0.36592117343749997 0.6247909375 0.36804450625 0.6454934406249999 0.3807845078125 0.6486784421875 0.454393409375 0.641246775 0.4614711890625 0.6316917734375
0 0.28665004843749997 0.6247909375 0.28594227031249997 0.6115201015625 0.260462265625 0.602495934375 0.23073559375000002 0.6231984374999999 0.19534669843750002 0.659295109375 0.20100892343750001 0.6762817796875 0.2187033703125 0.683182615625 0.2378133734375 0.6677884453125 0.28665004843749997 0.6247909375
0 0.2774489359375 0.5717075953124999 0.26683226718749997 0.5579059265625 0.2491378203125 0.5494125921874999 0.1875611421875 0.5993109328124999 0.1875611421875 0.6003726015625 0.18473003125 0.61098926875 0.2066711453125 0.6210751046875 0.22224225937500003 0.6200134375 0.2774489359375 0.5717075953124999
0 0.20242447812500003 0.560029259375 0.2194111484375 0.5563134265625 0.251261153125 0.5234017546875 0.26470893281249996 0.5021684171875 0.23215115000000003 0.487835915625 0.17269780625 0.53773425625 0.173405584375 0.5372034234374999 0.1790678078125 0.5510050921875 0.20242447812500003 0.560029259375
0 0.2576311546875 0.4411225734375 0.251261153125 0.42732090468750006 0.2378133734375 0.4188275703125 0.1988855890625 0.42891340468749994 0.16491225 0.43687590624999995 0.1578344703125 0.44483840781249995 0.1585422484375 0.4464309078125 0.1684511390625 0.46182507656249994 0.1818989203125 0.465010078125 0.250553375 0.4469617421875 0.2576311546875 0.4411225734375
0 0.4282056265625 0.5701150953125 0.4374067390625 0.5621525953125001 0.42891340468749994 0.543573425 0.41829673593749994 0.5409192578125 0.34610339218749997 0.5478200921874999 0.33548672343749997 0.5584367593749999 0.34539561406249997 0.576485096875 0.36379783906249996 0.578077596875 0.4282056265625 0.5701150953125
0 0.4282056265625 0.521809253125 0.4204200703125 0.5069459171874999 0.4006022890625 0.504822584375 0.34398005781249996 0.5106617531250001 0.33265561093749996 0.5191550859375 0.33265561093749996 0.5196859203125 0.33619450156249997 0.5361417562499999 0.3503500578125 0.5403884234375 0.4218356265625 0.532425921875 0.4282056265625 0.521809253125
0 0.6313378828125 0.6784051140625 0.6214289921875 0.65982594375 0.6051501015625 0.65664094375 0.5456967578125 0.6704426125 0.5449889796875 0.6688501125 0.5541900921875 0.69486095 0.5683456515625 0.695922615625 0.6249678828125 0.6879601156249999 0.6313378828125 0.6784051140625
0 0.6214289921875 0.6492092765625 0.6249678828125 0.6311609390624999 0.6030267671875 0.6168284359375 0.5379112015625 0.63063010625 0.5364956453125 0.6327534390625 0.5485278703125 0.6614184437499999 0.6214289921875 0.6492092765625
0 0.7665234609375 0.6805284484375 0.7757245734375 0.6667267781249999 0.7551990156249999 0.6497401078125 0.7127323421875 0.626914271875 0.7007001171875 0.6263834390625 0.6872523375 0.6454934406249999 0.7049467843749999 0.659295109375 0.7481212359375 0.683182615625 0.7665234609375 0.6805284484375
0 0.7091934515625 0.602495934375 0.7169790093749999 0.5913484328124999 0.7014078953125 0.5594984281250001 0.6886678921875 0.5472892593750001 0.6815901140625 0.5419809250000001 0.6660190015625 0.5451659249999999 0.6646034453125 0.5441042578124999 0.6554023328125 0.5520667593749999 0.6752201140625 0.5971876 0.6893756703125 0.6062117671875 0.7091934515625 0.602495934375
0 0.5924100984375 0.585509265625 0.5280023109374999 0.5929409328124999 0.5195089765625001 0.5998417671875 0.5301256453125001 0.6210751046875 0.5563134265625 0.619482603125 0.5973645453125 0.6120509359375 0.6058578796874999 0.5987801 0.5924100984375 0.585509265625
0 0.5860400984374999 0.5791392640625 0.5938256546875 0.5679917609375 0.5810856531249999 0.5520667593749999 0.5464045359374999 0.553659259375 0.5081845296874999 0.5594984281250001 0.5110156421875 0.576485096875 0.5202167546875 0.587101765625 0.5860400984374999 0.5791392640625
0 0.5796700968749999 0.5451659249999999 0.5874556546874999 0.5340184234375001 0.5782545421874999 0.515439253125 0.5541900921875 0.51650091875 0.5039378625000001 0.5191550859375 0.49332119375000005 0.5255250874999999 0.5011067515625001 0.5462275921875 0.51172341875 0.5494125921874999 0.5796700968749999 0.5451659249999999
0 0.5563134265625 0.5090692531250001 0.5640989828125 0.49898341718749994 0.5563134265625 0.481996746875 0.5379112015625 0.481996746875 0.4982756390625 0.483589246875 0.48836674843749994 0.48889758125 0.4890745265625 0.5058842515624999 0.5003989734375 0.5133159203125001 0.5563134265625 0.5090692531250001
0 0.5456967578125 0.465010078125 0.5485278703125 0.45386257656250006 0.5414500906249999 0.4411225734375 0.5216323093749999 0.4400609078125 0.483412303125 0.44324590781250006 0.475626746875 0.45120840937500006 0.4784578578125 0.466602578125 0.5280023109374999 0.46978757812499994 0.5456967578125 0.465010078125
0 0.6596489984375 0.4862434140625 0.6469089968749999 0.4740342453125 0.6306301046875 0.47350341250000005 0.6221367703125 0.48252758125 0.6454934421875 0.5255250874999999 0.6667267781249999 0.5255250874999999 0.6702656671875 0.5186242546875001 0.6688501125 0.5037609187500001 0.6596489984375 0.4862434140625
0 0.6377078843749999 0.46607174375 0.6433701078125 0.45333174375 0.6320456609375 0.4294442390625 0.6193056593749999 0.41458090312499996 0.5987801 0.41245756875 0.5924100984375 0.4230742375 0.6030267671875 0.455985909375 0.6200134375 0.4676642453125 0.6377078843749999 0.46607174375
0 0.5364956453125 0.43422173906249995 0.5357878671875 0.4241359046875 0.5230478656249999 0.4167042375 0.5039378625000001 0.41458090312499996 0.47633452343749993 0.41458090312499996 0.46713341093749994 0.42095090312499994 0.47491896875000006 0.437406740625 0.4812889703125 0.44059174062500006 0.52375564375 0.44059174062500006 0.5364956453125 0.43422173906249995
0 0.7665234609375 0.3922858984375 0.7573223484375 0.381138396875 0.7389201234375 0.3784842296875 0.7134401203125 0.3774225640625 0.6999923390625 0.38326173125 0.7106090078125 0.4034334015625 0.73467345625 0.40449506875 0.7601534609375 0.40502590156249996 0.7665234609375 0.3922858984375
0 0.7813867984375 0.40608756875 0.8089901359375 0.40502590156249996 0.8266845828125 0.399186734375 0.8266845828125 0.3912242328125 0.8174834703125 0.38220006406249996 0.8004968015625 0.3816692296875 0.7799712421875 0.379545896875 0.7686467953125 0.38750839843749996 0.7714779078125 0.3970634 0.7813867984375 0.40608756875
0 0.7792634640625 0.3392025578125 0.7544912375 0.336548390625 0.7424590140625 0.34663422499999996 0.7495367921875 0.3614975609375 0.7955423546875 0.3646825609375 0.8012045796875 0.3561892265625 0.7955423546875 0.3423875578125 0.7792634640625 0.3392025578125
0 0.7155634531249999 0.336548390625 0.7007001171875 0.3328325546875 0.678051225 0.33017838906249997 0.6624801109375 0.33601755624999996 0.6716812234375 0.3572508921875 0.7120245640625 0.36043589374999996 0.7233490109375 0.35565839375 0.72547234375 0.3434492234375 0.7155634531249999 0.336548390625
0 0.8358856953125 0.3402642234375 0.8132368031249999 0.3370792234375 0.8019123562500001 0.3471650578125 0.8089901359375 0.360966728125 0.8415479187500001 0.36521339375 0.851456809375 0.359905059375 0.8486256984375 0.34451089218750003 0.8358856953125 0.3402642234375
0 0.8833068140625 0.33665455624999996 0.8564112546875 0.34461705781249996 0.8549956984374999 0.3531103921875 0.8641968109375 0.36107289374999996 0.8627812546875001 0.361603728125 0.880475703125 0.36372706093749996 0.9229423765625 0.343555390625 0.9158645984374999 0.336123721875 0.8833068140625 0.33665455624999996
0 0.6575256656249999 0.3483328921875 0.6518634421875 0.33506205625 0.6341689953125 0.33081538906249996 0.6030267671875 0.33081538906249996 0.5917023218749999 0.337185390625 0.6079812125 0.354172059375 0.64903233125 0.357357059375 0.6575256656249999 0.3483328921875
0 0.5825012078125 0.3483328921875 0.5775467640625 0.33187705625 0.5591445390625001 0.3244453875 0.5322489781249999 0.3196678859375 0.5152623078125 0.3249762203125 0.513138975 0.33346955624999997 0.5230478656249999 0.34727122499999996 0.5676378734374999 0.3536412265625 0.5825012078125 0.3483328921875
0 0.49332119375000005 0.3812445640625 0.46854896718749994 0.3780595640625 0.4374067390625 0.3812445640625 0.4324522953125 0.39079956562499996 0.443776740625 0.40513206718749994 0.4982756390625 0.40990956875 0.5152623078125 0.4040704 0.5145545296875 0.38708373125 0.49332119375000005 0.3812445640625
0 0.39423228906249996 0.37168956249999996 0.34610339218749997 0.3669120625 0.330532278125 0.3759362296875 0.338317834375 0.3971695671875 0.40909562343749994 0.4067245671875 0.4218356265625 0.3977004 0.417588959375 0.3812445640625 0.39423228906249996 0.37168956249999996
0 0.45156229843749995 0.329753721875 0.454393409375 0.31489038593749996 0.4430689640625 0.30692788437499996 0.4232511828125 0.2994962171875 0.388570065625 0.29312621562499996 0.376537840625 0.3005578828125 0.37441450781249996 0.31170538593749997 0.38432339843749996 0.322322053125 0.43528340625000006 0.3345312234375 0.45156229843749995 0.329753721875
0 0.3213311640625 0.2952495484375 0.310714496875 0.2835712140625 0.28452671406249996 0.27189287812499996 0.2477222640625 0.262337878125 0.2356900390625 0.26286871093749997 0.2264889265625 0.28144788125 0.25338448593749996 0.2952495484375 0.30080560625 0.31223621874999996 0.31566894218749997 0.30905121874999997 0.3213311640625 0.2952495484375
0 0.14440084687500002 0.40990956875 0.1677433609375 0.4279579046875 0.23285892812500003 0.41309456874999995 0.24347559687500003 0.399823734375 0.23073559375000002 0.38549123125 0.1974841890625 0.386022065625 0.1543097359375 0.3982312328125 0.14440084687500002 0.40990956875
0 0.142985290625 0.3653195609375 0.141569734375 0.37699789687499996 0.1543097359375 0.389207065625 0.172004184375 0.39079956562499996 0.2265030828125 0.3732820625 0.2378275296875 0.3600112265625 0.2257953046875 0.343555390625 0.1783741859375 0.35257955937499996 0.1776664078125 0.3536412265625 0.142985290625 0.3653195609375
0 0.2236719703125 0.26286871093749997 0.21942530312500003 0.25225204218749997 0.19252974375 0.23898120625 0.1677575171875 0.233672871875 0.1366152890625 0.230487871875 0.1281219546875 0.24269704062500003 0.13944640156250002 0.25490620937499997 0.1981919671875 0.27401621249999997 0.2137630796875 0.273485378125 0.2236719703125 0.26286871093749997
0 0.1649264046875 0.31064371875 0.12245973125000001 0.3111745515625 0.1026419515625 0.31542122031250003 0.08565528125 0.315952053125 0.0906097265625 0.3462095578125 0.1677575171875 0.34461705781249996 0.1840364078125 0.3355928890625 0.17908196406250002 0.31542122031250003 0.1649264046875 0.31064371875
0 0.08777861406250001 0.31754455312499996 0.1267063984375 0.3111745515625 0.12882973281250001 0.2994962171875 0.1160897296875 0.2888795484375 0.0927330609375 0.28728704843749997 0.0736230578125 0.28622538125 0.04601971875 0.28781788124999996 0.0219552703125 0.2888795484375 0.0205397140625 0.30002705 0.029033048437499997 0.3058662171875 0.0828241703125 0.30905121874999997 0.08777861406250001 0.31754455312499996
0 0.0920252828125 0.21774786875 0.0622986109375 0.2066003671875 0.0226630484375 0.1996995328125 0.0155852703125 0.20766203593750002 0.017000825 0.22942620625000001 0.0828241703125 0.24269704062500003 0.095564171875 0.23898120625 0.10334972812500001 0.227302871875 0.0920252828125 0.21774786875
0 0.21163974687499998 0.1774045296875 0.1981919671875 0.1720961953125 0.18332862968750002 0.171034528125 0.16351085 0.2034153671875 0.172004184375 0.21137786875 0.19889974531250001 0.2193403703125 0.21163974687499998 0.1774045296875
0 0.057344165625 0.1290986875 0.051681942187499996 0.11901285312500001 0.0226630484375 0.11476618593750001 0.016293046875 0.123790353125 0.0233708265625 0.169442028125 0.0382341609375 0.1774045296875 0.053805276562500004 0.1758120296875 0.0594674984375 0.16731869375 0.057344165625 0.1290986875
0 0.4381286734375 0.2750778796875 0.4381286734375 0.26339954374999996 0.42821978281249995 0.23420370625000003 0.414064225 0.2257103703125 0.3984931109375 0.22624120468750003 0.39283088906249997 0.236857871875 0.40344755625 0.2676462125 0.41901867031249995 0.27401621249999997 0.4381286734375 0.2750778796875
0 0.30365087343749997 0.1651953609375 0.30435865156249997 0.150332025 0.298696428125 0.14130785625 0.2668464234375 0.134407021875 0.23995086250000003 0.1333453546875 0.2342886390625 0.141838690625 0.2364119734375 0.151924525 0.28737198125 0.1689111953125 0.30365087343749997 0.1651953609375
0 0.2434897515625 0.237919540625 0.259060865625 0.1975762 0.25056753125000003 0.190675365625 0.2335808609375 0.18536703125 0.2328730828125 0.1858978640625 0.2236719703125 0.1986378671875 0.2137630796875 0.224117871875 0.21942530312500003 0.23208037187500002 0.2434897515625 0.237919540625
0 0.3001119828125 0.23579620625 0.30294309531249997 0.20713120156249998 0.2887875375 0.2007612 0.27038531250000003 0.1986378671875 0.26189197656249996 0.2437587078125 0.26896975625 0.2490670421875 0.29444976093749997 0.2538445421875 0.3001119828125 0.23579620625
0 0.38504533125 0.1864286984375 0.3864608875 0.1715653625 0.37088977343749996 0.1582945265625 0.32134532031249996 0.145023690625 0.3100208734375 0.1614795265625 0.31285198593749997 0.1715653625 0.3744286625 0.190675365625 0.38504533125 0.1864286984375
0 0.46643978906249994 0.2756087125 0.47139423437500005 0.2681770453125 0.46643978906249994 0.24800537500000003 0.45299200937500006 0.230487871875 0.43883645156249995 0.22942620625000001 0.4275120046875 0.22942620625000001 0.4381286734375 0.26180704375 0.44237534062500006 0.273485378125 0.46643978906249994 0.2756087125
0 0.4883809046875 0.22624120468750003 0.4699786796875 0.2225253703125 0.46219312187500006 0.2278337046875 0.4629009 0.23738870625000003 0.481303125 0.26870787812499997 0.5039520171875 0.2681770453125 0.5081986859375001 0.2543753765625 0.4975820171875 0.23420370625000003 0.4883809046875 0.22624120468750003
0 0.5258931328124999 0.2299570390625 0.511737575 0.2251795375 0.5018286843750001 0.2299570390625 0.5053675734375 0.24800537500000003 0.5159842421875 0.26658454374999996 0.5315553562499999 0.2708312109375 0.5421720234375 0.262337878125 0.5393409124999999 0.2458820421875 0.5258931328124999 0.2299570390625
0 0.547834246875 0.265522878125 0.5648209171875 0.2681770453125 0.5704831390625 0.2596837109375 0.5626975828125 0.23898120625 0.550665359375 0.2257103703125 0.5343864671875 0.2257103703125 0.5258931328124999 0.2331420390625 0.5407564687499999 0.2543753765625 0.547834246875 0.265522878125
0 0.6108264796875 0.25862204375000003 0.605872034375 0.24269704062500003 0.5973786999999999 0.2310187046875 0.5853464765624999 0.2246487046875 0.5711909171875 0.2257103703125 0.5669442515625 0.23473453906250002 0.5810998078125 0.2644612109375 0.5931320328125 0.26923871093749996 0.6108264796875 0.25862204375000003
0 0.5414642453125 0.1774045296875 0.5499575812499999 0.1646645265625 0.5485420249999999 0.16094869375 0.5322631328125 0.145023690625 0.5018286843750001 0.1290986875 0.48484201406249994 0.1476778578125 0.5273086890625 0.171034528125 0.5414642453125 0.1774045296875
0 0.5266009109375 0.1715653625 0.5166920203124999 0.1636028609375 0.49404312656249993 0.1545786921875 0.4841342359375 0.16094869375 0.48271868125 0.1699728609375 0.5237697984375 0.190675365625 0.5350942453124999 0.1880211984375 0.5379253578125 0.178466196875 0.5266009109375 0.1715653625
0 0.7495509484375 0.26870787812499997 0.7481353921875 0.25225204218749997 0.733979834375 0.236857871875 0.724778721875 0.22942620625000001 0.7106231640625 0.23261120625 0.7077920515625 0.24216620625 0.7198242765625 0.26658454374999996 0.7318565 0.2703003796875 0.7495509484375 0.26870787812499997
0 0.7481353921875 0.2697695453125 0.76087539375 0.272954546875 0.7743231734375 0.27136204531249997 0.7686609515625 0.2538445421875 0.7594598390625 0.24004287343750003 0.7445965015625 0.23473453906250002 0.7368109453125 0.241104540625 0.7481353921875 0.2538445421875 0.7481353921875 0.2697695453125
0 0.770784284375 0.27454704531249996 0.7891865109375 0.2761395453125 0.801218734375 0.272954546875 0.7976798453125 0.25756037656249997 0.7877709546875 0.2469437078125 0.772199840625 0.23898120625 0.7644142828125 0.24535120781250003 0.7714920625 0.2591528765625 0.770784284375 0.27454704531249996
0 0.5329709109375 0.1333453546875 0.518815353125 0.12962952187500001 0.5152764640624999 0.1354686890625 0.550665359375 0.1667878609375 0.5634053609375 0.1715653625 0.5711909171875 0.1582945265625 0.5534964703125 0.145023690625 0.5329709109375 0.1333453546875
0 0.5343864671875 0.054782009374999996 0.5266009109375 0.06327534375 0.5322631328125 0.0834470140625 0.5527886921875 0.0887553484375 0.5577431374999999 0.08026201250000001 0.5556198046875 0.0611520109375 0.5343864671875 0.054782009374999996
0 0.5577431374999999 0.111581184375 0.558450915625 0.098841184375 0.5513731359375 0.09353285 0.5379253578125 0.0887553484375 0.5287242437499999 0.1030878515625 0.5315553562499999 0.11635868593750001 0.549249803125 0.122197853125 0.5577431374999999 0.111581184375
0 0.5626975828125 0.1529861921875 0.5704831390625 0.1545786921875 0.578268696875 0.1455545234375 0.5775609187499999 0.1370611890625 0.5527886921875 0.123790353125 0.5414642453125 0.122197853125 0.5258931328124999 0.1179511875 0.520230909375 0.1269753546875 0.5322631328125 0.1333453546875 0.5549120265624999 0.145023690625 0.5626975828125 0.1529861921875
0 0.5280164671875001 0.0218703359375 0.518815353125 0.0224011703125 0.521646465625 0.028771171875 0.5166920203124999 0.03726450625 0.5223542421875 0.0500045078125 0.5435875796875 0.0542511765625 0.5450031359375 0.0415111734375 0.5365098015624999 0.027178671874999998 0.5280164671875001 0.0218703359375
0 0.683727603125 0.1805895296875 0.6879742703125 0.1715653625 0.6801887140625 0.16413369375 0.6752342687499999 0.154047859375 0.6476309312499999 0.1423695234375 0.6355987062499999 0.155109525 0.6398453734375 0.16572619375 0.6738187124999999 0.1821820296875 0.683727603125 0.1805895296875
0 0.7453042796875 0.1959837 0.743180946875 0.18695953125 0.7261942765625 0.1774045296875 0.7014220515625 0.1758120296875 0.692928715625 0.1858978640625 0.7000064953125 0.19439120000000001 0.7346876124999999 0.2007612 0.7453042796875 0.1959837
0 0.7891865109375 0.213501203125 0.7700765078125 0.2087237015625 0.7552131703125 0.21562453593750003 0.762998728125 0.2257103703125 0.7955565109375 0.23208037187500002 0.8054654015624999 0.22889537187500003 0.7983876234375 0.216686203125 0.7891865109375 0.213501203125
0 0.8868598593750001 0.2150937015625 0.8826131921875 0.206069534375 0.859256521875 0.20447703437500003 0.8422698515624999 0.2066003671875 0.8337765171875 0.21243953593749998 0.8436854078125 0.223056203125 0.8712887453124999 0.227302871875 0.8819054140624999 0.2246487046875 0.8868598593750001 0.2150937015625
0 0.8033420671875 0.1933295328125 0.7842320640625 0.18536703125 0.7700765078125 0.189082865625 0.7502587265625 0.1959837 0.7587520609375 0.2066003671875 0.79130984375 0.21297036875000003 0.8019265125 0.2087237015625 0.8033420671875 0.1933295328125
0 0.90738541875 0.2150937015625 0.8903987484375 0.2108470359375 0.8811976359375 0.2246487046875 0.8896909703125001 0.2299570390625 0.9109243078124999 0.23208037187500002 0.917294309375 0.2251795375 0.90738541875 0.2150937015625
0 0.9618843171875 0.224117871875 0.9484365359375 0.22093287031250003 0.9307420890625 0.227302871875 0.9371120906250001 0.23579620625 0.956929871875 0.24004287343750003 0.96542320625 0.2310187046875 0.9618843171875 0.224117871875
0 0.9817020984375 0.22942620625000001 0.964715428125 0.2331420390625 0.9682543171875 0.244289540625 0.9958576562499999 0.2511903765625 0.9986887671875 0.241104540625 0.9944421 0.23208037187500002 0.9817020984375 0.22942620625000001
0 0.6242742609375 0.033548673437499996 0.605872034375 0.0293020046875 0.579684253125 0.03248700625 0.587469809375 0.0462886734375 0.6200275921875 0.053720342187500006 0.6313520390625 0.045757840625000004 0.6242742609375 0.033548673437499996
0 0.6207353703125 0.029832839062499998 0.616488703125 0.019747003125000002 0.5952553671875 0.017092835937500002 0.579684253125 0.017623668749999998 0.5718986953125 0.0239936703125 0.5832231421875 0.03248700625 0.5995020328125 0.0282403375 0.6207353703125 0.029832839062499998
0 0.1231533546875 0.0780325140625 0.1089977953125 0.06423084375 0.0757322359375 0.047244175 0.05308334218750001 0.058391676562499994 0.0552066765625 0.07060084531250001 0.1089977953125 0.1024508515625 0.12456890937500001 0.10351251718750001 0.1401400234375 0.093957515625 0.1231533546875 0.0780325140625
0 0.5888712093749999 0.0159250015625 0.6143512140625 0.0169866703125 0.610812325 0.008493334375 0.5874556546874999 0.003715834375 0.5782545421874999 0.005308334374999999 0.5655145390625 0.0010616671875 0.5598523156249999 0.005308334374999999 0.5633912046875 0.0164558359375 0.5754234296875 0.0196408359375 0.5888712093749999 0.0159250015625
0 0.5364956453125 0.000530834375 0.49898341718749994 0.0042466671875 0.5110156421875 0.017517503125 0.5336645343749999 0.022295003125 0.5428656468749999 0.0047775 0.5364956453125 0.000530834375