0 0.5175723375 0.7851207625 0.522165390625 0.8039470968750001 0.5392594484375001 0.82166559375 0.5588297953125 0.8396851312500001 0.5896462359375 0.8788412875 0.610827590625 0.8979325359375 0.63272628125 0.9013454921875 0.655194365625 0.8741725296875 0.6545699093749999 0.8489468890625 0.64156400625 0.822216040625 0.619845934375 0.7993058546875 0.5496488312500001 0.7397218265625 0.53198538125 0.7525892468750001 0.5175723375 0.7851207625
0 0.41257551875000004 0.5090975171875 0.3823224703125 0.512051184375 0.3777861953125 0.5282661937500001 0.3766198796875 0.5615322484374999 0.3767970703125 0.5835754390625 0.377242621875 0.6075281 0.377150596875 0.6380469265625 0.39167891250000003 0.654827890625 0.406566753125 0.653384603125 0.423812184375 0.6444702999999999 0.43273421875 0.6282879718750001 0.4302897484375 0.6039671828125 0.4312461953125 0.5830627921875 0.4306234546875 0.5370669390625 0.4230165375 0.5245057296875 0.41257551875000004 0.5090975171875
0 0.44196414375000004 0.49652941562499997 0.434951578125 0.512443384375 0.4366795703125 0.5420573625 0.43807899843750003 0.57626095 0.44058196250000004 0.614852875 0.4529315921875 0.6403778328125 0.4721157390625 0.6383307390625 0.4893018203125 0.6255304078124999 0.49527019843750003 0.6091141296875 0.4901705328125 0.5832193171875 0.48689088125 0.5564196546875 0.48489452968749996 0.52489620625 0.478660365625 0.5082476984375 0.4695619984375 0.4920017296875 0.44196414375000004 0.49652941562499997
0 0.5658629296875 0.574528628125 0.5591221515625 0.55081164375 0.5556334921875 0.525988540625 0.5498173468750001 0.505386915625 0.54313591875 0.4855559578125 0.5368415468750001 0.475406528125 0.526698134375 0.469043353125 0.5130634890625 0.46901239375000003 0.5026801062499999 0.47826042031249993 0.498739896875 0.5021803968749999 0.49966367187499994 0.5156808609375 0.503301990625 0.534641378125 0.5065523953125 0.554305471875 0.5103403734375 0.5674034 0.5137997859375 0.5850909343749999 0.5203917625 0.6042854015625 0.53011715625 0.61460169375 0.5408876 0.6150351921875 0.553329253125 0.6100413234375 0.5648462765625 0.6019320968749999 0.5680691484375 0.5936904109375 0.5658629296875 0.574528628125
0 0.5643508046875 0.45985724531249994 0.5607692640625 0.4759380765625 0.5650629984375 0.5064895859375 0.5715947671875 0.5321831296874999 0.576395971875 0.5594180125 0.5870451421875 0.5832347703125 0.5985011015625 0.592009725 0.6168199671875 0.5907333 0.628336990625 0.582624071875 0.635021846875 0.56091460625 0.62857953125 0.5358575531249999 0.6205864140624999 0.5032297109375 0.6128014484375 0.4790104140625 0.5977966218749999 0.4519114359375 0.5643508046875 0.45985724531249994
0 0.31544808125 0.6804698515625 0.32138635625 0.6673031109374999 0.320612240625 0.647940059375 0.32132957812499996 0.6322617671875 0.32058556718750003 0.609649175 0.32103454375 0.5920614125 0.31996196875 0.5740384296875 0.3143539734375 0.56184535 0.3048969375 0.5534385265624999 0.2832364984375 0.5551845796875 0.27121200624999997 0.5666104359374999 0.26572099531250004 0.5829596234375 0.262915284375 0.5976332953125 0.260795090625 0.620648425 0.25924172031250003 0.6442329531250001 0.2604630984375 0.66677845625 0.2636541515625 0.6825565203124999 0.26929139375 0.701885165625 0.2807181078125 0.7035245546875 0.293696478125 0.702349625 0.3078988 0.69256488125 0.31544808125 0.6804698515625
0 0.747333121875 0.778143390625 0.7347134171875 0.7714791734374999 0.723884484375 0.7567745421875001 0.702791725 0.7487048890625 0.6876071359375 0.7307180359375 0.67072123125 0.7214080859374999 0.6554764375000001 0.709920309375 0.641006615625 0.7074104796875 0.6311005984375 0.71659141875 0.6233122046874999 0.73391254375 0.6185669218750001 0.7521041140625 0.6318110796874999 0.7839939703125001 0.6485172203125 0.8024160453125001 0.6648956578125 0.8150426218750001 0.688016584375 0.8306159734375 0.7091377328124999 0.8562062984375001 0.7292757578125 0.86441013125 0.7603330234375 0.8775699796875 0.7756990890625 0.8656744953125 0.7832191234375 0.8464439 0.7846228375 0.8287219578125 0.7797915296875 0.8047366140625 0.760131728125 0.7860805875 0.747333121875 0.778143390625
0 0.902338134375 0.637580590625 0.8800506718750001 0.64525631875 0.86179115625 0.6504187734375 0.86340045 0.6722606953125 0.8644429234375 0.6935332171875 0.8763753921875 0.7126261875 0.89287166875 0.7434099265625 0.9075479312500001 0.775098515625 0.919211184375 0.8026671234375 0.9298904578125 0.8232343421874999 0.936517678125 0.7768686359375 0.9504232515625001 0.74765375 0.9659389781250001 0.7298956796875 0.95218735 0.7013224499999999 0.9371825234375001 0.6742234703125 0.921312415625 0.647895159375 0.902338134375 0.637580590625
0 0.8372234515624999 0.45136432656250003 0.8182483140624999 0.4514348640625 0.7870095703125 0.4681573515625 0.7763569718750001 0.4858810171875 0.780860571875 0.5040708640625 0.798252234375 0.5308343953125 0.8128381859375 0.5722715984375 0.8304973499999999 0.6113297046875 0.8483061718749999 0.644525225 0.8562425093750001 0.642111721875 0.8905536093749999 0.6333952421875 0.9106038953125 0.620192371875 0.908549053125 0.574397790625 0.8970346015624999 0.5513517015625 0.8798820515625 0.519362071875 0.8538100390625001 0.47239945156249996 0.8372234515624999 0.45136432656250003
0 0.47338875468749997 0.75822821875 0.45748682812499997 0.755919659375 0.4458502484375 0.7666419343750001 0.43230334375 0.7880176765625 0.4285730015625 0.7995759875 0.44277189375 0.8313316640625 0.4619835734375 0.8571903484375 0.48167261874999995 0.8829819437499999 0.5018089296875 0.9119559875000001 0.52567558125 0.9293717171875 0.54333903125 0.9165042968750001 0.558705953125 0.8942237078125 0.5610050515625 0.8724815578125 0.5457310093750001 0.8538582140625 0.5269665953125 0.8311819796875 0.512587940625 0.8085384281250001 0.4913773390625 0.7823116125 0.47338875468749997 0.75822821875
0 0.33145756249999997 0.8255568421874999 0.351832128125 0.85968989375 0.38542331875 0.8978070234375 0.4230708484375 0.9509315484374999 0.44714908124999997 0.9352154046875001 0.46132301406250004 0.9079099875000001 0.460400953125 0.8736393109374999 0.43408897187499995 0.84228789375 0.40419716250000004 0.8062470953125 0.384687021875 0.7817284812499999 0.3618637 0.775200165625 0.347631275 0.7882344515625 0.335457121875 0.8055228937500001 0.33145756249999997 0.8255568421874999
0 0.7331348296875 0.3342075671875 0.7268679921875 0.35196391562499996 0.7281194734375 0.3712598796875 0.738053021875 0.3899847171875 0.751595640625 0.42053450625 0.7641241765625 0.44733244531249994 0.7833676734374999 0.44917137812499996 0.8098318859375 0.443504890625 0.8197680046875 0.4310744140625 0.8163687968750001 0.4068878015625 0.8059578843749999 0.38823005 0.7937278078125 0.36009204375000003 0.78251181875 0.335705884375 0.7610019 0.3212042453125 0.7331348296875 0.3342075671875
0 0.72702365 0.27340559062500003 0.7378542968749999 0.267340009375 0.739675171875 0.25605005625 0.7335906671875 0.2335389625 0.7101774265625 0.18817582187499998 0.6946935187500001 0.1819141421875 0.6790891984375 0.18865061875 0.6713610109375 0.1994726671875 0.672701946875 0.21940512031249998 0.6782497359375 0.23809727656250002 0.6870496421875 0.255683315625 0.6933732609375001 0.2729683140625 0.710405246875 0.2763902140625 0.72702365 0.27340559062500003
0 0.6311531078125 0.1454487984375 0.6242839765625 0.16584709687500002 0.62586316875 0.19093855625 0.63809495625 0.1983063515625 0.6545938046875001 0.197934775 0.6676917312499999 0.194146796875 0.6767634250000001 0.172101884375 0.6822845390625 0.15250315625 0.68580673125 0.132536296875 0.6844950437499999 0.1197394109375 0.681572346875 0.10587081406250001 0.6700925078125 0.0899984828125 0.6509677109374999 0.0959316046875 0.65043099375 0.092112665625 0.63816653125 0.11914972500000001 0.6311531078125 0.1454487984375
0 0.583090378125 0.12559205 0.575540240625 0.1480721859375 0.567244375 0.168709940625 0.5730906250000001 0.18606202656249998 0.585680225 0.1959757828125 0.60170170625 0.19567129375 0.614680934375 0.184111259375 0.6232451593749999 0.1653829734375 0.628825621875 0.14967027500000002 0.635748734375 0.1331198171875 0.6422839312499999 0.1172729390625 0.6344981078124999 0.10343875 0.6272490015625001 0.0934234984375 0.6032318328125 0.092255459375 0.583090378125 0.12559205
0 0.6219455734375 0.36742376718749997 0.6183373578125 0.3452137140625 0.6140126609375 0.3282968484375 0.606674959375 0.3072600015625 0.6014849828125 0.29111380468750003 0.587312765625 0.297649009375 0.57439374375 0.30270996875 0.5703649390625001 0.31560835 0.576569 0.335506396875 0.5814304109374999 0.3562422015625 0.5919006765625 0.37878598124999996 0.6090859 0.37637075468750003 0.6219455734375 0.36742376718749997
0 0.5152362953125 0.235083803125 0.528452921875 0.23906788125 0.5355549390625 0.22379040312499998 0.5455211624999999 0.20811038750000002 0.5565315703125 0.19293268125000002 0.5629773171875 0.1764493125 0.5619941921875 0.15906281875 0.5485694140625 0.1466701953125 0.5319811125 0.14640528125000002 0.523119284375 0.15608853125 0.514645371875 0.1650682015625 0.5050077140625 0.176158609375 0.49668260468750003 0.18966079687499998 0.49462261874999996 0.2061768484375 0.49169735000000003 0.22346356875 0.4969767796875 0.24024625624999998 0.5152362953125 0.235083803125
0 0.52203385 0.2938421328125 0.5137379859375 0.3144798875 0.5186888515625 0.33585218125 0.52402763125 0.3565208984375 0.530231690625 0.37641894374999996 0.5433580078125 0.3901516390625 0.5577985859375 0.3855259015625 0.5724481703125 0.3789236046875 0.57092833125 0.3577181734375 0.5644559109375 0.33591065625 0.5615048234375 0.3045213875 0.54873631875 0.293334653125 0.53423639375 0.2940743625 0.52203385 0.2938421328125
0 0.451059203125 0.2564354734375 0.46275513124999995 0.249599225 0.47555545625000006 0.2367662109375 0.481672634375 0.22487244999999997 0.488834003125 0.2134810015625 0.49450391875 0.1984047921875 0.5015164828125 0.1824908234375 0.4923880109375 0.1694943921875 0.4787834703125 0.16621389375 0.467804021875 0.16775695468750002 0.45598853593750005 0.17720625 0.4400848984375 0.1956679015625 0.43295277812500005 0.2141949171875 0.427073853125 0.23124768750000002 0.43482957187500004 0.248331415625 0.451059203125 0.2564354734375
0 0.4747659125 0.40433505937499997 0.4895341984375 0.40550482031249996 0.5091062578125001 0.402754146875 0.515432446875 0.3888838265625 0.513077428125 0.365199525 0.5085746859375 0.336624575 0.501982709375 0.31743010781250003 0.49354061250000003 0.302390028125 0.46588255156249997 0.313416790625 0.46432917968750004 0.3370013203125 0.46996384999999996 0.38748528437499996 0.4747659125 0.40433505937499997
0 0.45984796718750004 0.4090278859375 0.45999934218750005 0.3823950875 0.4548411828125 0.3422291421875 0.444102559375 0.3177758921875 0.42673843125 0.3189181390625 0.41053718593750005 0.328334753125 0.41426067343749995 0.3998572859375 0.42246365468749997 0.4201234625 0.444721015625 0.4156972703125 0.45984796718750004 0.4090278859375
0 0.3640218296875 0.3575892140625 0.3639581953125 0.4056287140625 0.3661936578125 0.431926065625 0.373830678125 0.4412377375 0.388062246875 0.43858855781250006 0.40289073750000004 0.4332592421875 0.4087989078125 0.42334204218749993 0.40847205625000005 0.4071614375 0.4044165765625 0.3817689359375 0.40749064687500003 0.3690047328125 0.40268858593749995 0.35215495625000004 0.3904869 0.34153762187500003 0.3747036734375 0.3470011171875 0.3640218296875 0.3575892140625
0 0.313845765625 0.27766674999999996 0.32016938437500003 0.294951746875 0.336638128125 0.2978297078125 0.35704622656249996 0.2871727984375 0.3753358453125 0.27876080625 0.393416453125 0.272325371875 0.40224903593750005 0.25550655624999996 0.39926699062500004 0.23775193125 0.39139171250000004 0.2232812515625 0.3826804015625 0.2167168078125 0.34031340781249997 0.23045983906249998 0.3304366390625 0.24677634531249998 0.31709960000000004 0.2557904203125 0.313845765625 0.27766674999999996
0 0.34647879375 0.3574584828125 0.3365435328125 0.359503853125 0.32135723125000004 0.362287209375 0.3129719125 0.382288475 0.31004492968749997 0.42034540781249996 0.3104904796875 0.4442980671875 0.3153226453125 0.4578983046875 0.3314636828125 0.45498076875000004 0.3469785515625 0.44760780312500004 0.3565560015625 0.44301647187500004 0.3570643296875 0.4293147390625 0.35608120625 0.41192824687499996 0.3567391921875 0.3923639234375 0.3577248875 0.37859509999999996 0.3553690125 0.3652959046875 0.34647879375 0.3574584828125
0 0.2665537234375 0.31871347656250004 0.276966353125 0.316601015625 0.290154590625 0.303064421875 0.291707103125 0.289864996875 0.28630811875 0.2756953578125 0.2798047390625 0.2675224875 0.269272553125 0.2722479984375 0.25650319062500004 0.27144636875 0.24203251093749997 0.2793216453125 0.234960596875 0.2913495828125 0.2243088546875 0.29868814375 0.2188780515625 0.308538253125 0.22051745 0.3271306359375 0.229825684375 0.33101494374999996 0.2398503984375 0.3296060609375 0.2519041390625 0.3253157734375 0.2665537234375 0.31871347656250004
0 0.3032413734375 0.43428281562500004 0.306317159375 0.40074840156249997 0.309003315625 0.3886877796875 0.30578215625 0.376159253125 0.3009198875 0.365808553125 0.28692743125 0.3632316328125 0.2750827 0.36554536249999997 0.262700396875 0.3744252609375 0.25950676875 0.38980251093749996 0.25544871874999997 0.395565325 0.25046260781249996 0.439753203125 0.2515945328125 0.4616622140625 0.2566357078125 0.47328589374999996 0.26334809843749996 0.47948220625 0.27501392343750003 0.47589549687500005 0.2931839859375 0.470096553125 0.301389540625 0.45920741249999997 0.304940978125 0.44637612187500003 0.3032413734375 0.43428281562500004
0 0.25355967343749997 0.415860853125 0.2498017984375 0.3995133875 0.240442178125 0.38923655625000003 0.2212500671875 0.39379014843750004 0.21050887343750002 0.4004922171875 0.2060921546875 0.41409417812499993 0.202004 0.4231065296875 0.1983321484375 0.4489359765625 0.19859879375 0.47161565781250003 0.2071303421875 0.487292228125 0.21799023593750003 0.48836221562500004 0.23368400781249998 0.4822622296875 0.244425203125 0.4755601609375 0.25084084375 0.46232633281249996 0.24723177187499998 0.45050138281249996 0.25167859375 0.433649884375 0.25355967343749997 0.415860853125
0 0.19741951875 0.3004291390625 0.1849486171875 0.298287440625 0.155590096875 0.3076060046875 0.14944281406249998 0.322749303125 0.13929854375 0.3267712328125 0.1325844390625 0.3413451328125 0.1282270703125 0.358833121875 0.1346711 0.36311996406249997 0.1416518484375 0.371225746875 0.153795040625 0.3675719484375 0.168086815625 0.35842369218750003 0.1824078359375 0.35641100312499996 0.1974453359375 0.349105128125 0.20660562656249998 0.3380818109375 0.20953089375 0.320795090625 0.20756293124999997 0.3067923125 0.19741951875 0.3004291390625
0 0.1858930671875 0.422774528125 0.17673449218749998 0.4130276359375 0.1628013859375 0.41433674375 0.1473458671875 0.4255957375 0.14215331874999998 0.4406048578125 0.13609634531249998 0.445999540625 0.13352803124999998 0.476217325 0.1361221625 0.49467552968749995 0.145429540625 0.508944940625 0.171684746875 0.5052550124999999 0.17559399375 0.4949696796875 0.1859472734375 0.48897119062499994 0.1797724578125 0.4762087109375 0.18183244375000002 0.45969265937500003 0.1839818828125 0.44381309687500003 0.1894720359375 0.4378490140625 0.1858930671875 0.422774528125
0 0.257334796875 0.5847353656250001 0.25157799999999997 0.5680197671875 0.23886884218749999 0.5607190609375 0.22902303281249997 0.5634009234375 0.20798876718749998 0.5696024046875 0.1978402125 0.6255498625 0.19783763906250001 0.656705178125 0.19977378437499999 0.6947277046875 0.206306409375 0.7100361421875 0.21740455781249998 0.7162651375 0.23193458749999998 0.712275890625 0.24536108125 0.7038983046875 0.2540741046875 0.6896925375 0.25720838281249997 0.670429259375 0.2546142515625 0.651971053125 0.2555122078125 0.6167955296875001 0.26022653125 0.6122386046875 0.26180915 0.59578964375 0.257334796875 0.5847353656250001
0 0.3565527890625 0.9374071234375 0.3600749796875 0.9174402640625001 0.3653561234375 0.9134527406249999 0.3591520640625 0.8935546921874999 0.346860925 0.88230086875 0.329439159375 0.8587868750000001 0.3019049421875 0.8152750624999999 0.27450202031250004 0.80040735625 0.26347815625000004 0.8050981171875 0.24960354218749997 0.8206783609375 0.2415467890625 0.8360900171875001 0.23775709687500002 0.843762303125 0.2419923390625 0.8600426796875 0.257683540625 0.8850980093749999 0.27224110156250003 0.9090145406250001 0.29052815 0.9317578640624999 0.30430988124999997 0.9570815546875 0.31707838593750004 0.968268290625 0.3284156484375 0.9692711875000001 0.3439907203125 0.9553991453125 0.3565527890625 0.9374071234375
0 0.23790161406250002 0.900210346875 0.22340254375000002 0.8905649500000001 0.21006807656249998 0.8684237093749999 0.1963456921875 0.8469860484374999 0.1796989 0.8324500015625 0.15869559375 0.8250168390624999 0.1492669453125 0.8341306890625001 0.1281716140625 0.8572163515625 0.1236052375 0.8766809015625 0.1243501046875 0.8889083859375001 0.1345520109375 0.9095426953124999 0.14839395 0.9283673078125 0.161996775 0.9524180187500001 0.1826405578125 0.9780754328124999 0.1848484890625 0.97646700625 0.1989587859375 0.9972010859375 0.215577190625 0.9942164609375 0.23837298125 0.972838996875 0.2478626921875 0.946840965625 0.25096772343749996 0.9204421187499999 0.23790161406250002 0.900210346875
0 0.0668402140625 1 0.07022845625 0.9847870609375 0.072944715625 0.9694769000000001 0.0670683625 0.9553743515625 0.06477440625 0.9148058671875001 0.06728251406249999 0.8910871578125 0.0699987734375 0.8757769984375001 0.063608325 0.8585013921875 0.057738596875000006 0.850888528125 0.0439431078125 0.847634865625 0.06554691875 1 0.0668402140625 1
0 0.0098736296875 0.6038324359375 0.0240966265625 0.7050343140625001 0.03137755 0.6910298140625 0.0261273671875 0.6813826953125 0.048925728125 0.628849915625 0.0579664609375 0.620439646875 0.0557000375 0.6077769390625 0.0557309984375 0.5941422953125 0.03198304375 0.584498621875 0.014648160937499998 0.5927764343749999 0.0098736296875 0.6038324359375
0 0.0875261734375 0.45807005 0.07630846875 0.45445410312499995 0.061957343750000005 0.45971633125 0.051454406249999994 0.4715774078125 0.04283083125 0.4864196640625 0.036176078125 0.5048795921875 0.0332207078125 0.52541585 0.0310110625 0.5477944890625001 0.030174170312499998 0.56608583125 0.0434200421875 0.5772054765625 0.059979096875000006 0.5703348218750001 0.0757330765625 0.5577357593750001 0.0766000734375 0.536194878125 0.0827774578125 0.5178020421875 0.087552846875 0.496360934375 0.0907172265625 0.47384811562499995 0.0875261734375 0.45807005
0 0.11297715625 0.438266609375 0.1043836875 0.4498593265625 0.0969539625 0.4593413078125 0.0904179078125 0.485573290625 0.08978916718749999 0.512273178125 0.098261365625 0.5240637218749999 0.11207491562500001 0.5253676609375 0.1277987921875 0.5160181374999999 0.1366012703125 0.5024488593750001 0.1333207625 0.486034303125 0.13973983437499998 0.4312600515625 0.1282236671875 0.4289841734375 0.11297715625 0.438266609375
0 0 0.4670855078125 0.005747553125000001 0.4650198546875 0.0147882875 0.4566095859375 0.02442594375 0.4455191765625 0.027918029687500002 0.4288018578125 0.037108423437499996 0.41452900000000004 0.043911979687500005 0.4005915921875 0.0340377828125 0.38575278125 0.022521617187500002 0.383476903125 0.0099010578125 0.38719779062500004 0 0.39950162499999997 0 0.4670855078125
0 0.024789754687500002 0.3753693984375 0.0401549609375 0.37385901875 0.0555803765625 0.365849565625 0.0658158140625 0.3416939140625 0.0718443984375 0.31877855624999996 0.06044864531250001 0.3035045234375 0.0454412484375 0.30756086250000003 0.035714140625 0.3180147796875 0.029090346875 0.32284006249999997 0.021123046875000002 0.33888820937499997 0.0187344953125 0.35999386875 0.024789754687500002 0.3753693984375
0 0.1272275828125 0.2071451078125 0.1167246421875 0.21900618437500002 0.1143360921875 0.2401118421875 0.12200235781249999 0.2565590828125 0.13014684999999998 0.2625541265625 0.1446175296875 0.25467885 0.1530320921875 0.2418131515625 0.14951247343750002 0.23062469375 0.1601057234375 0.2090150015625 0.1499330625 0.195516259375 0.136268315625 0.1987348390625 0.1272275828125 0.2071451078125
0 0.0940165921875 0.26179034843750004 0.096702746875 0.24972972499999999 0.0890657265625 0.24041805468750002 0.075938553125 0.237070465625 0.064033615625 0.245883271875 0.055530456250000006 0.24772737500000003 0.0483097390625 0.255232796875 0.041386624999999996 0.2717832546875 0.03953565 0.286322746875 0.047619934375 0.2988168671875 0.0589571953125 0.299819765625 0.0684451921875 0.2945919453125 0.0779925390625 0.29325015468750004 0.0842585203125 0.2858789109375 0.08261826875 0.2776716328125 0.0872138921875 0.26534265156250003 0.0940165921875 0.26179034843750004
0 0.0741219640625 0.196434890625 0.07662664375 0.21425660624999998 0.08530785156250001 0.22407058750000003 0.093602003125 0.22420304375 0.10872895625000001 0.2175336578125 0.11296676875 0.2026587171875 0.1195922765625 0.1770632234375 0.10861368593750001 0.1682211796875 0.094739928125 0.17341631562499998 0.08292444375 0.1828656140625 0.0741219640625 0.196434890625
0 0.13871535937499999 0.1919003125 0.14733721875 0.197828265625 0.162643075 0.19243185937500001 0.1716545625 0.176886025 0.174072359375 0.16291593124999998 0.1773846859375 0.1553107375 0.1674210359375 0.1398354359375 0.1490720671875 0.1443614 0.1374354890625 0.1550836765625 0.134718371875 0.18077894375 0.13871535937499999 0.1919003125
0 0.11105986875 0.171771759375 0.12299405468749999 0.17009451874999998 0.12770923437499998 0.1551524890625 0.1347218 0.13923852187500002 0.131023275 0.126777084375 0.1201040328125 0.12182106875000001 0.10103858437499999 0.13164021875 0.0915497296875 0.1472531453125 0.0932192296875 0.16259599062500002 0.0993346953125 0.171472440625 0.11105986875 0.171771759375
0 0.1437094078125 0.11659530781250001 0.144367396875 0.09703098593750001 0.12387413124999999 0.05512587812500001 0.11331184218749998 0.0631009265625 0.105075328125 0.087624709375 0.1108906171875 0.1186114421875 0.1180502703125 0.127990203125 0.1352053921875 0.128824515625 0.1437094078125 0.11659530781250001
0 0 0.1987137140625 0.0097429453125 0.1990311 0.01517460625 0.1787958828125 0.005479315625 0.16523005156249998 0 0.1651171375 0 0.1987137140625