0 0.8890625 0.709375 0.0484375 0.09765625
0 0.86796875 0.59765625 0.05625 0.10703125
0 0.84765625 0.4828125 0.04296875 0.08203125
0 0.82265625 0.35234375 0.03984375 0.0796875
0 0.7953125 0.26015625 0.04609375 0.0859375
0 0.7578125 0.25546875 0.05078125 0.08046875
0 0.69921875 0.2875 0.05078125 0.07578125
0 0.653125 0.2953125 0.05078125 0.0703125
0 0.57890625 0.33046875 0.0609375 0.05078125
0 0.6953125 0.5703125 0.040625 0.09609375
0 0.734375 0.56875 0.0390625 0.08203125
0 0.509375 0.3546875 0.0453125 0.04296875
0 0.45 0.37734375 0.04765625 0.046875
0 0.4640625 0.4765625 0.0296875 0.0703125
0 0.50234375 0.46953125 0.0265625 0.06640625
0 0.53828125 0.459375 0.0296875 0.078125
0 0.56875 0.45390625 0.0265625 0.0765625
0 0.60234375 0.44609375 0.034375 0.07421875
0 0.634375 0.4359375 0.03515625 0.08203125
0 0.66875 0.43359375 0.034375 0.078125
0 0.7078125 0.42421875 0.0359375 0.08203125
0 0.77734375 0.72578125 0.0765625 0.08984375
0 0.71953125 0.73359375 0.0640625 0.0796875
0 0.671875 0.7359375 0.0640625 0.08828125
0 0.625 0.73671875 0.0625 0.08359375
0 0.57734375 0.746875 0.059375 0.08203125
0 0.5171875 0.74765625 0.05859375 0.07578125
0 0.52421875 0.60859375 0.0359375 0.084375
0 0.55625 0.603125 0.03828125 0.09140625
0 0.6046875 0.65859375 0.05625 0.04453125
0 0.61875 0.584375 0.0375 0.08046875
0 0.65 0.58125 0.03984375 0.0875
0 0.43671875 0.4859375 0.021875 0.0640625
0 0.403125 0.50703125 0.02890625 0.078125
0 0.39609375 0.5984375 0.034375 0.08671875
0 0.44453125 0.75390625 0.0390625 0.08828125
0 0.4125 0.7609375 0.03984375 0.08984375
0 0.375 0.7640625 0.04140625 0.08828125
0 0.3390625 0.8109375 0.03671875 0.0859375
0 0.31171875 0.86171875 0.02890625 0.09375
0 0.29921875 0.68203125 0.04921875 0.08125
0 0.32734375 0.5546875 0.034375 0.07265625
0 0.2671875 0.76875 0.04296875 0.084375
0 0.2375 0.8671875 0.0359375 0.065625
0 0.1625 0.88203125 0.05703125 0.03203125
0 0.21015625 0.75546875 0.046875 0.04453125
0 0.228125 0.71328125 0.05078125 0.04375
0 0.24140625 0.66953125 0.05390625 0.04140625
0 0.265625 0.55 0.0453125 0.03671875
0 0.26640625 0.51640625 0.046875 0.03671875
0 0.2609375 0.4828125 0.0453125 0.04140625
0 0.18671875 0.60390625 0.04609375 0.07421875
0 0.16640625 0.675 0.0375 0.06015625
0 0.096875 0.8296875 0.053125 0.0765625
0 0.26328125 0.44921875 0.0421875 0.03515625
0 0.2640625 0.4203125 0.04609375 0.03828125
0 0.2625 0.38125 0.04453125 0.03671875
0 0.3515625 0.43046875 0.02890625 0.06328125
0 0.35859375 0.35625 0.0234375 0.05859375
0 0.40625 0.25703125 0.021875 0.0578125
0 0.3609375 0.28984375 0.025 0.05625
0 0.41015625 0.19140625 0.02421875 0.0515625
0 0.36640625 0.2140625 0.0234375 0.0578125
0 0.36796875 0.1578125 0.02421875 0.04453125
0 0.36953125 0.096875 0.02578125 0.06796875
0 0.26640625 0.24296875 0.03828125 0.034375
0 0.271875 0.21875 0.040625 0.03203125
0 0.27734375 0.18984375 0.03828125 0.03359375
0 0.23203125 0.10390625 0.0234375 0.0484375
0 0.23984375 0.0640625 0.0234375 0.0359375
0 0.24921875 0.01640625 0.0203125 0.0328125
0 0.21640625 0.18671875 0.02265625 0.0484375
0 0.203125 0.24453125 0.0265625 0.04921875
0 0.1796875 0.3 0.0359375 0.05
0 0.1890625 0.45 0.0328125 0.05234375
0 0.16875 0.44375 0.04140625 0.06015625
0 0.165625 0.41484375 0.03828125 0.053125
0 0.15078125 0.4078125 0.03515625 0.0546875
0 0.1203125 0.40859375 0.03125 0.0265625
0 0.0859375 0.40390625 0.0328125 0.028125
0 0.05078125 0.41328125 0.03203125 0.03125
0 0.0515625 0.34140625 0.02421875 0.0484375
0 0.02109375 0.35546875 0.01953125 0.053125
0 0.03515625 0.34765625 0.0171875 0.04296875
0 0.01796875 0.42265625 0.0359375 0.04453125