0 0.4826938765625 0.78513704375 0.484958340625 0.804382803125 0.4997656390625 0.8240524703125001 0.5169940828125 0.84432271875 0.5428088875 0.8869425906249999 0.5615057218749999 0.9084728921874999 0.5828252484374999 0.9145291875 0.608437409375 0.8902969390625 0.610891840625 0.865183225 0.6012405515625 0.837066603125 0.5824764124999999 0.81168041875 0.5200640140624999 0.743985646875 0.50096408125 0.7546045218749999 0.4826938765625 0.78513704375
0 0.41211845937499997 0.4983753421875 0.3817309515625 0.49762007343750003 0.3752523765625 0.513161384375 0.3700406421875 0.5460373421875 0.3675301234375 0.5679378203125001 0.3650532578125 0.5917662406249999 0.36124260937499997 0.6220463703125 0.3736175484375 0.64047280625 0.38857030937500003 0.6408546484375 0.40677357656249996 0.63410848125 0.4176012359375 0.619134096875 0.4181389453125 0.594696684375 0.42163586875 0.5740646734375 0.426623253125 0.5283357750000001 0.42060386406249994 0.51494114375 0.41211845937499997 0.4983753421875
0 0.4428196921875 0.48948249375 0.433919971875 0.504423225 0.4320260484375 0.5340270546875 0.429246675 0.568146240625 0.4270278109375 0.6067555421875 0.436174678125 0.6335952828125 0.4554653078125 0.63390140625 0.47408325468749996 0.62329094375 0.4820077859375 0.6077243906249999 0.480101915625 0.5814011015625 0.4801127671875 0.5544015109375 0.4819730390625 0.522869740625 0.47781428750000005 0.505585575 0.47076362187500004 0.4883518875 0.4428196921875 0.48948249375
0 0.55628924375 0.581999775 0.5524890828125 0.557638078125 0.552051603125 0.53257484375 0.548789515625 0.5114179703125 0.5445746765624999 0.4909205671875 0.5395641265625 0.48007969843750004 0.5302717968749999 0.47252778281249996 0.5167425546875 0.47083540937499996 0.5053095187500001 0.47874908749999995 0.49848356562499996 0.5020105765625 0.4977551625 0.515522990625 0.49905565625000003 0.5347855781249999 0.4998853828125 0.5546992234375 0.502048890625 0.568161159375 0.5033269484375 0.58613845 0.5075305718750001 0.6059932046875 0.5159262359375 0.617417828125 0.526563565625 0.61916068125 0.53952108125 0.61572029375 0.5519405234375 0.6090750828125 0.5561437828125 0.6012876 0.55628924375 0.581999775
0 0.568763315625 0.467998853125 0.563248709375 0.483523340625 0.563787146875 0.5143703984375 0.5671389734375001 0.54066845 0.56858529375 0.568285446875 0.5762525546874999 0.5932224859375 0.586553725 0.6033281640625 0.6048916015625 0.6042937609375 0.61731104375 0.59764855 0.626591790625 0.57691558125 0.6232511828125 0.5512601796875 0.619293978125 0.5179014234375 0.6145186296875 0.49291390625 0.6029281828124999 0.464188290625 0.568763315625 0.467998853125
0 0.29482996093749997 0.6566334359375 0.3023285953125 0.64428853125 0.3039200125 0.6249754671875001 0.30654270625 0.6095014609375 0.308560021875 0.5869667484375001 0.3111490625 0.5695647984375001 0.3122809296875 0.5515454421875 0.3082007 0.5387598046875001 0.2998386875 0.529263121875 0.2781269125 0.528356415625 0.2647995875 0.5382316890625 0.257357040625 0.5537898265625001 0.25278397343750003 0.56801219375 0.24787474375000002 0.590597384375 0.2434587203125 0.6138168078125 0.24192338906250002 0.636343109375 0.2431677953125 0.6523924578125 0.2464074484375 0.6722640390625 0.257549196875 0.6752837734375 0.2705740171875 0.6756992671875001 0.2858629375 0.667718284375 0.29482996093749997 0.6566334359375
0 0.7115923859375 0.8062124765625001 0.699878909375 0.7980599796875001 0.6909227390625 0.7821452390625 0.6709706453125001 0.771565175 0.6580912859375 0.75186185625 0.6424658437499999 0.740563428125 0.6287346890625 0.72730340625 0.61467859375 0.7230488578125 0.603727540625 0.730954121875 0.5938862859375 0.7471969734374999 0.586959378125 0.764674640625 0.5962184203125 0.7979408515624999 0.6105549515625001 0.818261578125 0.6252725125 0.8327900671874999 0.6463231859375 0.85106506875 0.6641682234374999 0.87903866875 0.6831563468749999 0.889635559375 0.7123783343750001 0.9064822453125 0.729079559375 0.8965480796874999 0.7388871609375001 0.8783772890625 0.742440171875 0.8609585125000001 0.7405679546874999 0.8365631640625001 0.7233282921875 0.8156502703124999 0.7115923859375 0.8062124765625001
0 0.8825723109375 0.6855877687499999 0.8595155390624999 0.6904901265625 0.8407629828125 0.693388825 0.8396984203125 0.7152640640625 0.8381406546875001 0.7365050703125 0.8476573343749999 0.7569099265625 0.8602790546874999 0.7894745984375 0.8709840546875001 0.8227155703125 0.8792006046875 0.8515000796875001 0.8872937625 0.8732154703124999 0.8995221421874999 0.8280030234375 0.916884465625 0.8007005625 0.9344487031250001 0.78496575 0.924281778125 0.7549295984375 0.9126913312499999 0.7262039828125 0.9001481312499999 0.6981378390625 0.8825723109375 0.6855877687499999
0 0.8406370375 0.49282405 0.8217947390625 0.49058157500000005 0.7887508875 0.5033723703125 0.7760177203125 0.5196657 0.7782709671875 0.5382688140624999 0.7922713390625 0.5669523640625 0.8016986453125 0.60985828125 0.8144661937500001 0.6507773640625001 0.8280967562500001 0.6858958 0.8362680703125 0.6844674828125 0.8713856921875 0.6799974468750001 0.8928955500000001 0.669336503125 0.8964369812499999 0.6236328453125 0.8878169671875 0.5993552796875 0.8746908250000001 0.5655137265625 0.8545364531249999 0.5157237796875 0.8406370375 0.49282405
0 0.44211700625 0.7530603296875 0.4266149546875 0.7488310203124999 0.41375839531249997 0.75805523125 0.39770741875 0.7776206890624999 0.392596278125 0.78863823125 0.402819290625 0.8218876171874999 0.4187363890625 0.8498948687500001 0.4351354703125 0.8778937078125001 0.451590640625 0.9091057828125001 0.4731569515625 0.9293003125 0.49225688281249996 0.9186814359375 0.510224584375 0.8984396796875 0.5151562453125 0.87713978125 0.5022656703124999 0.8567938171874999 0.4864046609375 0.8319998 0.47489273593750003 0.8077727140625001 0.45703647968750005 0.7791564671875 0.44211700625 0.7530603296875
0 0.293038453125 0.8025900343749999 0.309101378125 0.8389516984375 0.337796875 0.8808784453125 0.36868953437499996 0.93819506875 0.3945036078125 0.9255304687500001 0.41189958437499996 0.9001559484375001 0.41516094218750005 0.86602835 0.39286586093750003 0.8317039984375001 0.3675891296875 0.7922889468750001 0.3512124828125 0.7655754031249999 0.3293548828125 0.7563142859374999 0.313640065625 0.7675169187499999 0.299449725 0.783192840625 0.293038453125 0.8025900343749999
0 0.7516020937500001 0.3638553484375 0.7432180125000001 0.38071560625 0.7421085796875 0.400020259375 0.7496861 0.41981612031250004 0.75940469375 0.451788625 0.7685739953125 0.4799136609375 0.7874499453125 0.4840840796875 0.81440746875 0.48168500468750003 0.8257844171875 0.4705580921875 0.8253581546875 0.446137503125 0.8172986515625 0.426350053125 0.808588896875 0.3969313109375 0.8004284343749999 0.3713600375 0.7808461531249999 0.3543450921875 0.7516020937500001 0.3638553484375
0 0.7529463625 0.3027618140625 0.7644354875 0.29806136875 0.7676186890625 0.287077478125 0.7643229484375 0.26399266250000003 0.7466126046875 0.216114296875 0.7320072171875001 0.208012278125 0.7156982390625 0.21279685312500002 0.7067087796875 0.22259640625000002 0.705610565625 0.2425437046875 0.708839003125 0.2617726375 0.715430115625 0.28030003125 0.7196000875 0.2982268453125 0.7360880953125 0.30369891718750003 0.7529463625 0.3027618140625
0 0.6733844343750001 0.1640751125 0.664080578125 0.183484228125 0.6625901203125 0.208581115625 0.6738328234375001 0.21738467187500002 0.6902539765625 0.21902656875 0.7037159125 0.21686306093750002 0.7154065859375 0.1960880296875 0.7232750296875 0.17730824218750002 0.729204315625 0.15791945937500002 0.7294619531250001 0.14505810624999999 0.7282511984375 0.130936696875 0.7187912812499999 0.11378363437500001 0.6990859703125001 0.11734180624999999 0.6990186656249999 0.1134859234375 0.6835506312499999 0.13882678906249998 0.6733844343750001 0.1640751125
0 0.6280998859375 0.138509 0.6178663875 0.1599014421875 0.607117246875 0.17937435468750001 0.6108052328125 0.19730957968750001 0.622092809375 0.208683725 0.6380319765625 0.21033403437499998 0.6523232734375 0.2004419375 0.663106065625 0.182896965625 0.670559828125 0.1679814734375 0.6794483296875 0.15239809531249998 0.6878660640625001 0.1374657765625 0.6818242390625 0.12278585312500001 0.67584971875 0.111961809375 0.6521539171875 0.1078755203125 0.6280998859375 0.138509
0 0.6371935875 0.38327339843749997 0.6363189921875 0.3607891640625 0.6340881781250001 0.3434713453125 0.6293689171875 0.3216970640625 0.626185353125 0.30503871875 0.61132233125 0.30979805312500003 0.5978828296875001 0.3132468546875 0.5923121375 0.32555810625000003 0.59604499375 0.346063921875 0.598343109375 0.36723762187500003 0.6059879359375 0.3908893671875 0.6233394046875 0.3905864953125 0.6371935875 0.38327339843749997
0 0.5474078890625 0.23891528437499998 0.5600404640625001 0.24448036874999998 0.5689514 0.23018228437500002 0.58075425 0.215833721875 0.5935322859375 0.20211098125000002 0.601938803125 0.186536015625 0.6030818859375 0.1691593046875 0.59126745625 0.15522298437499998 0.5748350875 0.152938440625 0.5648592203125 0.1614695265625 0.555354125 0.1693495546875 0.544436725 0.17918276093750002 0.534528165625 0.1915697296875 0.5304707343749999 0.2077116234375 0.52546055 0.224512990625 0.5286553328125 0.24181398281250002 0.5474078890625 0.23891528437499998
0 0.5469939375 0.298064053125 0.5362448 0.317536965625 0.538554134375 0.3393533125 0.5413342375 0.36051860156250004 0.545067090625 0.3810244140625 0.5564219718750001 0.39625444375 0.571318646875 0.39342305 0.586663653125 0.3886553015625 0.587739434375 0.367422709375 0.5839729265625 0.344988953125 0.5848692265625 0.3134740078125 0.5735592171875 0.30081456875 0.5590772234375 0.2997816671875 0.5469939375 0.298064053125
0 0.48110704843749996 0.252286584375 0.4935489265625 0.24692666718749998 0.507817790625 0.235749275 0.5153388578125 0.224689665625 0.5238351156250001 0.214255878125 0.5313000953125 0.19998303281250002 0.5401998140625001 0.18504230156249998 0.5327232515625 0.1710302625 0.5196199078125 0.1661162390625 0.508534246875 0.16630974062499998 0.495655253125 0.1742486578125 0.47762025 0.1906345328125 0.46828341562500003 0.20815426406249998 0.4603701015625 0.2243634640625 0.46598602656250004 0.2422650375 0.48110704843749996 0.252286584375
0 0.4866126265625 0.40197287031249995 0.5011282734375 0.4049337125 0.5208896703125 0.40458877656250003 0.528859071875 0.3915928109375 0.5294079968750001 0.3677980453125 0.5284212265625 0.33888734062500003 0.524217603125 0.3190325875 0.5176713578125 0.30307578125 0.48887563125 0.3106496828125 0.48445960781249997 0.3338691078125 0.4838998296875 0.384663465625 0.4866126265625 0.40197287031249995
0 0.47123396562500003 0.4048126765625 0.47462993437499995 0.37839684375 0.47440522031250004 0.337901665625 0.4667267421875 0.312321978125 0.4493528390625 0.31133955625 0.432124759375 0.3187115453125 0.42710408749999995 0.3901547390625 0.4327761 0.411269546875 0.455406975 0.4095888375 0.47123396562500003 0.4048126765625
0 0.3823909 0.3420791515625 0.376473196875 0.3897528171875 0.37548715625 0.4161265875 0.3819324421875 0.42629956875 0.39638078593750004 0.4254045296875 0.411748228125 0.421922075 0.4188209625 0.41279882187499994 0.42046846718750003 0.39669899062499997 0.41953778281250004 0.37100152343750004 0.4241445046875 0.358707096875 0.421431709375 0.3413976921875 0.4106149 0.32937248750000003 0.3942834875 0.3328717671875 0.3823909 0.3420791515625
0 0.3423289390625 0.25663749375 0.346498909375 0.27456430625 0.3624941625 0.2794278515625 0.38404889375 0.2713374984375 0.40322734843749997 0.26521715156250003 0.42195746874999995 0.26103315781249997 0.4327739109375 0.24541612812500002 0.43197783906250004 0.22743042343750003 0.42592479531249994 0.21210785156249998 0.41807842031250003 0.20453069531249998 0.37435236875 0.2130080515625 0.36256073906249997 0.22799926093749998 0.348224571875 0.23532077031249998 0.3423289390625 0.25663749375
0 0.364994559375 0.3398114359375 0.3548840859375 0.34063075625 0.3394717734375 0.34154262343749997 0.32871141718749997 0.3603728890625 0.321168278125 0.397789440625 0.3186914125 0.42161785937499996 0.3218301078125 0.43570561718749995 0.338206390625 0.434776925 0.3545041515625 0.42934970312500004 0.36456975625 0.42595979218749996 0.366744115625 0.4124221390625 0.3678872015625 0.39504543124999997 0.370924575 0.3757071265625 0.3735809203125 0.362161059375 0.37286336875 0.348673884375 0.364994559375 0.3398114359375
0 0.290387065625 0.2916148140625 0.30097952499999997 0.2907870796875 0.31571915625 0.27895862656250003 0.31886870156249997 0.26604679375 0.31523680625 0.2513248015625 0.309777921875 0.24242028906250002 0.29874834843750003 0.245827025 0.2861718609375 0.2434751765625 0.27084928750000004 0.24952821875 0.2623642484375 0.26060465312500003 0.25089755937499997 0.2665903921875 0.244306809375 0.2757052328125 0.243668146875 0.2943588234375 0.2524336203125 0.299348565625 0.2625553109375 0.299171890625 0.275042059375 0.2963825625 0.290387065625 0.2916148140625
0 0.31271689375 0.4107938171875 0.31985656875 0.3778842078125 0.323992521875 0.36624084218749997 0.3223222171875 0.35341314218750003 0.31875762343749997 0.3425470328125 0.3051835140625 0.33828406875 0.29314509843750003 0.33913704375 0.27977290312499997 0.34644172812499996 0.274729065625 0.361315153125 0.2699989515625 0.3665404609375 0.259664859375 0.409791315625 0.258118309375 0.4316749671875 0.26170533906250004 0.4438263703125 0.26761255625 0.45079453125 0.279628534375 0.4486562625 0.298369875 0.44511491718749996 0.30784131875 0.4353069484375 0.312930025 0.42300411093749996 0.31271689375 0.4107938171875
0 0.2656505859375 0.3864544921875 0.263912975 0.3697709078125 0.25587555 0.358430028125 0.23627155156250002 0.36061075 0.22479364375 0.3659538390625 0.218752184375 0.37891615 0.21359617343749998 0.38736310625 0.206803875 0.4125525375 0.20430457343750003 0.43509566250000004 0.21086203593750003 0.4516951171875 0.2215105828125 0.45408061718750004 0.23783077656249998 0.4499386890625 0.2493086859375 0.44459559843749996 0.257289303125 0.4322422828125 0.25514823125 0.420065640625 0.2616155890625 0.40388168125 0.2656505859375 0.3864544921875
0 0.2239964765625 0.265041425 0.21187953906249998 0.2613958703125 0.18160420625 0.2670670703125 0.17365724062500001 0.281348328125 0.163098434375 0.28410400468749997 0.1546582640625 0.297751028125 0.14820212500000002 0.314577634375 0.1540756859375 0.31961785468750004 0.1600165546875 0.32851395625 0.1725145203125 0.326367275 0.1878146578125 0.31902893906249996 0.2022742171875 0.3187765453125 0.2180899921875 0.3133577375 0.22852540625 0.3035329453125 0.23353559062499998 0.286731578125 0.23328880624999998 0.27259334062499996 0.2239964765625 0.265041425
0 0.19764578906250002 0.38507015 0.189743328125 0.374279759375 0.1757545375 0.37388109062499997 0.15904209687499998 0.3831726078125 0.1520591 0.39743704062499996 0.145389828125 0.4020533515625 0.1391580375 0.4317328984375 0.13948334375 0.45036966562499997 0.1469823421875 0.465666996875 0.17349153281250002 0.465204278125 0.178625109375 0.455472028125 0.18963224843749998 0.450779996875 0.18505881562499998 0.4373601265625 0.1891162453125 0.42121823281250004 0.1931848953125 0.4057189859375 0.19936096406249998 0.4004684390625 0.19764578906250002 0.38507015
0 0.2488169421875 0.5545303125000001 0.24514017500000002 0.5372377328125 0.23341548125 0.5284425875000001 0.22331622499999998 0.52990455625 0.20168297656249998 0.53349638125 0.1847917859375 0.5877900171875 0.1809923546875 0.6187127921875 0.1782802875 0.6566878609375 0.182898590625 0.6726783203125 0.193154890625 0.6802134093750001 0.20806278281249999 0.6780246625 0.22241016875000003 0.6713458 0.23278949531249998 0.658307771875 0.2382480125 0.63957005 0.23792270625 0.6209332843750001 0.24310078750000003 0.5861293875 0.2483353203125 0.582180959375 0.2519107671875 0.5660474796875 0.2488169421875 0.5545303125000001
0 0.304315503125 0.9166649390625 0.3102447890625 0.8972761578125 0.315972525 0.8939619656250001 0.3122396703125 0.87345615 0.30141164531250003 0.8607882968749999 0.28698537343749997 0.83532639375 0.264959146875 0.7887833343749999 0.23957240156249998 0.770686875 0.22805904687499998 0.7739992 0.2123890984375 0.7877724203125 0.202514190625 0.8020873312499999 0.1978177296875 0.8092405796875 0.2000373234375 0.8259157515625001 0.2125580890625 0.8526966 0.22409244843749998 0.8782089796875001 0.2394714734375 0.9030114093750001 0.250064296875 0.9298259109375 0.26137430781250004 0.9424853531249999 0.272504840625 0.9448624390625 0.28965439531250003 0.932991921875 0.304315503125 0.9166649390625
0 0.1910818828125 0.8652854828125 0.177866365625 0.8539449875 0.1673296296875 0.830343721875 0.15632212343750002 0.8073935156250001 0.1415709125 0.790937084375 0.12163003593749999 0.78099966875 0.11116096875 0.788896521875 0.0874094453125 0.8092392343749999 0.080504971875 0.8280021968750001 0.07975413125 0.840229315625 0.0873653046875 0.86195311875 0.0988099265625 0.8823243250000001 0.1093803140625 0.9078535328124999 0.12674336718749998 0.93583554375 0.129130859375 0.934508184375 0.14060913125000002 0.9568073296874999 0.1574673984375 0.9558702265625 0.18269853125 0.9374302140624999 0.1952858703125 0.9127824734375001 0.2015849671875 0.8869588078125 0.1910818828125 0.8652854828125
0 0.007917521875 0.9469094578125 0.014351228125 0.9287975562499999 0.0189130796875 0.91393254375 0.0147991953125 0.899218965625 0.01746639375 0.8586733093750001 0.0228463890625 0.8354370578125 0.027408240625000004 0.8205720453125 0.0231707921875 0.8026464093750001 0.018272590624999998 0.7943749515625 0.0049764546875000005 0.7894642937499999 0.007917521875 0.9469094578125
0 0.0008729656250000001 0.54332710625 0.002656540625 0.6455079875 0.0115899125 0.632495196875 0.0075545515625 0.6222801484375 0.0365851125 0.5729173624999999 0.0465834109375 0.5656715703125 0.0458770765625 0.5528270421875 0.047569453125 0.5392978015625001 0.025173779687499998 0.5268318625 0.006959296875 0.5329353828125 0.0008729656250000001 0.54332710625
0 0.095710665625 0.40811467500000004 0.0850172484375 0.4031585875 0.0701317921875 0.406632628125 0.0582616390625 0.4171253078125 0.047893528125 0.43080598437499995 0.0390386796875 0.44831730312499996 0.033602596875 0.46834031718749997 0.0286821515625 0.49028286093749995 0.02562234375 0.508335871875 0.0374143390625 0.5209869 0.0546872875 0.5161854984375001 0.07185927812500001 0.505600275 0.0753449859375 0.484325615625 0.08371784843749999 0.46682271093749994 0.09107065625 0.4461233953125 0.0969550703125 0.42416402499999994 0.095710665625 0.40811467500000004
0 0.12338537499999999 0.391560540625 0.1134431625 0.40201956718750004 0.10491325468749998 0.410525415625 0.09522904374999999 0.43576532500000004 0.09135109218750001 0.46218957187500004 0.098323234375 0.47492473124999995 0.111874909375 0.47790239999999995 0.128621003125 0.47053882343750003 0.13901154843750002 0.45814344062499995 0.137755925 0.44145144375 0.15080245 0.387867759375 0.1396494828125 0.3842053765625 0.12338537499999999 0.391560540625
0 0 0.40814974687500005 0.013694643749999999 0.40504637031249996 0.0236929421875 0.39780057812499997 0.0346103421875 0.3879673703125 0.040113728125 0.37180023906250004 0.0509750421875 0.3587537953125 0.059426428125 0.3457494203125 0.051434228125 0.329817853125 0.0402812609375 0.3261554703125 0.0273013125 0.328310565625 0.014500837499999999 0.34074801250000003 0 0.35133546718750003 0 0.40814974687500005
0 0.043520550000000005 0.318384815625 0.0589552953125 0.31875824218750004 0.07524183906250001 0.312688375 0.08834481562499999 0.2899601609375 0.09712114375 0.2679503109375 0.0876717703125 0.25140133750000004 0.0722818921875 0.25359849843750004 0.0613532765625 0.2627890578125 0.0541908015625 0.2667711359375 0.044327110937500004 0.28172869375 0.0393842296875 0.30238594218750003 0.043520550000000005 0.318384815625
0 0.1656962046875 0.1638984734375 0.1538260515625 0.174391153125 0.148883171875 0.1950484015625 0.1544878796875 0.21230733124999998 0.1618410515625 0.21925025156250003 0.1771636234375 0.213197209375 0.1870834 0.20145288749999998 0.1849535453125 0.1899188921875 0.19810139531249998 0.16976126875 0.1896496421875 0.1551234078125 0.1756945046875 0.15665268125 0.1656962046875 0.1638984734375
0 0.12607318437499998 0.21408899531249997 0.13020913750000002 0.20244563124999998 0.12376384843749999 0.1922726484375 0.11114249375 0.1873502125 0.09825228124999999 0.19464648281250002 0.08958776406249999 0.195440565625 0.0815061890625 0.202010059375 0.072617684375 0.21759343593749997 0.0690085875 0.2317989765625 0.0755099640625 0.24518519374999997 0.0866404953125 0.24756228125000002 0.09669488125 0.243529725 0.1063345859375 0.2433614640625 0.1134521921875 0.23680879687499998 0.1128243796875 0.2284627984375 0.11888827500000002 0.21678577968749999 0.12607318437499998 0.21408899531249997
0 0.114291675 0.14679614218749998 0.1146057640625 0.1647902609375 0.122026240625 0.17558906406250002 0.1302424265625 0.176731334375 0.14606941874999999 0.171955175 0.1520884421875 0.15770756875 0.16178387031250002 0.13311030625 0.1519646859375 0.122996215625 0.1375612140625 0.1264618421875 0.12468222031250001 0.1344007609375 0.114291675 0.14679614218749998
0 0 0.1875318625 0.002157728125 0.186038334375 0.01187595625 0.1903686015625 0.0204395171875 0.1837906953125 0.026514631249999997 0.1727563265625 0.028229440625 0.1605123796875 0.01263765 0.15114189218750002 0 0.1504991375 0 0.1875318625
0 0.17895622656250001 0.15016731875 0.186791384375 0.1571018265625 0.20264081093750003 0.153610959375 0.21347968750000001 0.139279225 0.2175819890625 0.12570791718750002 0.221796465625 0.11856308281250001 0.2137930484375 0.10198886874999999 0.1950292734375 0.10424492031249999 0.18217271562499998 0.11346913125 0.1763443859375 0.1386417375 0.17895622656250001 0.15016731875
0 0.1539599296875 0.1268184453125 0.1660095640625 0.1266081171875 0.1725105734375 0.1123520984375 0.18141029375 0.09741136875 0.179258003125 0.08459208124999999 0.1690241375 0.078342284375 0.148904146875 0.08576475156249999 0.137583284375 0.10010490000000001 0.13737051718749999 0.11553684374999999 0.1423586328125 0.1250924171875 0.1539599296875 0.1268184453125
0 0.193090421875 0.0760322484375 0.19612779687499998 0.056693943749999996 0.1808942328125 0.012603690625 0.16943876093750002 0.0192320734375 0.15827494375 0.0425692828125 0.160270553125 0.07403375 0.16623385468750002 0.08421514531249999 0.183159428125 0.08713392187499999 0.193090421875 0.0760322484375
0 0.05793335625 0.12210473749999999 0.049963590625 0.10745846562500001 0.03401320625 0.1051655078125 0.018746721875 0.11443178437499998 0.008221567187499999 0.1191154015625 0.001754209375 0.13529936250000002 0.01667331875 0.1337532625 0.038956815625 0.13979273125 0.050076129687500005 0.141527171875 0.05793335625 0.12210473749999999
0 0 0.1515670875 0.0044333546875 0.15068082656249998 0.019901753124999998 0.15298219531249999 0.027804215625 0.1637725859375 0.036042834375 0.1662001515625 0.0472739578125 0.1467188265625 0.0359975984375 0.1359873265625 0.018197796874999998 0.138226553125 0.0012722234375 0.135307775 0 0.138310409375 0 0.1515670875
0 0 0.0813038546875 0.003322828125 0.0870587671875 0.015282720312500001 0.08170726406249999 0.024698078125 0.0686860609375 0.035122273437500004 0.058218620312500004 0.0300668546875 0.0448071625 0.019306134375 0.03599519375 0.0068193859375 0.0387845203125 0 0.050881507812500004 0 0.0813038546875
0 0.034976446875 0.0498642078125 0.0430355875 0.042009421875 0.052966582812499996 0.030907746874999996 0.0552419 0.0231539171875 0.045030468750000004 0.018189415625 0.0335076921875 0.0209619171875 0.0257510578125 0.0185259390625 0.018252425 0.030870840625 0.0203261921875 0.0391916 0.028620899999999998 0.0448324015625 0.034976446875 0.0498642078125