0 0.5626334796875 0.8856381750000001 0.543977790625 0.8931735249999999 0.5287837093750001 0.9039268609375 0.5183455125 0.935710134375 0.5248160093750001 0.9572828250000001 0.5425446765624999 0.9785992562500001 0.5486590046875001 0.9767147250000001 0.59265615 0.9524418578124999 0.6345612234375 0.925243040625 0.6553734484375 0.902402909375 0.65180361875 0.8695809921875 0.6402540375 0.850644978125 0.620066921875 0.8472259140625 0.5950813390625 0.8649249749999999 0.5626334796875 0.8856381750000001
0 0.560637365625 0.79912693125 0.5461223609375 0.7871751953125 0.52610793125 0.7951293296874999 0.5105579765625 0.8049211234375001 0.44762481718749997 0.840743575 0.4230490734375 0.8629583015625 0.418649653125 0.8878812703125 0.42642492499999995 0.90548105 0.4361519625 0.9167660578125 0.45014919999999997 0.917093878125 0.46638931875 0.907803515625 0.48937996406249995 0.89357593125 0.522873859375 0.874325703125 0.5519356625 0.8553702890625001 0.5650808406250001 0.8445343031249999 0.56780881875 0.8219118796875 0.560637365625 0.79912693125
0 0.49163216875 0.7721901703125 0.4909956765625 0.7527471828125 0.4822283328125 0.7372385515625 0.4712720703125 0.7349022265625 0.440775978125 0.7493006515625 0.40453222499999997 0.7672559734375 0.3577204609375 0.7859689859375 0.3372209359375 0.8069273593749999 0.33318818437500003 0.8335226921875 0.34781111875000004 0.8525826765625 0.36154961874999997 0.85834638125 0.37955831562500003 0.8531529000000001 0.40800550468749996 0.8386718265625 0.4330882265625 0.8273701906250001 0.4554102953125 0.8140628218750001 0.471272953125 0.80238926875 0.4861867109375 0.7956501640625 0.49251660468749997 0.7854864515625 0.49163216875 0.7721901703125
0 0.73175495 1 0.73590723125 0.9918453921875001 0.745504459375 0.9721048187499999 0.7529340625 0.9444625265625 0.754443609375 0.9314996109375 0.747757546875 0.9182061015625 0.73980988125 0.9117288015625 0.7271066265624999 0.9067172453125 0.71584845625 0.90697350625 0.70680108125 0.9179747859375 0.6978400515625001 0.9346626671875 0.6742998453125 0.9801252234375 0.663211671875 1 0.73175495 1
0 0.399840215625 0.683003946875 0.382564853125 0.6915421609375 0.3483160375 0.7060260046875 0.3069824046875 0.7259071828125 0.27041515625 0.745033434375 0.25495154375 0.76051183125 0.25304324375 0.7921655875 0.26431250156249997 0.81511583125 0.294916525 0.80782565625 0.3168827171875 0.793556746875 0.3534283828125 0.7730088421875 0.38828101875 0.75333983125 0.41190786093750004 0.7360595546875001 0.41139009218749995 0.7244356390625 0.4085535953125 0.6949584546875001 0.399840215625 0.683003946875
0 0.317646375 0.6415641921875 0.26257424375 0.6556816640625 0.21437136250000002 0.6726809874999999 0.18154604218749998 0.6910109953125 0.1659316234375 0.7190335234375 0.175335459375 0.7539851421875 0.19144635625 0.7586605609375 0.23998352656250002 0.7412011281249999 0.26102240625 0.7332883203125 0.2908283359375 0.7183884625 0.316223759375 0.70520506875 0.3303502171875 0.6915671078125001 0.335051546875 0.6640515578125 0.3251086484375 0.638550053125 0.317646375 0.6415641921875
0 0.24222435 0.574113184375 0.2145965453125 0.5751299078125001 0.17994868125000002 0.5858089125 0.139801103125 0.5938981046875 0.11569966093749999 0.6023977671875 0.0935715734375 0.6060043015625001 0.0657929609375 0.6195651578125 0.053208721875 0.6448683578125001 0.0489280234375 0.6776103984375 0.06341065 0.687429659375 0.083878090625 0.6868344921875 0.10496014218750001 0.68176498125 0.142023575 0.6728409921875 0.17019044218749999 0.6623741515625 0.2119554984375 0.6484302921875 0.23402962343749997 0.6412696328124999 0.24447890781249998 0.6326928671875 0.253666296875 0.608436628125 0.2495897828125 0.5871973015624999 0.24222435 0.574113184375
0 0.7409066484375 0.6692934171875 0.725033196875 0.6802561453125 0.715587071875 0.7099482671875 0.7118022625 0.7303968921874999 0.695691953125 0.7707128328125 0.6952716140625 0.787982021875 0.6988735312500001 0.8004407359375 0.715459025 0.8138967687499999 0.73082579375 0.8145166296875 0.7445424125 0.796363003125 0.757989209375 0.7604387546875 0.7716191890624999 0.71410285 0.7768490796874999 0.6989220390625001 0.7724814515625 0.6809861203125 0.7628083796875 0.6732552375 0.753523559375 0.6686183734375 0.7409066484375 0.6692934171875
0 0.6637700109375 0.6012996515625 0.6503876796875 0.61899316875 0.639960275 0.6514872656249999 0.62022675625 0.7004185265625 0.6184045078125 0.7152632 0.62780805 0.727719140625 0.6395192328125 0.734821846875 0.6480167531250001 0.73255985625 0.656525065625 0.731008690625 0.6678584937500001 0.713232525 0.6817475046875 0.6839564171875 0.6903202828125 0.6641745203125 0.6972108234375 0.645982340625 0.7043385171875001 0.6209326296875 0.69735054375 0.6102317046875 0.6780583625000001 0.5983240640624999 0.6637700109375 0.6012996515625
0 0.631634265625 0.575139734375 0.6192976796874999 0.5718005453125 0.60813664375 0.5784542296875 0.5915733234375 0.61141120625 0.57004964375 0.6548239359375 0.5698235796875 0.6848879734375 0.5741588281250001 0.7006914171874999 0.593008790625 0.705950915625 0.6052806203125 0.7050251546874999 0.6175845343749999 0.6837361890625 0.6277639953125 0.6573888 0.6370053484375 0.6366866875 0.6411568265625001 0.617910428125 0.6423105 0.6039859703125 0.6441219546875 0.5884304703125001 0.631634265625 0.575139734375
0 0.593955340625 0.521051025 0.5803355640625 0.5231063953125 0.56559449375 0.541218696875 0.52554493125 0.623192353125 0.5240137984375 0.6347336203125 0.5379681578125 0.6547138218749999 0.5540682625 0.6586784156250001 0.566868359375 0.6475917140624999 0.575538271875 0.634207240625 0.5961022609375 0.5950181359375 0.610012859375 0.5671636796875 0.61847770625 0.540273534375 0.6079849546875 0.5235113203124999 0.593955340625 0.521051025
0 0.5483938 0.48724564531250003 0.5330702015625 0.4894690828125 0.52300916875 0.501139865625 0.4788833890625 0.5843698749999999 0.481137359375 0.597958196875 0.4898399453125 0.609201878125 0.49951301875 0.6169327609375 0.5125181828125001 0.6193517328125 0.5249300265625 0.6051710140625 0.5325754890625001 0.5917452187500001 0.5481467359375001 0.5608793921874999 0.56565895625 0.5229879656249999 0.5704574234375 0.5018698406250001 0.5597383140625001 0.49267598437500004 0.5483938 0.48724564531250003
0 0.512720896875 0.45289196406250004 0.49904715624999996 0.45139320937500005 0.4845540296875 0.4633588046875 0.4698237515625 0.48218193125 0.44988516875 0.5176075171875001 0.4319091453125 0.5474291546875001 0.43000055000000004 0.5565872296875 0.43502596406249994 0.5728921062500001 0.44920668125 0.58530395 0.467226171875 0.5808212937499999 0.47463448281250004 0.5742530312499999 0.4839513859375 0.5585266921875001 0.4999000953125 0.5300440546875 0.513875453125 0.5064545468749999 0.5233431640624999 0.47818407656249995 0.5251438281249999 0.46191775156250003 0.512720896875 0.45289196406250004
0 0.45054148281249995 0.403498075 0.4454192265625 0.40329145468750005 0.4286184609375 0.4206102828125 0.40685733281249997 0.448384865625 0.3921702265625 0.470051290625 0.3744529390625 0.4944370453125 0.36893193125 0.512921265625 0.37899325781250004 0.5237461640625 0.39863051875 0.53590451875 0.40710645312500005 0.5322208796875 0.42286118281249996 0.5134390765625 0.4482131390625 0.47491669999999997 0.46088372031249997 0.4553001 0.47655210468750003 0.43083169843749997 0.47158065625 0.41808094531249995 0.46704063281249997 0.411267509375 0.4604840859375 0.4065039 0.45054148281249995 0.403498075
0 0.35190304375000003 0.40283437031249997 0.33043303281249997 0.42730554375 0.3136646453125 0.44675684687499995 0.31436589531250003 0.470464784375 0.32820153125 0.4826259140625 0.34326639062500003 0.4858383578125 0.3574899859375 0.47859782031250003 0.3936363078125 0.4317493953125 0.423420359375 0.3929322078125 0.4263426109375 0.38310463437500003 0.40662979843749997 0.3659705015625 0.395274490625 0.3598293390625 0.3841242484375 0.367193846875 0.3676577703125 0.3840525671875 0.35190304375000003 0.40283437031249997
0 0.803227253125 0.7954150703125 0.8149273484374999 0.77931126875 0.8203620125000001 0.7551404515625 0.8267671640625001 0.7274568328125001 0.828837359375 0.7064654499999999 0.8188084124999999 0.6977730281250001 0.8092540625 0.6978612203125001 0.796270484375 0.6968638968749999 0.7836319875 0.6961172921875 0.7759325609375 0.7059889640625 0.7474433734375 0.8076094578124999 0.7586694609375 0.827716403125 0.7693777765625 0.836199434375 0.7813476968749999 0.8378662578125 0.788130603125 0.8350615109374999 0.7958732015625001 0.8280331390625 0.8014481734375 0.81310304375 0.803227253125 0.7954150703125
0 0.8155191984375 0.6834325578125 0.8109470890624999 0.6969823265625 0.8240062187499999 0.702955421875 0.8282443328125 0.7123614421875 0.8248153984375 0.7337716078125001 0.821030590625 0.754220234375 0.8145498874999999 0.776928078125 0.8109050953124999 0.784121746875 0.8212143656249999 0.7887999375 0.83113538125 0.7903841125 0.843525640625 0.77478174375 0.8516993703125 0.7511950078125 0.8592584890625 0.7320826125 0.8656420546874999 0.70297734375 0.857489321875 0.682994371875 0.84362130625 0.6687007671874999 0.8286967562499999 0.674729046875 0.8155191984375 0.6834325578125
0 0.87880735 0.5810846078125 0.868670471875 0.565283934375 0.8492490687500001 0.567342078125 0.8416036078125 0.580767875 0.8341527125000001 0.629484196875 0.8336247390624999 0.66214081875 0.8425644765625 0.6665269703125001 0.8570255187500001 0.6749245796875 0.8674640109375 0.665636990625 0.86889800625 0.6476983 0.87549743125 0.6328095296875 0.8829378265625 0.6058780593749999 0.87880735 0.5810846078125
0 0.821922584375 0.5207748578125 0.8182885843750001 0.5286793515625 0.8036017734374999 0.572841459375 0.80227570625 0.5978883984375 0.8158526046875 0.6154854078125 0.823605996875 0.6091678609375 0.835068940625 0.59992159375 0.8445906187500001 0.575205246875 0.8453668296875 0.5588976 0.8392845859375001 0.5404189234375 0.8328464671875 0.5209787078125 0.821922584375 0.5207748578125
0 0.81172095 0.5007092375 0.80267328125 0.48921483749999994 0.788395721875 0.4929012484375 0.7688561859374999 0.5321316781250001 0.7651577203125 0.558266903125 0.7808266921875 0.5787898609375 0.789097853125 0.5840962265625 0.7981884 0.5759382453125 0.804572259375 0.56932865625 0.8094786546874999 0.5553187796875 0.817328890625 0.5329029765625 0.8158406359375 0.5247918625 0.8163257312500001 0.511787621875 0.81172095 0.5007092375
0 0.76828356875 0.4494665984375 0.7566047671875 0.44449636718749996 0.7413890984375 0.4538280546875 0.72260448125 0.4978248640625 0.7182590265625 0.5263019546875001 0.731835925 0.5438989671875001 0.752368121875 0.5475687484375 0.7627418578125 0.5340162078125 0.77000985625 0.5182072203125 0.77757976875 0.49980565 0.78113821875 0.48692538125 0.7808899796875 0.4705764078125 0.7776547328125 0.45979006250000004 0.76828356875 0.4494665984375
0 0.7243071265625 0.4076740765625 0.713652775 0.40274516875 0.7025025328125001 0.410109678125 0.6934875375 0.42324343437499995 0.679135015625 0.4669454328125 0.671942565625 0.48773019375000004 0.6838156421875 0.5054952734375 0.69725223125 0.5138515609375001 0.7104082015625 0.5037264 0.720480028125 0.4927664421875 0.7307350390625 0.47139482812500005 0.7396313125 0.4504419984375 0.7349833578125 0.4365203125 0.7354576609375 0.422805246875 0.7243071265625 0.4076740765625
0 0.656682253125 0.3817401796875 0.633012828125 0.44116851874999996 0.635363934375 0.4611542625 0.6550551609374999 0.47686674375000004 0.667526109375 0.463431953125 0.6794201859375 0.43762732031249996 0.690979971875 0.412282796875 0.6910768140625 0.396184540625 0.687129815625 0.3834751125 0.668204303125 0.37323983906249997 0.656682253125 0.3817401796875
0 0.6071902375 0.3781193578125 0.5958783953125 0.3973171734375 0.58930055625 0.4136275921875 0.5966659890625 0.42671171093750004 0.6087438390625 0.43548678281250003 0.6210156671875 0.434561021875 0.6386250265625 0.40306701875 0.6531934078125 0.37358151875 0.6543686656250001 0.3610787109375 0.645989575 0.34866409374999996 0.63532443125 0.3430243625 0.623807521875 0.34871650625 0.6161188875 0.35929900312499996 0.6071902375 0.3781193578125
0 0.574407209375 0.33180562812500003 0.561359165625 0.3490390359375 0.5534010015625 0.36434659062499997 0.5487965140625 0.375763884375 0.5557952796875 0.3871756359375 0.5664928031249999 0.3949478421875 0.5771363625 0.3991659234375 0.5831859328125 0.39301644375 0.607578196875 0.35871769375 0.619191946875 0.3369272953125 0.6240767578125 0.32149576875 0.6146624234375 0.308329003125 0.6074049203125 0.302353134375 0.599187725 0.30060089218749997 0.5836701484375 0.3125251640625 0.574407209375 0.33180562812500003
0 0.5128537875 0.32363958125000003 0.5062327765625 0.337106703125 0.5112366046875 0.35198992812499996 0.5239938234375 0.36055560781249996 0.5322541921874999 0.3651511515625 0.5440730109375 0.35686642343749997 0.5727030937500001 0.309478015625 0.579259346875 0.29174594374999996 0.57496726875 0.2787858 0.56010718125 0.26658335 0.552224271875 0.2643709984375 0.540502590625 0.279053146875 0.52519008125 0.3044830890625 0.5128537875 0.32363958125000003
0 0.45610962656250004 0.2950662375 0.4573499390625 0.3093240578125 0.469449371875 0.31952077968750003 0.48214183437499997 0.323821509375 0.49529780468749995 0.3136963484375 0.530506021875 0.2724932 0.536113375 0.259695578125 0.5331692421875001 0.24560582343749998 0.5179424890625001 0.23173100624999998 0.5077087687499999 0.2320285921875 0.49227753593749995 0.24963946093749997 0.47087228281250004 0.278375584375 0.45610962656250004 0.2950662375
0 0.41191761875 0.261552896875 0.4255161015625 0.28057155625 0.43894189843750003 0.28821701875 0.462148109375 0.2657102515625 0.47688918124999996 0.2475979484375 0.4834778125 0.23199835468750002 0.4772123828125 0.2239313359375 0.465792315625 0.21352522031249999 0.45044713124999997 0.2143270109375 0.432276834375 0.23135379843749998 0.41191761875 0.261552896875
0 0.939159446875 0.68679550625 0.9177646921875 0.6937467749999999 0.9098613765625 0.78009549375 0.9125845078125 0.7827769499999999 0.9567105828125 0.7220426203125 0.9556588921875001 0.717060621875 0.9529950828124999 0.6989566359375 0.939159446875 0.68679550625
0 0.951192065625 0.53525751875 0.9428345609375001 0.5242645515625 0.9342506984375 0.5208399421875 0.9243836453125001 0.5228098921875 0.9194232843749999 0.5332656453125 0.9183346625000001 0.5739507328125 0.9247727812500001 0.5933909500000001 0.9303804281250001 0.603089009375 0.9379830124999999 0.60931559375 0.9535329671874999 0.5995237984374999 0.9602079437500001 0.589610803125 0.9632594171875001 0.56581744375 0.9568428843750001 0.5477988781249999 0.951192065625 0.53525751875
0 0.9273433421874999 0.4736424546875 0.9265563359375 0.489239278125 0.9318620734374999 0.501529921875 0.9415459390625 0.5099716296875 0.9507228281250001 0.5075002468750001 0.961657209375 0.485919240625 0.9610746828125001 0.47003037656249996 0.9567394328125 0.45422693281250004 0.9500641640625 0.441644246875 0.940466640625 0.4388891390625 0.9334034125 0.4457081203125 0.9288420984375 0.4599687140625 0.9273433421874999 0.4736424546875
0 0 0.4966307109375 0.002803778125 0.494363721875 0.045226325 0.456293140625 0.0491943203125 0.42543285781250006 0.0298373828125 0.40926026875000004 0.005735646875 0.39526425 0 0.39749642343749997 0 0.4966307109375
0 0.04285245625 0.344903025 0.031885695312500004 0.3643515578125 0.025642145312499996 0.38020186875 0.03748284375 0.395834471875 0.060926795312500004 0.4114615328125 0.08662442031249999 0.418181234375 0.20248308124999997 0.3167698796875 0.2052866109375 0.29912323125 0.19545164375 0.28072997499999996 0.174725171875 0.2642653453125 0.1606739703125 0.2603834 0.1460729140625 0.26524074531249997 0.10357481718749999 0.2983355515625 0.04285245625 0.344903025
0 0.21757885 0.20963639843749998 0.20317206875 0.2272885921875 0.1938443703125 0.24230410624999998 0.198168828125 0.257396725 0.21091525625 0.26525158125 0.2278026578125 0.2761150296875 0.2424253 0.27267933437499997 0.28994851875 0.2333937234375 0.3088305640625 0.21829001718750002 0.31771604375 0.1966263625 0.307568375 0.1801148640625 0.286486028125 0.16268869531250002 0.27153989218749996 0.1672953234375 0.254329284375 0.1800984875 0.21757885 0.20963639843749998
0 0.37935404375 0.075504925 0.35476750625000003 0.097008828125 0.33998326562500003 0.1122778296875 0.3485566296875 0.13748729375 0.3637617984375 0.14994046249999998 0.378330475 0.14295064375 0.41174882031250004 0.11872464062500002 0.42453812500000004 0.1069271140625 0.431169928125 0.09417081875 0.430652159375 0.0825469046875 0.420526075 0.0674570578125 0.40982855 0.05968485 0.39657544218749996 0.0634125859375 0.37935404375 0.075504925
0 0.4621292640625 0 0.45415969218749996 0.01245619375 0.449296465625 0.0293093703125 0.44861739062500006 0.052014442187499996 0.4445090875 0.0736340015625 0.4501814921875 0.0875970109375 0.46152600625 0.09302735 0.4769791203125 0.0993338125 0.48609125000000003 0.0925974796875 0.4932297359375 0.0682585921875 0.4985564734375 0.0369795265625 0.5026108125000001 0.0118058421875 0.50092115 0 0.4621292640625 0
0 0.50807815 0.0122631796875 0.5017374609374999 0.0217160671875 0.496734221875 0.0518242 0.502902809375 0.075989475 0.502460884375 0.0918370140625 0.5023208703125001 0.105091971875 0.51165965625 0.11328296093750001 0.52746864375 0.1205509625 0.5372925234375 0.11573771562499999 0.5493592859375 0.10130628125 0.549035496875 0.079981534375 0.549714571875 0.0572764625 0.5487114125 0.036161107812499996 0.5446780718750001 0.017765079687499997 0.53152180625 0.005394559375 0.5181931453125 0.004146521875 0.50807815 0.0122631796875
0 0.5887414468750001 0.1102355625 0.580739815625 0.10020413749999998 0.5697835546875 0.0978678125 0.5558402828125 0.10109411718750001 0.5491437203125 0.1095854640625 0.55212023125 0.125807690625 0.5563586390624999 0.1577093921875 0.5605214953125001 0.18463531875 0.5733110953125 0.195333471875 0.5862191234374999 0.19135501875 0.5953204609375 0.1839078609375 0.6018983 0.1675974421875 0.602372603125 0.153882378125 0.6014018234375 0.134899496875 0.5934001921875 0.124868071875 0.5887414468750001 0.1102355625
0 0.636761728125 0.1486392546875 0.626765159375 0.1420793078125 0.6104279046875 0.14497224687500002 0.6055646796875 0.161825421875 0.6043141640624999 0.1918481359375 0.6084554359375 0.21735241093750002 0.624113615625 0.23716454531250003 0.6431467640624999 0.23201238750000003 0.6498325328125001 0.2228102171875 0.6550300453125 0.20549693281249998 0.655439590625 0.18751691718750002 0.6524630796875 0.1712946890625 0.6406763468750001 0.1592162078125 0.636761728125 0.1486392546875
0 0.6947359953125 0.235750959375 0.6767704703125 0.24378774062500003 0.6674967374999999 0.2623573796875 0.671443734375 0.2750668078125 0.7117322109375 0.3212096984375 0.7233354640625 0.3212041546875 0.7331593453125 0.31639090625 0.7407292546875001 0.297989334375 0.735800978125 0.28808188281249997 0.7303873109375 0.268682990625 0.7115154687499999 0.239506159375 0.6947359953125 0.235750959375
0 0.760269675 0.32624594687499997 0.75194484375 0.33988113593749997 0.7480628968749999 0.35393233749999997 0.7591702609375 0.366220209375 0.7882974093749999 0.3965211046875 0.7978085859374999 0.39358961406250004 0.8068019953125001 0.37903420625 0.8042461171875 0.36803846875 0.7979267218749999 0.3564173265625 0.79014065625 0.3381067203125 0.7725630906250001 0.3267418359375 0.760269675 0.32624594687499997
0 0.8427657203125 0.3875887984375 0.8256627515625 0.38500453125 0.8098108859375 0.3973889109375 0.8090238796874999 0.412985734375 0.8146639062500001 0.42481627031249997 0.8417745296874999 0.45716699062500005 0.855804146875 0.45962728750000004 0.864226115625 0.452389521875 0.8675258265625001 0.44494513593749996 0.8714185656250001 0.431604759375 0.8633521765625 0.41730838593749997 0.8545524546875001 0.3996672796875 0.8427657203125 0.3875887984375
0 0.9476477093750001 0.3724021921875 0.9383631875 0.3902610078125 0.9372206000000001 0.42739196875 0.95546674375 0.4378366359375 0.96326330625 0.43436238749999995 0.9729684640625 0.4217300640625 0.9750494515625 0.40144950625 0.9672418015625001 0.38171725 0.9605773234375 0.369845390625 0.9476477093750001 0.3724021921875
0 0.883021525 0.4091035359375 0.8808218140624999 0.4215650203125 0.8888666171875 0.43443974374999994 0.9025079781249999 0.43380602343749997 0.9121483796875 0.416908753125 0.9139166640624999 0.398509953125 0.9085353749999999 0.38124353437499997 0.8988730953124999 0.374223478125 0.8908177937499999 0.3831336078125 0.883021525 0.4091035359375
0 0.9684161781249999 0.3017274015625 0.9540306890625001 0.2983055640625 0.9451020375000001 0.3171259203125 0.9454042406250001 0.3370290171875 0.9511198171874999 0.3538353265625 0.9579998578125 0.357428003125 0.9644808546875 0.3572158390625 0.9722342484375 0.3508982921875 0.973808553125 0.34220032499999997 0.97697875 0.326226040625 0.9739914453124999 0.3092929875 0.9684161781249999 0.3017274015625
0 0.8982258109375 0.35406966562500003 0.904232503125 0.367572565625 0.915533846875 0.37015960468750003 0.9272339421875 0.35405580625 0.9350194187499999 0.3273750515625 0.9327222781250001 0.31094343125 0.922035546875 0.30388205 0.9124164390624999 0.29970529218749997 0.9045338234375 0.319988621875 0.8997029796874999 0.3389742734375 0.8982258109375 0.35406966562500003