0 0.6293087921875 1 0.6440435265625 0.991832403125 0.622644903125 0.95577781875 0.6044366812499999 0.9293032015625 0.5882813125 0.9218293484375 0.5731037890625 0.9275925624999999 0.5572885640624999 0.9411287703125 0.545390709375 0.9540834421875 0.553832828125 0.9769620874999999 0.5605743671875 0.9891241468749999 0.5653167953125 1 0.6293087921875 1
0 0.617640328125 0.9161546843749999 0.6309472703125001 0.9363367140625 0.651821715625 0.9523240109375 0.659869046875 0.964292221875 0.68248045625 0.95281844375 0.7048367578125 0.92558711875 0.6952224671875 0.9044181484375 0.6681956 0.872232484375 0.6458452921875 0.8459340046875001 0.6222317109375 0.8224556281250001 0.602997134375 0.8336474921875 0.5798816421875 0.8544100968749999 0.5939417125 0.8874237921875 0.617640328125 0.9161546843749999
0 0.6273515734374999 0.7883496953125 0.6388547078125 0.8116514546875001 0.6514814328125 0.8369802234374999 0.6628084328125 0.8561398921875 0.6802210093750001 0.8671565859375001 0.699631721875 0.860106809375 0.7231905859375 0.846517953125 0.7325315078125 0.82385134375 0.7045207328124999 0.78479155625 0.6754288828125 0.7463310171875001 0.6604942687500001 0.7334108015624999 0.6491490765625 0.7333399609375 0.628833428125 0.745131075 0.6169355734375 0.7580857453125 0.6191281078124999 0.772239396875 0.6273515734374999 0.7883496953125
0 0.654548303125 0.689539803125 0.6649339125 0.7044516078124999 0.6821096437499999 0.7277887859375001 0.69915781875 0.7432471921875 0.7130113640625 0.7567666546875 0.7271442687499999 0.760591890625 0.7428198125 0.7519027953124999 0.759309190625 0.7395827921875 0.7658016875 0.7296243609374999 0.74799431875 0.707697234375 0.7331082875 0.691040334375 0.7156592578125001 0.6710344390625 0.7006821249999999 0.655487965625 0.6865492171875001 0.65166273125 0.6700173203124999 0.6613564765625 0.6552831671875 0.6742934375 0.654548303125 0.689539803125
0 0.6982040921875 0.6102246250000001 0.70944605625 0.6241317796875 0.718799175 0.635906146875 0.7285106296875 0.6496017468749999 0.734942415625 0.6561058890625 0.7478606328125 0.6590145421875 0.76790298125 0.6505547125 0.7806511265625 0.6429583359375 0.791741209375 0.6272716296875 0.7926886640624999 0.62515655 0.7798797375000001 0.6020486375 0.7517171515625 0.5805618515625001 0.7312010421874999 0.5664957890625 0.7206696859374999 0.5627940406249999 0.70499414375 0.5714831359375 0.6898105546875 0.58360929375 0.689755909375 0.5937089234374999 0.6982040921875 0.6102246250000001
0 0.738804859375 0.4769565296875 0.7227224 0.4874610796875 0.7158655031250001 0.5018612203124999 0.72040238125 0.51259551875 0.8072344125 0.5264696640625 0.8221932828125 0.5139381046875 0.831704278125 0.501776528125 0.8309450875 0.49530780625000004 0.8227580765625 0.48818670624999994 0.79854325 0.481470528125 0.7628010328125 0.47690436406250003 0.738804859375 0.4769565296875
0 0.8031824343749999 0.431149121875 0.788594028125 0.4328760265625 0.7759430468749999 0.43299903124999994 0.763425684375 0.43463786718749997 0.752299146875 0.441335371875 0.7378808109375 0.453567309375 0.7407960828125 0.465200478125 0.7555120421875 0.4713523484375 0.801609478125 0.47547817031250006 0.8248403968750001 0.4753202265625 0.83902795 0.46904583281249995 0.8488972796875001 0.4588054875 0.8530940125 0.4485297234375 0.8463949921875 0.438993921875 0.8362219718749999 0.4372134046875 0.8195685859375 0.43266543437499994 0.8031824343749999 0.431149121875
0 0.756508009375 0.41833372031250005 0.769960696875 0.42730569375 0.786796284375 0.429632809375 0.8016094078125 0.4283113078125 0.81704810625 0.4319426984375 0.8315879296875 0.43395248124999997 0.8445547296875 0.43312444843750003 0.8592403 0.4239241734375 0.862532096875 0.41838974218749997 0.86524690625 0.4041657359375 0.848010465625 0.39729113125 0.8188882968750001 0.390645309375 0.7961553984374999 0.38787737031249997 0.7749044234375 0.389057675 0.760042715625 0.3941158609375 0.7521047484375 0.40911525312499997 0.756508009375 0.41833372031250005
0 0.844007990625 0.3454532921875 0.8363493859375 0.350758453125 0.8253078859375 0.3627084765625 0.822368359375 0.3765270796875 0.8312781078124999 0.3811277015625 0.853561571875 0.383084834375 0.8851252468749999 0.37883793125 0.9091274828125 0.3724228234375 0.921693428125 0.3670473015625 0.926175590625 0.3407143640625 0.9122674015625 0.33729453125000003 0.89610596875 0.336183621875 0.8744480765624999 0.339179378125 0.858644978125 0.3399897015625 0.844007990625 0.3454532921875
0 0.7964650109375 0.2992015640625 0.7899664515625 0.315522940625 0.7999086906249999 0.32326099531249997 0.8348977796874999 0.3149954953125 0.893002365625 0.28596738906249997 0.9031875109374999 0.27502201875 0.9006305781249999 0.2653100796875 0.886090753125 0.2633003 0.86623060625 0.269539271875 0.8480406468749999 0.2711426890625 0.82236821875 0.2821933546875 0.7964650109375 0.2992015640625
0 0.6883274296875 0.3437742140625 0.6797153078125 0.3575573984375 0.6811425890625 0.37160526875 0.701853025 0.3707245890625 0.7463045296875 0.3540341984375 0.777339796875 0.33736103281249996 0.7827572843749999 0.32163890781250004 0.777770971875 0.31009380625 0.7656605265625 0.3099171875 0.7426907796875 0.31946973437500004 0.723595884375 0.3258144859375 0.705982915625 0.336107478125 0.6883274296875 0.3437742140625
0 0.549172771875 0.3859311984375 0.535610790625 0.3971584828125 0.53361871875 0.4088620109375 0.540682140625 0.41395609999999994 0.572701315625 0.404157059375 0.608097325 0.3940761046875 0.6142740015625 0.3848226984375 0.6196854265625 0.375463515625 0.6169037734375 0.365346175 0.60416169375 0.3665796109375 0.5842590265625 0.370192325 0.5657471859375 0.37886371093750004 0.549172771875 0.3859311984375
0 0.401351346875 0.451970996875 0.4133281734375 0.4506317859375 0.437421509375 0.44310624687500005 0.46097431093749996 0.435880334375 0.467825140625 0.4278431359375 0.46972611249999996 0.417250034375 0.461132184375 0.411944390625 0.437445765625 0.41765447343749995 0.41029141406249997 0.42475689843750003 0.396231415625 0.438910065625 0.401351346875 0.451970996875
0 0.327923421875 0.45080551093750004 0.3205320546875 0.45914233437499996 0.3266055046875 0.46372524375 0.3461012515625 0.46192798125 0.35947497031250003 0.4592844953125 0.3778046109375 0.4528339671875 0.3837079875 0.44691184531249994 0.3848862234375 0.43883922656249996 0.377731703125 0.43485556562500005 0.37030388125 0.4342031859375 0.35116646875 0.4379216796875 0.3404468484375 0.44280373125 0.327923421875 0.45080551093750004
0 0.29537597656250003 0.5425120140625 0.2841097578125 0.554056634375 0.2743740484375 0.5658128078125 0.27490245468749996 0.5782390703125 0.286605984375 0.5802311437500001 0.3011943890625 0.5785042390624999 0.31358419843749996 0.5689866296874999 0.33129433124999996 0.551220265625 0.346168165625 0.533436190625 0.3464050125 0.5211157046875 0.3406898984375 0.5184540265625001 0.3298852421875 0.5180835640625 0.3170459984375 0.5267903703125 0.30672723281250003 0.536219909375 0.29537597656250003 0.5425120140625
0 0.2333115765625 0.6166622625 0.2218206390625 0.6278014796875 0.2129838 0.6411792625 0.2068496421875 0.6530589265625 0.21544356874999998 0.658364571875 0.22710457812499998 0.6577303859375 0.240119959375 0.6531656671875 0.251610896875 0.64202645 0.2710337375 0.6222507859374999 0.28410376406250004 0.6075864375 0.2842495109375 0.59637638125 0.2779938609375 0.594014328125 0.26732282343749997 0.5951596921875 0.2590811671875 0.5981382234375 0.25173838125 0.6027383609375 0.2421423515625 0.6096474234375 0.2333115765625 0.6166622625
0 0.1140657890625 0.7431773125000001 0.10923741875 0.754863128125 0.10670481093749999 0.76686628125 0.111381371875 0.7727534640625 0.1202486 0.7747278265624999 0.1314601734375 0.773282834375 0.14046708593749999 0.770410084375 0.15357963125000001 0.7583719953125 0.1624589875 0.7476204703125 0.172510515625 0.73515926875 0.1873843515625 0.7173751937499999 0.198152553125 0.7087564578125 0.2045600125 0.693545509375 0.1971382546875 0.6865301875 0.1845783734375 0.6855427671875 0.16917613125 0.690900578125 0.1557052484375 0.7010174359375 0.1420096515625 0.7107288921875 0.12623694531250002 0.7268913578125 0.1140657890625 0.7431773125000001
0 0.9003875984375 0.236826646875 0.9225218875 0.2309169921875 0.9016231140625001 0.1932146078125 0.8909737 0.1943479890625 0.8754742921875 0.207179171875 0.8824770031250001 0.22873583593750002 0.9003875984375 0.236826646875
0 0.8778671484375 0.152856271875 0.8593127890625001 0.1589014 0.8394890953124999 0.1741295734375 0.8195317828125 0.1878419203125 0.8255080687499999 0.1998982 0.884511525 0.1724917046875 0.8778671484375 0.152856271875
0 0.2982987203125 0.9251696640624999 0.29085270625000004 0.9436061171875 0.296877575 0.9519257140624999 0.3234792625 0.957848796875 0.3749274125 0.9690780125 0.40864110625 0.9763585015625 0.422294184375 0.9640207890625 0.43383976874999997 0.9427819421875 0.43709511250000005 0.9282583109375 0.42522151406250003 0.91576120625 0.404966575 0.9110897484375 0.379130140625 0.9052724421875 0.3455500671875 0.8995077796875 0.3240318578125 0.8976564249999999 0.31574161875 0.9043716406250001 0.2982987203125 0.9251696640624999
0 0.40473565312500004 0.8227135640625001 0.37668849375 0.8218314390625 0.3597071609375 0.83071438125 0.3457807796875 0.8463833765625 0.3442806625 0.8615239656250001 0.3554801078125 0.8728048625 0.3845597578125 0.8768244265625 0.42412824374999997 0.88191948125 0.4537059125 0.8830131625 0.4762322859375 0.8662868671874999 0.48389695312500003 0.854618759375 0.47913535781250005 0.8434790609375 0.4717621828125 0.8327270546875001 0.4597428375 0.8314400078125 0.4354369109375 0.8258342578125 0.40473565312500004 0.8227135640625001
0 0.4082156453125 0.7614284734375001 0.394835865625 0.770434903125 0.3811767203125 0.789135559375 0.38048437343749997 0.807008184375 0.390699909375 0.8114149578125 0.44030779999999997 0.8167746984375001 0.4836600375 0.819772384375 0.4999246984375 0.807046978125 0.5084032015625 0.7917479640625 0.50778369375 0.780432128125 0.5050020421875 0.7703147890625 0.4844312859375 0.7663483546875 0.4583215515625 0.76386233125 0.43234543593749997 0.7628921375 0.4082156453125 0.7614284734375001
0 0.4420325640625 0.7548726484375 0.4634171578125 0.7552081734375 0.4906079640625 0.7570949515625001 0.5099215125 0.75751854375 0.52901640625 0.75117379375 0.54042230625 0.734782059375 0.5404404984375 0.7156932296875 0.5204588625000001 0.7076904859375001 0.483319753125 0.7044285953125 0.433256365625 0.704620996875 0.42280398124999996 0.71253470625 0.41292858906249996 0.729137996875 0.415801340625 0.73814490625 0.42375757187499996 0.7512235484375 0.4420325640625 0.7548726484375
0 0.4725211640625 0.6976951875 0.49858231562500005 0.7039178984375 0.5257731203125 0.7058046734375 0.5479715484375001 0.7025092921875 0.5722045671875 0.690136640625 0.5823532609375001 0.6702020703125 0.5750711859375001 0.6583396328125 0.5425236015625 0.6557124125 0.51366260625 0.65846119375 0.4875042890625 0.6597118546875 0.47746488906250006 0.6594471703125 0.4657067140625 0.6675547265625 0.45902595625 0.68609695625 0.45982766406250003 0.6951919375 0.4725211640625 0.6976951875
0 0.5033619625 0.6016350421875 0.49345011562499996 0.609249128125 0.48339858593749996 0.6217103296875 0.4797423890625 0.6316864703125 0.48310709375 0.6441304437500001 0.5213272734375 0.6467930859375 0.5764316218750001 0.648046159375 0.592520146875 0.631178665625 0.5957269078125 0.6203917203125 0.5938016109375 0.6092697312500001 0.5821466656250001 0.603540971875 0.5595473828124999 0.6022888656250001 0.5296538984375 0.601900209375 0.5033619625 0.6016350421875
0 0.58487959375 0.5230612734375 0.5602517875 0.524523490625 0.54669586875 0.5293878328125 0.5381748484375 0.542060590625 0.535235321875 0.5558791953125 0.5487365921875 0.5611144828125 0.57984476875 0.5624197203125 0.6222070359375 0.564906228125 0.6417149125 0.550383078125 0.6504120703125 0.541852409375 0.6511894515625001 0.5292323 0.6378703812500001 0.52177615625 0.6228325375 0.52269225625 0.6032031734375 0.5229736875000001 0.58487959375 0.5230612734375
0 0.5697930999999999 0.480547196875 0.5560975015625 0.4902586515625 0.5512205484375 0.5056811546875 0.5490037609375 0.51697928125 0.5652077109375 0.5207164484375 0.6051891796875 0.517633103125 0.6448123125 0.512628528125 0.6612591734375 0.4976822671875 0.6633423453125 0.4848683125 0.6561938875 0.4745217078125 0.6388602828125001 0.4751204734375 0.619230915625 0.47540190625 0.5922162453125 0.47765721718750004 0.5697930999999999 0.480547196875
0 0.6109224156249999 0.4540390890625 0.5955262359375 0.45303395625 0.5822922015625001 0.450830328125 0.5664891062499999 0.45164065156250005 0.545863703125 0.4577738453125 0.53559351875 0.4634667015625 0.5268477781249999 0.47573405625 0.5308866390625 0.4893942359375 0.5465986359375 0.4896943421875 0.5552897296875 0.48752661562500005 0.5727204984375 0.4794544796875 0.5979799421875 0.47658220937499995 0.6176093078125 0.476300778125 0.6235612671874999 0.46664196875 0.6205549 0.45611922812500005 0.6109224156249999 0.4540390890625
0 0.44337438906250004 0.48066682812500006 0.43832130156250004 0.49194724375 0.44182568906249997 0.499544103125 0.4547013890625 0.4998264984375 0.47753145156250004 0.4951210640625 0.5014851078125 0.4924426421875 0.5203552828125 0.4856924875 0.529599040625 0.47049925156250005 0.524248328125 0.4633958609375 0.51083209375 0.4634130890625 0.499353284375 0.46182641875 0.4801733546875 0.46291865625 0.4553147625 0.470338415625 0.44337438906250004 0.48066682812500006
0 0.399250903125 0.5310931703125 0.4012247828125 0.5384784734375 0.41103946562499993 0.5383377578124999 0.4355822390625 0.531623025 0.4592200734375 0.5296496265624999 0.4737659640625 0.525296465625 0.47859433281249997 0.5136106500000001 0.4748166453125 0.509345071875 0.464376390625 0.504532896875 0.44780803750000003 0.505237440625 0.42772317343750005 0.5110710109375 0.411282375 0.5196543296875 0.399250903125 0.5310931703125
0 0.3760321828125 0.5656920890625 0.38016820625 0.571878896875 0.398133446875 0.569870078125 0.42492339843750004 0.567209365625 0.44072649531249997 0.5663990437499999 0.4497819890625 0.5597896078125 0.45744665781249993 0.5481214999999999 0.45754382031249996 0.5406481265624999 0.45029820000000004 0.53777489375 0.4372888828125 0.5359766687499999 0.41770203281249996 0.5388843578125 0.399420975 0.5415982015624999 0.38140108906250003 0.5537066484375 0.3760321828125 0.5656920890625
0 0.3356499296875 0.61139480625 0.3366277734375 0.624631871875 0.362877190625 0.622270784375 0.388045534375 0.6205089421875 0.39948182499999996 0.6194693531250001 0.4148840671875 0.6141115421875 0.42358122500000006 0.605580871875 0.4306203203125 0.588959875 0.424637971875 0.5832665359375 0.4122602890625 0.5800582578125 0.3920903875 0.5806393140624999 0.37889887031249997 0.58106194375 0.3596703578125 0.5858908671874999 0.3462905765625 0.5948972953125 0.3356499296875 0.61139480625
0 0.2924131875 0.6761686421875 0.32712291250000003 0.67759736875 0.3577391359375 0.675465546875 0.3803930640625 0.6666180234375 0.395351934375 0.6540864656250001 0.4047353734375 0.634046115625 0.3858833890625 0.6217074390625 0.362111934375 0.62216500625 0.340138225 0.6258657890625 0.3196889578125 0.6361410734375 0.30144435468749997 0.6478441187499999 0.29102842500000004 0.6647470296875 0.2924131875 0.6761686421875
0 0.26122004374999996 0.7167777515625 0.2606248625 0.72717700625 0.279215675 0.730121078125 0.3119454578125 0.7305274453124999 0.332340078125 0.730351790625 0.34779090468749996 0.72125729375 0.35815825156250003 0.708091065625 0.364201309375 0.69732183125 0.3575448078125 0.6904122890625 0.3430049828125 0.68840250625 0.3153161578125 0.6894416125 0.2978003546875 0.692261234375 0.285914628125 0.6924900187499999 0.2732089984375 0.7027126531250001 0.26122004374999996 0.7167777515625
0 0.227366740625 0.7615112390625 0.22924345625 0.7763699125 0.25597876406250003 0.783808828125 0.2870869390625 0.7851140671875 0.304378025 0.78188904375 0.31911217812500003 0.7689520828124999 0.32632740937500004 0.756473171875 0.32530098281250003 0.7469727890625 0.31017810468749996 0.7426363734375 0.285374159375 0.7399565046875 0.26565369375 0.7413483640625 0.252237459375 0.7413655921875 0.2417425578125 0.7466530453125 0.227366740625 0.7615112390625
0 0.17602195781250002 0.8307794359375 0.187768003125 0.8353977640625001 0.20348000000000002 0.8356978703125 0.21608239999999998 0.8393115515625 0.22945005312500003 0.8430310078125001 0.24682617499999998 0.8450585015625001 0.259884075 0.8431200406249999 0.270834475 0.832280446875 0.2780071890625 0.8171752781249999 0.2859876734375 0.8048021453124999 0.27046394218750003 0.795918240625 0.2323348625 0.7921451703125 0.2163981484375 0.7914396625 0.205818209375 0.7914746 0.1968538171875 0.796973609375 0.1877497421875 0.8073197328124999 0.17922872031249998 0.8199924890625001 0.17602195781250002 0.8307794359375
0 0.165782165625 0.8518244359375 0.15496538124999998 0.864179859375 0.1423062046875 0.8860359796875 0.15062076875 0.901035853125 0.17662334375 0.9083509624999999 0.20665044843749997 0.9102554484375001 0.21790453906249999 0.9114367187499999 0.23592442500000002 0.8993282718750001 0.24224078593749998 0.8852277515625 0.2504520515625 0.8668970765624999 0.23204344062499999 0.8617321468749999 0.196525940625 0.8575713859375 0.176271003125 0.852899925 0.165782165625 0.8518244359375
0 0.827424025 0.2242538984375 0.82029376875 0.23126667968749998 0.8194800984375 0.239368746875 0.8243797640625001 0.2540971953125 0.8297283500000001 0.2615378421875 0.8397661281250001 0.259034228125 0.852171309375 0.2549123 0.861069221875 0.24814385468750003 0.8618337890625 0.2370085890625 0.8610341234375 0.23041289375 0.8606763718750001 0.2238782796875 0.8566009234375 0.217262128125 0.851662696875 0.2157148484375 0.839492503125 0.218788396875 0.827424025 0.2242538984375
0 0.7835201484375001 0.24369354687499997 0.77264764375 0.24910819062499998 0.7688703343750001 0.257016778125 0.7686564015624999 0.2632562 0.7707818125 0.270035146875 0.7726722374999999 0.2778624765625 0.7756814796875 0.2847635953125 0.7800725749999999 0.2875322796875 0.7892265234375 0.284906496875 0.8010600203125 0.28048937500000004 0.8111013015624999 0.2743113171875 0.8108487671875 0.266494215625 0.8093722015625 0.2608858140625 0.8070644124999999 0.254514 0.8063173546875 0.2472770578125 0.8008881062500001 0.24263549687500002 0.7938174671875 0.24165815 0.7835201484375001 0.24369354687499997
0 0.7502537921875 0.25876693125 0.7409455203124999 0.2596420078125 0.7291120249999999 0.264059128125 0.7222448124999999 0.2678656875 0.72026321875 0.27386076875 0.7212452609375 0.28004933125 0.7192882203125001 0.28756101093750003 0.7172540171875 0.2941973375 0.7161808062499999 0.30183118750000004 0.717527603125 0.3072054796875 0.720670115625 0.310666265625 0.726909534375 0.31088020156249996 0.7356215703125 0.3081933328125 0.7474024546875 0.3044174546875 0.7524494015625 0.3010078046875 0.754017134375 0.2927937953125 0.754336284375 0.2852718875 0.7543678421875 0.279439603125 0.7563774890625 0.27128667812499996 0.755654984375 0.265566334375 0.754490565625 0.25978490781249997 0.7502537921875 0.25876693125
0 0.62202838125 0.3145413515625 0.61798803125 0.32565616406250003 0.61621336875 0.332760709375 0.6160765953125 0.33987548125 0.618984121875 0.344384646875 0.624964003125 0.3441303640625 0.6338829671874999 0.34255295625 0.6449624015625 0.338247778125 0.6530010374999999 0.332873765625 0.659226409375 0.320547775 0.6637893359375 0.3066949625 0.663848946875 0.298704834375 0.66117640625 0.2931472890625 0.6561084109374999 0.2913659 0.6453691781249999 0.29334021250000003 0.6357452578125 0.2980627546875 0.627496190625 0.306001746875 0.62202838125 0.3145413515625
0 0.59767044375 0.3118229671875 0.58801846875 0.3187033546875 0.5774546093749999 0.3276194125 0.57185703125 0.3359249109375 0.5674554296875 0.34417955 0.565291459375 0.3505817671875 0.5705418328125 0.351956021875 0.5794081890625 0.35101986093750004 0.5892635921875 0.3489233796875 0.5980808421875 0.344954025 0.6033382171875 0.338979396875 0.609612696875 0.329686603125 0.6119835984375 0.32439385 0.6164343062500001 0.3191724078125 0.6194294984375001 0.313533603125 0.620292278125 0.30846473125 0.616343096875 0.30575713125 0.60648769375 0.3078536125 0.59767044375 0.3118229671875
0 0.7407315062500001 0.21140604999999998 0.7314407843749999 0.22114660625 0.732366715625 0.23165085468750002 0.7403176859375 0.2364248109375 0.7535295343749999 0.23154969687500002 0.7820365390624999 0.2181963390625 0.7993343390625001 0.208914053125 0.8015228640625001 0.20402843437499998 0.80009890625 0.1977787890625 0.7933684671875 0.19447057343750002 0.779714703125 0.1992846015625 0.7713709234375 0.19748275937499998 0.7544133234375 0.204434178125 0.7407315062500001 0.21140604999999998
0 0.6583670109375 0.24022914218750002 0.646372190625 0.2502444375 0.6404063578125 0.263038646875 0.6448676109375 0.274031565625 0.6572973421875 0.2714262375 0.6796666421875 0.2602508984375 0.7028917171875 0.251355571875 0.718734003125 0.24165592343750003 0.721497715625 0.23339105781249997 0.720775209375 0.2276707125 0.717271446875 0.22134975625000003 0.71207718125 0.21565981562499997 0.7014151109375 0.2185094828125 0.6729607140625 0.2312215953125 0.6583670109375 0.24022914218750002
0 0.5892389171875 0.2656937203125 0.577871890625 0.2716885234375 0.569650878125 0.2774696734375 0.5657683515625 0.28666075 0.5718218937499999 0.2909562609375 0.5846409312499999 0.28905325937500004 0.609682775 0.283435465625 0.6259634734375 0.2774713421875 0.6296075125 0.273003084375 0.6331743890625 0.2676594734375 0.6333883234375 0.26142005468749996 0.6264474515625 0.26067681875000004 0.6145929046874999 0.2599029 0.60408865625 0.2608288328125 0.5892389171875 0.2656937203125
0 0.5321126484375001 0.2737941171875 0.5192901062499999 0.279371559375 0.5183992734375 0.2865982734375 0.5209385453125 0.29559615 0.525329640625 0.298364834375 0.5386467046875001 0.2922072328125 0.5542785609374999 0.2850725609375 0.56408485625 0.2799428828125 0.5719165625 0.27345940625 0.571453596875 0.2682072828125 0.5649826953125 0.2653672859375 0.5508098546875 0.269244878125 0.543504228125 0.26931591250000003 0.5321126484375001 0.2737941171875
0 0.5520443921875 0.2560128546875 0.5422415968750001 0.25746808906249996 0.5287947640625 0.263391584375 0.51365393125 0.2736205359375 0.50283053125 0.2820683765625 0.50165210625 0.29098471406250004 0.506327290625 0.295738215625 0.5136364203125 0.29199274218750004 0.5164211812499999 0.288918915625 0.5202265453125 0.27885248281249997 0.5258977812500001 0.27509678125 0.5415296374999999 0.2679621109375 0.5539839234375 0.26687337968749997 0.55632676875 0.26373846875 0.5520443921875 0.2560128546875
0 0.54216105625 0.3419802421875 0.5373420906249999 0.3516903953125 0.5425118015625 0.3558637375 0.551248390625 0.35469346874999996 0.5618613546875 0.34881060625 0.5689951093750001 0.3381233828125 0.577324840625 0.32738530312499997 0.5878886999999999 0.3184692453125 0.590880390625 0.31650488125 0.58766071875 0.3121687390625 0.5811617609375 0.3114865859375 0.5695878046875 0.3163719296875 0.5606407859375 0.320107175 0.55494149375 0.32602071875 0.5502312468749999 0.3307739421875 0.54614529375 0.335181115625 0.54216105625 0.3419802421875
0 0.5179188390625 0.3269560453125 0.5107885859375 0.3339688265625 0.5031076999999999 0.3458774515625 0.5021888109375 0.3552620078125 0.50860710625 0.3587432484375 0.5199180218749999 0.3570641296875 0.5302714515625 0.3507130484375 0.5427888484375 0.3379597484375 0.5495052421875 0.32872804218749996 0.5545556890625 0.32164395 0.5534964859375 0.314580034375 0.5474674984375001 0.311801121875 0.5311867968749999 0.3177652453125 0.5179188390625 0.3269560453125
0 0.4894188375 0.33296051875 0.48059808593750003 0.3406043171875 0.47107237812499997 0.3513932515625 0.4686208140625 0.3594850953125 0.46875058281250004 0.359719203125 0.4742324390625 0.3637195203125 0.48442454062499996 0.3629666109375 0.49685777499999995 0.35668684375000004 0.5015189140625 0.348900421875 0.5034233484375 0.342029984375 0.5097749859375 0.3336125484375 0.514878040625 0.3258872109375 0.50801433125 0.326019328125 0.49797655 0.3285229421875 0.4894188375 0.33296051875
0 0.4914004328125 0.3269654359375 0.48487692187500003 0.324766684375 0.47408508125 0.327382240625 0.4650573984375 0.333916575 0.45956853906250006 0.33726514218750003 0.4525680546875 0.3445120328125 0.448376884375 0.3502016953125 0.445458853125 0.356715853125 0.4420462984375 0.36381017187500003 0.44414715468750005 0.36907252343749997 0.4512458515625 0.3678920265625 0.4598526703125 0.36648764843750004 0.465369584375 0.3609812375 0.4682876171875 0.3544670796875 0.47310307968750004 0.348431365625 0.4793495015625 0.34129641875 0.486427146875 0.33492488125 0.4934767375 0.3307111875 0.4914004328125 0.3269654359375
0 0.449123903125 0.33020094843750003 0.44171306093749996 0.33155446875 0.4206695046875 0.3429130609375 0.40815560937499995 0.35199192031250004 0.400425615625 0.3608673484375 0.3988578828125 0.3690813578125 0.40009946406249997 0.375738140625 0.4042836296875 0.3773973609375 0.4156471546875 0.37507699687499996 0.42399443437500006 0.3732044 0.43328165468749996 0.367138284375 0.434691565625 0.360848009375 0.4392474875 0.3543440765625 0.4432036734375 0.34970279375 0.4484084421875 0.3443694109375 0.45252245 0.33780439375000004 0.45471097499999996 0.332918775 0.449123903125 0.33020094843750003
0 0.3744192421875 0.341924371875 0.3678080640625 0.34987359218749997 0.3628873890625 0.35719179375 0.3572898109375 0.3654972890625 0.355985115625 0.370505078125 0.355487090625 0.3747596796875 0.3584472265625 0.3786276 0.3644271078125 0.378373315625 0.37191861249999997 0.37422070625 0.378891040625 0.369131659375 0.38799938749999996 0.3597982359375 0.40166365624999995 0.34396088125 0.40073071875000005 0.34080551875 0.40023969687500005 0.3377112375 0.3977986390625 0.3347797546875 0.39346015 0.331369825 0.3897950625 0.33064704218749996 0.384646403125 0.331664740625 0.3744192421875 0.341924371875
0 0.3553818359375 0.34880448125 0.3456527 0.3548095109375 0.3358709546875 0.3614557875 0.33032598750000003 0.36912004062500003 0.324987946875 0.377893753125 0.325215928125 0.3841942578125 0.32999633125 0.387665271875 0.3403217046875 0.3834720328125 0.349296778125 0.37757894375 0.3563989765625 0.3727240046875 0.35793865625 0.3666678375 0.360362165625 0.36073384062499997 0.3656475953125 0.35260136875 0.367187275 0.346545203125 0.359829040625 0.347257478125 0.3553818359375 0.34880448125
0 0.520591259375 0.2508005265625 0.5152567218749999 0.2558998015625 0.5099747921875 0.26035782812499997 0.501624009375 0.26590486874999997 0.4964964015625 0.27211360625 0.499144390625 0.276154553125 0.50298835625 0.2801446421875 0.5091015078125001 0.2764500265625 0.51688060625 0.2706077921875 0.52348828125 0.266333015625 0.531474309375 0.261600246875 0.539277959375 0.2572746125 0.5446089953125 0.255849778125 0.5531351515625 0.2572444859375 0.5592763578125 0.2513920265625 0.5619313499999999 0.248084090625 0.556582765625 0.24064344218749997 0.5528440171875 0.2353708625 0.5444967359375 0.23724346093749998 0.5363037765625001 0.24086676875 0.5277460656249999 0.2453043421875 0.520591259375 0.2508005265625
0 0.37771249375 0.2963349328125 0.373209178125 0.30219762031249997 0.3745279203125 0.30972975625 0.381237309375 0.3078469296875 0.3982510203125 0.29657982656250004 0.42275273281250003 0.2848345546875 0.4214059375 0.2794602609375 0.41737959375000006 0.2758773078125 0.4126518 0.27176505 0.4060721796875 0.2738819859375 0.395718753125 0.2802330671875 0.38487079999999996 0.287164309375 0.37771249375 0.2963349328125
0 0.3121758703125 0.34521018593749997 0.318594165625 0.34869142656249996 0.3434045234375 0.34044756875000004 0.356069240625 0.3367938625 0.3671521765625 0.3288142390625 0.3714731140625 0.32335868749999996 0.37077516250000003 0.3191549421875 0.36516003750000003 0.31859495781249997 0.352211228125 0.32026385 0.3422786640625 0.32148497656249997 0.326075125 0.32832445312499997 0.313897925 0.3387468828125 0.3121758703125 0.34521018593749997
0 0.28236071093750004 0.394483459375 0.2946080671875 0.39228526406249997 0.30402505625 0.3864532578125 0.31664767031249996 0.372417471875 0.32799364531249997 0.361231625 0.32722203437499997 0.35247808593749996 0.3134911125 0.3564167625 0.3026466609375 0.3596735625 0.2895084734375 0.369098471875 0.2781098890625 0.380925559375 0.27578809375 0.3892515109375 0.28236071093750004 0.394483459375
0 0.29019237656249997 0.3607622953125 0.28301301875 0.364741878125 0.275626728125 0.367611996875 0.2706323921875 0.370380403125 0.263554746875 0.376751940625 0.2553582859375 0.3840496859375 0.2547796 0.3911033765625 0.257711678125 0.39712913906249997 0.26426324375 0.39717005 0.2737293390625 0.3943712390625 0.275998525 0.3866865328125 0.280112534375 0.3801215171875 0.2867482640625 0.373688896875 0.29468518593750004 0.36592293124999997 0.30209953125 0.3608949671875 0.297578665625 0.3578921734375 0.29019237656249997 0.3607622953125
0 0.2714882875 0.45437347812500006 0.2627727515625 0.4607347875 0.2564737203125 0.46851098125 0.259300584375 0.475819234375 0.27708590625 0.47330567031250004 0.293103565625 0.47054776875000004 0.31096955 0.46523511875 0.314329496875 0.45878204375 0.3201866125 0.45094476562499997 0.32008840156249996 0.44487837187499996 0.3119550546875 0.44051155 0.2963267 0.44397177968749996 0.280747453125 0.4504652046875 0.2714882875 0.45437347812500006
0 0.2708325203125 0.5150271890625 0.27683695468749997 0.5162895015625 0.28754813125 0.5164730328125 0.2976630734375 0.5148447703125 0.30949656718749996 0.51042765 0.3170932890625 0.504992553125 0.3224278265625 0.49989327812499995 0.32245938125 0.49406099374999995 0.313077453125 0.490386275 0.30023385937499997 0.4907726765625 0.2906379953125 0.49333737656250004 0.280389784375 0.4984059703125 0.2742485765625 0.504258428125 0.269822421875 0.5109964703125 0.2708325203125 0.5150271890625
0 0.1923610546875 0.5236358796875 0.198754796875 0.5256005203125 0.2113669078125 0.52258805625 0.2229373609375 0.52137715625 0.234118509375 0.5194639296875 0.2430129203125 0.516369928125 0.2582063625 0.50549973125 0.25431329062499997 0.4984764453125 0.2450856828125 0.49655243281250006 0.2288610921875 0.49820086874999997 0.22124331874999997 0.49844492812499996 0.20912223281250003 0.5045516734375 0.200069996875 0.5095694109375 0.19400595 0.5162972234375001 0.1923610546875 0.5236358796875
0 0.18215136406250002 0.48828561718749997 0.18924655937499998 0.49077956250000004 0.21785177500000003 0.48349260000000005 0.230204346875 0.480011915625 0.23949156718750003 0.4739458 0.244257921875 0.464876890625 0.2346690609375 0.460092709375 0.22309860625 0.4613036078125 0.21079864218750002 0.464143046875 0.2013325484375 0.4669418546875 0.1927993875 0.472896028125 0.18491507499999998 0.4800207515625 0.18215136406250002 0.48828561718749997
0 0.2429601109375 0.3808227328125 0.2338272125 0.38863955625 0.22804725937499998 0.3973521875 0.22829979374999998 0.40516928906249994 0.2360718859375 0.4066759390625 0.24670940468749997 0.40230967343749996 0.25526711875 0.3978721 0.2540535921875 0.389057475 0.255281125 0.3831743328125 0.26204662343749996 0.376975821875 0.2711269140625 0.36980024375 0.262702471875 0.3707974875 0.25232449218749997 0.37563197187499997 0.2429601109375 0.3808227328125
0 0.319506009375 0.3194180625 0.3117269109375 0.3252602953125 0.3097453171875 0.331255378125 0.3139540375 0.334431196875 0.3214700953125 0.3317951875 0.341991071875 0.32317459843749996 0.3593134265625 0.3154089109375 0.3623577265625 0.31280330312500004 0.363167896875 0.3083756765625 0.3602077609375 0.3045077546875 0.3527478140625 0.3028280796875 0.3419033640625 0.3060848828125 0.3292632 0.3112551890625 0.319506009375 0.3194180625
0 0.2611031015625 0.33036840624999997 0.2581044078125 0.33968165156249996 0.25934598750000004 0.3463384328125 0.26659900625 0.34690864375 0.2792111140625 0.3438961796875 0.28875437187499997 0.34197272500000003 0.2988482609375 0.3351534234375 0.302309921875 0.33109230156249997 0.30405653125 0.3261455984375 0.298599228125 0.32366188125 0.28960310312500004 0.32436393125 0.28258506875 0.322745340625 0.27322419062500003 0.32426166093750003 0.2611031015625 0.33036840624999997
0 0.1857706875 0.3733500109375 0.197576128125 0.3710907328125 0.21242586874999997 0.3662258453125 0.22230932499999997 0.3619715234375 0.22668287187499997 0.355874725 0.22382795312499998 0.350724315625 0.21285723750000002 0.3500725671875 0.1969202390625 0.350031378125 0.18550060468750001 0.356667428125 0.1813585421875 0.3653902875 0.1857706875 0.3733500109375
0 0.1241516890625 0.43076514843749997 0.1316081359375 0.43611926562500003 0.1430803796875 0.428841971875 0.15824926875 0.41645517656250003 0.1713909578125 0.4033558265625 0.1732147296875 0.399284478125 0.164976165625 0.39620014531250003 0.1532759421875 0.39717693593750003 0.1399062703125 0.40397578125000005 0.1305383859375 0.4128409859375 0.12371677656249999 0.42335518125 0.1241516890625 0.43076514843749997
0 0.1476925328125 0.49973541718750003 0.16259488125 0.4942292859375 0.1734919359375 0.49033124062500005 0.181972490625 0.48501831093750003 0.18689666875 0.47402566874999996 0.1797243125 0.4706563703125 0.170626471875 0.46896646718749996 0.15988724062499998 0.47094077968750003 0.1478959203125 0.477281634375 0.1383211078125 0.48503737343750003 0.1359221515625 0.49248797031249997 0.1382299390625 0.4988597859375 0.1476925328125 0.49973541718750003
0 0.1549032875 0.3809727984375 0.17045448125 0.376637215625 0.18140414375 0.372097925 0.182323034375 0.36271336875000004 0.183238421875 0.3570032515625 0.17281133437500001 0.3588045390625 0.163916921875 0.36189854062500004 0.15298830937500002 0.3716288703125 0.1508243375 0.37803108750000003 0.1549032875 0.3809727984375
0 0.1008144765625 0.5027672234375 0.1104594453125 0.50323571875 0.1211741265625 0.4997448109375 0.1294196921875 0.495480259375 0.136213246875 0.48712390625 0.13910322343749998 0.48276759062499996 0.1349471125 0.478950525 0.12457613593750001 0.4764361265625 0.115271365625 0.47363676093749996 0.1054966265625 0.47293415312500003 0.09174115000000001 0.47535623125 0.083835784375 0.47728991406250004 0.0789186078125 0.4809336734375 0.1008144765625 0.5027672234375