0 0.6481067484375 1 0.6780011375 0.9805863562500001 0.6541395999999999 0.9461122906250001 0.63412895625 0.92097230625 0.6174915921874999 0.9146436 0.6027530609375 0.92145150625 0.5879206 0.9360579546875 0.5769554 0.949811021875 0.5869728875 0.97204504375 0.5945463875 0.9837072109375 0.6030494531249999 1 0.6481067484375 1
0 0.6463832453125 0.906934778125 0.6610655999999999 0.9261394 0.6830044140625 0.940631625 0.6918670015624999 0.9520093296875001 0.7136229609375 0.9389862078125001 0.7340252421875 0.9102617203125 0.7229576984375 0.889814975 0.693751509375 0.8595930125000001 0.6696211562500001 0.8349176734375 0.644427328125 0.8131436890625 0.6260203109375 0.8256500265625 0.6044094531249999 0.847974509375 0.6207381921875 0.8799270046875 0.6463832453125 0.906934778125
0 0.647155609375 0.77876369375 0.6602561703125 0.801206271875 0.6746189828125 0.8255925453125 0.6872549015625 0.8439154109375 0.7053935499999999 0.8536906296875 0.724265209375 0.8453040015625 0.7468187765625001 0.8301048640625 0.7545558 0.8068418796874999 0.723888584375 0.7698311734375001 0.6921847296875 0.7334936671875 0.676385228125 0.7216467109375 0.6650627296875 0.72236744375 0.645619075 0.7355469828125 0.6346538765624999 0.7493000484375 0.637828378125 0.7632662781249999 0.647155609375 0.77876369375
0 0.667393459375 0.6782973484375 0.6787939656249999 0.692448365625 0.697555775 0.714530578125 0.715640746875 0.72876210625 0.730403615625 0.7412822625000001 0.744768928125 0.74411231875 0.7598001671875 0.7343509187499999 0.7753899765625001 0.7209106859375 0.78117199375 0.71052361875 0.7618784437499999 0.6898920859375 0.7458667484375 0.67431415625 0.72706468125 0.655574178125 0.7110395656249999 0.641110328125 0.6966742499999999 0.6382802734374999 0.680858825 0.6491036109375 0.667063 0.6630368609375 0.667393459375 0.6782973484375
0 0.7054101578124999 0.5961301046874999 0.7175948515624999 0.6092191828125 0.7277465249999999 0.620312428125 0.7383896796875 0.633297228125 0.745259503125 0.63933686875 0.75834915 0.6413373078125 0.77775255 0.6315000015625001 0.78993974375 0.6230328640625 0.7999085625 0.6066107640625 0.80070616875 0.604434746875 0.78631651875 0.582276628125 0.7567236921875 0.5628067062500001 0.735276359375 0.5502060390625 0.7245124374999999 0.5472479375 0.7094812 0.5570093375 0.695180475 0.5701651109375 0.6958304765625 0.5802439500000001 0.7054101578124999 0.5961301046874999
0 0.7366157125 0.460354478125 0.7213051875 0.47195529531249997 0.7154694984375001 0.4867986703125 0.7207441109375 0.49719034375 0.808332434375 0.504973596875 0.8223807093750001 0.491429084375 0.8310201875000001 0.47863367968750004 0.8298116109375 0.4722336734375 0.8211478 0.46570101875000003 0.7965234640625 0.46069034062499997 0.7605497921875 0.45862854999999997 0.7366157125 0.460354478125
0 0.7976411031249999 0.4101679015625 0.7832086968749999 0.412908234375 0.7705971125 0.41391342968749995 0.7582245609375 0.4164214390625 0.7475923203125 0.423878778125 0.734062365625 0.437086690625 0.7377820234375 0.4484881625 0.75289126875 0.4535985125 0.7991642171875 0.45449869062500003 0.822327528125 0.45272062343749997 0.8360428421874999 0.44547184218749997 0.8451738000000001 0.434567990625 0.8486435078125 0.42402450937499997 0.8412956218750001 0.41497923593749997 0.83102318125 0.41391269062499997 0.8140931109375 0.4105374796875 0.7976411031249999 0.4101679015625
0 0.7501864171875 0.40063956093749997 0.7642321890625 0.4086512671875 0.7811890953125 0.409798321875 0.795873953125 0.40744672968750006 0.8115283546875001 0.4099923234375 0.82617295625 0.41098296406249996 0.8390504078125 0.40925243125 0.853058428125 0.39905015312500003 0.85595614375 0.39329958125000003 0.8576721234375 0.378920846875 0.8399981203125 0.373265340625 0.8104833046875 0.36866716875 0.7876126984375 0.3674917390625 0.766495825 0.3701515625 0.7520231609375 0.3762341265625 0.745150834375 0.39175070624999997 0.7501864171875 0.40063956093749997
0 0.8323893703125 0.321832975 0.8251194921874999 0.3276594515625 0.8149384796874999 0.34035058125 0.8129700515625 0.3543405734375 0.8221790171875 0.35830847499999996 0.8445447250000001 0.358706425 0.8757352624999999 0.352268096875 0.899231534375 0.3441943046875 0.9113918921874999 0.337955321875 0.9140262437500001 0.3113738703125 0.899913378125 0.308932553125 0.883713821875 0.3089517140625 0.8623176609375 0.3134509515625 0.8466095828125001 0.31536166875 0.8323893703125 0.321832975
0 0.781735846875 0.2790103453125 0.7763916390625 0.29574527968750003 0.7868494375 0.30277095 0.8211767249999999 0.29208486875 0.877114871875 0.2590743015625 0.8865116953125 0.24744511406249997 0.8832835203125 0.237935196875 0.86863891875 0.236944559375 0.8492623578125 0.24455370781250002 0.8312285578124999 0.24742208593749998 0.8063895234375 0.26023665 0.781735846875 0.2790103453125
0 0.6769709140625 0.3310177140625 0.6693412375000001 0.3453680765625 0.6717449703125 0.3592821640625 0.692343525 0.3569589421875 0.735522484375 0.33720842812499996 0.765319090625 0.3184109671875 0.7696266609375 0.302349234375 0.7638471484375 0.291180084375 0.751753884375 0.291848678125 0.7295064421874999 0.30298024375 0.7109006484375 0.3106415328125 0.6940485875 0.32213807031249997 0.6769709140625 0.3310177140625
0 0.5410959531249999 0.3827789453125 0.5283501828125 0.394924915625 0.527179359375 0.40673889531249996 0.5345809218750001 0.41132785624999996 0.5658385531250001 0.39931914062499996 0.600445128125 0.386793640625 0.6059612734375001 0.3771319140625 0.610706653125 0.367418046875 0.6072260265625 0.357519390625 0.594601025 0.3596386640625 0.57499885 0.3646309171875 0.5571369890625 0.3745725015625 0.5410959531249999 0.3827789453125
0 0.3982413171875 0.458969375 0.41009555000000003 0.45679796406250006 0.43360524062500005 0.44761009218750003 0.4565966140625 0.4387588203125 0.462870109375 0.4302633109375 0.46402751249999996 0.419563409375 0.455084415625 0.41487017187499997 0.43185401093750003 0.422218625 0.405261246875 0.43119794218749996 0.392222771875 0.4462974078125 0.3982413171875 0.458969375
0 0.3249109578125 0.4629288015625 0.3181191421875 0.4717609125 0.3244974859375 0.47590899531249997 0.34382037187500003 0.47275615625 0.35697711249999997 0.46918620781250003 0.37481213750000003 0.4614727796875 0.3802880265625 0.45515328593750004 0.380900275 0.4470181421875 0.37348529531249997 0.443543259375 0.366030059375 0.44341060624999995 0.3471986546875 0.44845500156250007 0.33684570156250004 0.454072925 0.3249109578125 0.4629288015625
0 0.29883991875000004 0.55668230625 0.28840645625 0.5689846968750001 0.27951453125 0.5813913625 0.2809084625 0.5937504953125 0.2927224421875 0.59492131875 0.3071548484375 0.592180984375 0.3188505625 0.581822290625 0.335278234375 0.5628638078125 0.3488752828125 0.5440855078125 0.34825211875 0.5317785125000001 0.3423652578125 0.529521984375 0.33156107968750004 0.52990611875 0.319360465625 0.5394873359375 0.309724609375 0.54961370625 0.29883991875000004 0.55668230625
0 0.2420991640625 0.634981321875 0.23141325156249998 0.6468949734375 0.223531125 0.6608565937499999 0.2182405921875 0.6731352171875 0.2271836890625 0.67782845625 0.238772053125 0.676382384375 0.2514373109375 0.670920878125 0.26212322499999996 0.659007228125 0.28011927187499996 0.63792486875 0.29213452812499996 0.6223845234375001 0.2914979453125 0.6111916078124999 0.2850927640625 0.6092716796875 0.27452761875 0.611158628125 0.266513809375 0.6147048125000001 0.2595098 0.61980595 0.250419096875 0.6273675671875 0.2420991640625 0.634981321875
0 0.131969096875 0.7695063546875 0.12796765000000002 0.781500515625 0.12627850937500001 0.79365109375 0.131354346875 0.799197715625 0.1403377 0.800548721875 0.15142116562500002 0.7983251703125 0.16020574375000002 0.794831128125 0.17244661249999998 0.7819076765624999 0.1805543515625 0.77056295 0.1897121453125 0.75743094375 0.20330919375 0.73865264375 0.21344995312499998 0.7293037499999999 0.21878074062500003 0.7136828937499999 0.2108877 0.7072023765625 0.19828953437500002 0.7070934953125 0.183298553125 0.7135126609375 0.1705662015625 0.7245445546875 0.1575814015625 0.7351877109375 0.1429745546875 0.7524110546875 0.131969096875 0.7695063546875
0 0.8810542296874999 0.20953809687499997 0.9027223624999999 0.20209882812500002 0.8792445140625 0.165946109375 0.8687001000000001 0.167819596875 0.8541335078125 0.18170070625 0.8626228781249999 0.202716375 0.8810542296874999 0.20953809687499997
0 0.8527311609374999 0.1273432171875 0.8346436859375 0.13466790625 0.8159305453125001 0.151241815625 0.796978371875 0.1663129109375 0.8037811046875 0.1779229390625 0.86072905 0.1464673296875 0.8527311609374999 0.1273432171875
0 0.32844839062500003 0.9382039421874999 0.32230657812499997 0.95711489375 0.328897115625 0.96499395 0.3558471765625 0.969046965625 0.40795331093750004 0.9766599843750001 0.442092740625 0.981570990625 0.4548519265625 0.9683109406250001 0.46488783749999996 0.9463184515625 0.4671221359375 0.93160311875 0.45440570625000004 0.9199647171875001 0.43387424374999994 0.9167175500000001 0.40769494999999994 0.9127166734375001 0.373794553125 0.9093084812500001 0.35219961718750004 0.9089626703125001 0.344398003125 0.9162398265625 0.32844839062500003 0.9382039421874999
0 0.4274790734375 0.82857275625 0.39943870000000004 0.8296492499999999 0.38311837656250003 0.8396951109374999 0.3703189328125 0.8562973921875001 0.3698786234375 0.87150574375 0.381837703125 0.8819779265625 0.41112690625 0.8839592062499999 0.45095441875000003 0.886281690625 0.4805363296875 0.8853094734375 0.5018410640625001 0.8670525625 0.5086731343750001 0.8548782171875 0.503146071875 0.84409780625 0.495040834375 0.83388631875 0.4829609875 0.833440834375 0.4583232328125 0.8295442359375 0.4274790734375 0.82857275625
0 0.42667555625000003 0.7671941984374999 0.41395662499999997 0.777112015625 0.4016352453125 0.7967199328125 0.402191315625 0.8145973171875 0.41268936875 0.8182807546875001 0.46255029375 0.8201669671875 0.506006034375 0.820133253125 0.5213433968750001 0.8063042796875 0.5287340406250001 0.790451103125 0.5273266890625 0.779206046875 0.5238460640625 0.7693073906250001 0.5030487328125 0.7667855625 0.476829184375 0.76612691875 0.45084866874999996 0.7669710890625 0.42667555625000003 0.7671941984374999
0 0.45995278749999996 0.7582953953125 0.48130869374999996 0.757138390625 0.5085648796875 0.7571238359375 0.5278609296875 0.7561991515625001 0.546466721875 0.7485378640625 0.556701409375 0.7313904250000001 0.5553879875 0.712346825 0.53489678125 0.705757425 0.497620603125 0.7050941734375 0.4476925890625 0.70877835 0.4378176984375 0.7174019046875 0.42912454999999994 0.7346536218749999 0.43261859375 0.7434381984375 0.4414677625 0.7559299828125 0.45995278749999996 0.7582953953125
0 0.48637862031249995 0.6991304390625 0.5128103625 0.70352005625 0.540066546875 0.7035055015625 0.5619810265625 0.6986696625000001 0.5852919421875 0.6846367421874999 0.5940253484375 0.6640427921875001 0.58593353125 0.652717225 0.553281965625 0.6523668078125 0.52468301875 0.657122134375 0.49867566406249997 0.6601944625 0.48864225625 0.660630734375 0.477478278125 0.66953875 0.472107234375 0.6885018390625001 0.4735414234375 0.6975187390625 0.48637862031249995 0.6991304390625
0 0.510443475 0.6011529453125 0.5010869046875001 0.6094399 0.491929109375 0.6225719062499999 0.48897771875 0.6327787875 0.4932022765625 0.6449577375 0.5315150890625 0.6449477906250001 0.586572615625 0.642353925 0.6014453328125 0.6244052421874999 0.603891825 0.6134208796875 0.6011953859375 0.6024602875 0.5891692140625 0.597558490625 0.5665376390625 0.5978858796875001 0.5366898609375 0.5995834343750001 0.510443475 0.6011529453125
0 0.5862815046875001 0.5170841953124999 0.5618156890625 0.5202608015625 0.5486321125 0.5260589062500001 0.5410158546875 0.5392951906250001 0.5390474265625 0.553285184375 0.552881003125 0.5575659187500001 0.5840044515625 0.5566979796875 0.6264369750000001 0.5562233875 0.6448842484374999 0.5403748140625 0.6529651515625 0.53125824375 0.652860303125 0.5186146484374999 0.6390535640625 0.512105759375 0.62411625625 0.5140686140625 0.6045543390625 0.5157186359375 0.5862815046875001 0.5170841953124999
0 0.568266128125 0.4757260625 0.555281328125 0.4863692171875 0.551492075 0.5020943499999999 0.5500688046875 0.513519590625 0.566493975 0.5161173234375 0.6061629671875 0.5102525234375 0.645340478125 0.5024961703125 0.660704678125 0.4864390421875 0.66188891875 0.4735109875 0.65403613125 0.4636882375 0.6367865171875 0.46549467499999997 0.6172245984375 0.467144696875 0.5904330578125 0.4712789625 0.568266128125 0.4757260625
0 0.6074461421875 0.4464134921875 0.5920173531249999 0.4464847890625 0.5786618390625 0.44520968906249997 0.5629537640625 0.44712040625 0.5428064328125 0.4546774171875 0.5329583812500001 0.46107281718750004 0.525089671875 0.4739203609375 0.5300715796875 0.487265528125 0.5457662375 0.486468890625 0.554284946875 0.48370018437500006 0.571110171875 0.4744318015625 0.596107725 0.46980451875 0.61566964375 0.468154496875 0.6209333406249999 0.45810402968749997 0.617200265625 0.4478166359375 0.6074461421875 0.4464134921875
0 0.44216371250000003 0.484663925 0.43790981562500003 0.49626934843750004 0.44193559843749997 0.5036032484375 0.45479963124999995 0.5029867921875 0.477245846875 0.4967002765625 0.500954315625 0.4923574546875 0.5193076578125 0.4843074265625 0.5274690718749999 0.4685063890625 0.5216358859375 0.4617935484375 0.5082535328125 0.4627466046875 0.49669200468749997 0.46196452031249996 0.4776349875 0.4643920203125 0.4533545265625 0.4735277546875 0.44216371250000003 0.484663925
0 0.40166527187499995 0.5380453296875001 0.4041495171875 0.5452749531250001 0.4139304765625 0.5444499421875 0.43794506718750004 0.5360395484375 0.4613876640625 0.5324220656249999 0.47559446093749996 0.5270648375 0.47959590625 0.5150706781250001 0.4755298703125 0.5110790093750001 0.4647793671875 0.5070068328125 0.4483005203125 0.508865409375 0.428671509375 0.5160858187499999 0.41286950468750006 0.52579508125 0.40166527187499995 0.5380453296875001
0 0.380916609375 0.5741796234375001 0.385474128125 0.580062846875 0.403255478125 0.5768057296875 0.4297945703125 0.572282725 0.4455026453125 0.570372009375 0.4540750296875 0.56314699375 0.46090710156250003 0.5509726484375 0.4604827125 0.543510703125 0.4530543140625 0.5411498984375 0.4399512484375 0.5402635375 0.42061494218749995 0.5445304531249999 0.4025677234375 0.5485129093750001 0.385436375 0.5618488640625 0.380916609375 0.5741796234375001
0 0.3438207859375 0.622587934375 0.34571961875 0.6357245453125 0.37174039375 0.6315381421875 0.396724528125 0.6280249375 0.4080604421875 0.626190125 0.423051425 0.619770959375 0.4311323265625 0.6106543875 0.436994853125 0.5935828546875 0.4306299296875 0.5883206921874999 0.41805860156249997 0.585983653125 0.3979783640625 0.587970275 0.38484846093749997 0.58931206875 0.3660036375 0.5954705421875001 0.35328470625 0.6053883578125 0.3438207859375 0.622587934375
0 0.3052077609375 0.6902200281249999 0.3399326 0.6892240468749999 0.3703255328125 0.6849617375 0.39230710625 0.674555509375 0.40635538125000004 0.6610109984375 0.41431801874999996 0.6403649109375 0.394651253125 0.6293713375000001 0.3709696234375 0.631486003125 0.34930759375 0.63671058125 0.3296249078125 0.6483873015625 0.3122411109375 0.66133451875 0.30302964062500004 0.678922834375 0.3052077609375 0.6902200281249999
0 0.27692335 0.7329061390625 0.277055034375 0.7433215796875 0.2958059296875 0.7449616515625 0.32848433125 0.7430839140625001 0.34881701875000004 0.74148603125 0.3635958078125 0.7313358921875001 0.3730194703125 0.717478546875 0.378296584375 0.7063140031249999 0.3711743109375 0.6998856250000001 0.356529709375 0.6988949859375 0.3289808171875 0.7018630359375 0.31170436874999996 0.7058976296874999 0.299863553125 0.7069549625 0.2879019703125 0.7180389953125 0.27692335 0.7329061390625
0 0.24627296406250002 0.7798921453125 0.24918159687500002 0.7945837109375 0.27637069062499997 0.8001395453125 0.30749413593749997 0.7992716078125001 0.3245181359375 0.794848275 0.3383139609375 0.7809150265625 0.34464113125 0.7679632046875 0.34295449218749996 0.7585575640625 0.327565959375 0.7552866296875 0.302635496875 0.7543435234375 0.28306016093749997 0.7571076234375 0.26967780937499997 0.7580606796875 0.2595773078125 0.7640673390625 0.24627296406250002 0.7798921453125
0 0.199885159375 0.8525732390625 0.21192475000000002 0.8563609546875 0.2276194078125 0.8555643171874999 0.24044318593749997 0.858290096875 0.2540377328125 0.8610680125 0.271512959375 0.86187846875 0.2844038296875 0.8590338578125 0.2945714234375 0.8474568078125 0.30067298125 0.8318880906249999 0.30777091875 0.8189884078125 0.2916652921875 0.8112090249999999 0.253365896875 0.8101048953125 0.237418790625 0.8105127953125001 0.2268670625 0.8112856671875001 0.21830809687500002 0.81739660625 0.209947909375 0.82835259375 0.20233165 0.8415888765625 0.199885159375 0.8525732390625
0 0.191138334375 0.8742812671875001 0.181209771875 0.887361134375 0.1701060375 0.9100470734374999 0.1794466859375 0.9244304124999999 0.205896196875 0.92991385625 0.23598300625 0.9297191171874999 0.247292084375 0.9301124640625 0.2644234328125 0.9167765093750001 0.2697408046875 0.9022697296875 0.276653384375 0.8834109187499999 0.257929328125 0.879542690625 0.2222081078125 0.8778696406250001 0.20167664531249999 0.874622471875 0.191138334375 0.8742812671875001
0 0.8073913609375 0.20208565625000002 0.8007676609375001 0.2095787359375 0.8005211437499999 0.2177178265625 0.8064362781250001 0.2320686125 0.8122908687500001 0.2391180375 0.822129553125 0.23592032187499998 0.834216984375 0.23094309218750003 0.8426210781249999 0.22357044843749999 0.8426070265625001 0.2124089734375 0.8413492171874999 0.2058851265625 0.8405365046875 0.1993913859375 0.836009465625 0.193075640625 0.8309753343749999 0.191876603125 0.8190491859375 0.195791615625 0.8073913609375 0.20208565625000002
0 0.7649504734375 0.2245405296875 0.7544821609375 0.2307004125 0.751265728125 0.2388532265625 0.7514875546875001 0.245092371875 0.754080665625 0.2517065453125 0.756512490625 0.2593829390625 0.7599958 0.26605733125 0.764569334375 0.2685129640625 0.77351781875 0.26525503125 0.785014365625 0.26002320624999997 0.794600228125 0.2531597546875 0.793803015625 0.24537931093749998 0.7919388234375 0.2398875703125 0.78919218125 0.2336922609375 0.7879421203125 0.22652505937499998 0.78220231875 0.22227353125 0.775080725 0.2217917875 0.7649504734375 0.2245405296875
0 0.73281661875 0.24189774062499997 0.7235920625000001 0.24341999687500002 0.7120955171875 0.248651821875 0.7055105640625 0.252928140625 0.7039519921874999 0.259046846875 0.7053633359375 0.2651518296875 0.70393505 0.27278172968750003 0.702368728125 0.2795437890625 0.7018306437499999 0.28723390625 0.7035490515625 0.29250115781249997 0.7069253203125 0.2957343046875 0.7131644640625 0.295512478125 0.72166785 0.292224434375 0.733156646875 0.2876359609375 0.737953453125 0.28388256093750003 0.7389443875 0.2755792 0.7387380578125 0.268053353125 0.7383626984375 0.2622330734375 0.7397987328125 0.2539598234375 0.73867895625 0.24830381250000003 0.73711408125 0.24261769531250002 0.73281661875 0.24189774062499997
0 0.6087941859375 0.30648084999999997 0.6055390078125 0.317850428125 0.6042642546875 0.3250614609375 0.6046241171875 0.33216844375 0.6078391046875 0.33646380468750003 0.61378668125 0.33579300624999997 0.6225738859375001 0.3335972859375 0.633326015625 0.3285297328125 0.6409701984375 0.32260806249999996 0.6463205875 0.3098778390625 0.6499060765625 0.2957404765625 0.6494081781250001 0.287765653125 0.646354471875 0.28240807343749996 0.641174559375 0.28098455 0.6305992078125 0.28370318437500003 0.621328159375 0.289085553125 0.61365298125 0.2975806328125 0.6087941859375 0.30648084999999997
0 0.5843059562499999 0.3054682125 0.5751574453125 0.3130051265625 0.565241271875 0.3226363625 0.5602366921875 0.3313120953125 0.5564216265625 0.3398536671875 0.5547095234375 0.346391240625 0.5600429703125 0.3473959 0.5688224265625 0.34584353437500004 0.578507578125 0.3430646828125 0.5870264609375 0.3384899359375 0.5918542609374999 0.332163125 0.597465225 0.3224552828125 0.5994611453124999 0.3170100375 0.6035367828125 0.311490846875 0.6061313359375 0.30565684531250004 0.6066384265625 0.3005401359375 0.6025099921875 0.2981146125 0.592824840625 0.3008934640625 0.5843059562499999 0.3054682125
0 0.7200138 0.19531646875 0.7114251765625 0.20568138593750002 0.7130815921875 0.2160954578125 0.7213462093749999 0.220303153125 0.734185803125 0.21451830156249999 0.7616918828125 0.199208925 0.778300046875 0.18874261718750002 0.7801424375 0.183716234375 0.7782859953125 0.1775811421875 0.7713411812500001 0.174750478125 0.7580564859375001 0.18050521875 0.7496073421875 0.179289796875 0.73317595625 0.18740718437499998 0.7200138 0.19531646875
0 0.6398605390625 0.22981480625 0.6285935671875 0.24064242187499998 0.6235347453125 0.2538216203125 0.628751959375 0.2644765609375 0.6409696734375 0.26101052343750003 0.66250493125 0.24830200468750002 0.6850529234375 0.23780824687500002 0.70018000625 0.2270271234375 0.7023604578125 0.218589603125 0.70124068125 0.21293359375 0.6973045250000001 0.20687244374999997 0.691726003125 0.20155869843750002 0.6812886875 0.205145171875 0.6537903578125001 0.2198111953125 0.6398605390625 0.22981480625
0 0.5726771562499999 0.26003948593750004 0.5617559953125 0.266812609375 0.55395828125 0.27315314687500003 0.5507263499999999 0.282592665625 0.557064784375 0.2864554375 0.56971985 0.2836628625 0.5943088140625 0.276311921875 0.61013381875 0.26922664375 0.613457290625 0.264515075 0.6166427265625 0.2589356671875 0.6164208999999999 0.2526965234375 0.609445090625 0.25243926875 0.5975654359375 0.2524941671875 0.5871513640625 0.254150584375 0.5726771562499999 0.26003948593750004
0 0.5162551 0.272105078125 0.5038528546875 0.2785633890625 0.5034683015625 0.28583464062499997 0.5066290484375 0.2946334671875 0.5112025796874999 0.2970891015625 0.524057671875 0.2900175484375 0.5391537609375 0.2818098328125 0.548578340625 0.276008596875 0.555938703125 0.2689946015625 0.555110496875 0.26378756718749996 0.54845725 0.2614058765625 0.5345894203125 0.2662626703125 0.5273065453125 0.26684314531250003 0.5162551 0.272105078125
0 0.53489793125 0.2529767625 0.5252205265625001 0.2551122609375 0.5122196531250001 0.2619593296875 0.49782923749999997 0.273219534375 0.48762149531250004 0.28240180000000004 0.4870679125 0.2913786203125 0.49206329687499994 0.2957944171875 0.49909335 0.2915482078125 0.5016569078125 0.28828761406250003 0.5047508046875 0.2779802546875 0.5101462406249999 0.27383809531250003 0.5252423296875001 0.2656303828125 0.5375903296875 0.2636755359375 0.5397087890625001 0.26038483281249997 0.53489793125 0.2529767625
0 0.5310354515625 0.3394241640625 0.526905571875 0.3494468171875 0.5323538078125 0.353249371875 0.5409874796875 0.3514725203125 0.5511642250000001 0.34486366562500004 0.5575350984375 0.33370485 0.5650954890625 0.322411875 0.5750116625 0.3127806390625 0.5778590390625 0.3106123703125 0.574344734375 0.306511384375 0.567814025 0.3062842375 0.5566090453125 0.3119650390625 0.547944378125 0.316315296875 0.542671478125 0.3226119984375 0.5383042734375 0.32768221406250003 0.5345357015625 0.3323636734375 0.5310354515625 0.3394241640625
0 0.505804253125 0.32612761562500003 0.49918055624999996 0.3336206953125 0.49234908437499997 0.3460361046875 0.4920870671875 0.3554618984375 0.498732565625 0.35848694062500003 0.5098988015625 0.356022903125 0.5197839796875 0.348965075 0.531381259375 0.335369671875 0.5374373218749999 0.325691940625 0.5419813046875 0.318272803125 0.5404319281250001 0.31129998125 0.5342237796875 0.3089483984375 0.5183987734375 0.31603367968749996 0.505804253125 0.32612761562500003
0 0.477792528125 0.33410552187500003 0.4695264671875 0.34234600625 0.46077656093749997 0.35377313906249996 0.45889542812500006 0.362016284375 0.45904121093750005 0.3622407703125 0.4647887625 0.365848946875 0.474903515625 0.3643869078125 0.486868409375 0.35725513750000004 0.49097504062499997 0.3491625390625 0.492395578125 0.34217599062500004 0.498144571875 0.333335990625 0.5026963046875 0.3252735015625 0.49585852968750005 0.325884084375 0.48601984375 0.3290818015625 0.477792528125 0.33410552187500003
0 0.4793511 0.327986815625 0.472690103125 0.3262484765625 0.462107003125 0.3296104625 0.45355712343750004 0.33675861875 0.44831521875 0.3404819125 0.4418373046875 0.3481994796875 0.438053234375 0.3541676421875 0.435596715625 0.360869484375 0.43268734843749995 0.36818456875 0.4351501703125 0.373287553125 0.4421492265625 0.371614753125 0.45063711562500003 0.3696134140625 0.4557564828125 0.3637355765625 0.458213003125 0.35703373437499997 0.46259570468750005 0.3506768140625 0.468329203125 0.3431235171875 0.4749451515625 0.336273790625 0.48168363750000004 0.33157860625 0.4793511 0.327986815625
0 0.43740325156250004 0.33416350625 0.430104878125 0.3360306859375 0.40990491875 0.34882953125 0.398054815625 0.35875920156249996 0.390962771875 0.3681522265625 0.3899718375 0.3764555875 0.39167474687500003 0.38300954531250003 0.3959644625 0.3843728515625 0.4071384453125 0.3812654609375 0.41533476562500005 0.378815146875 0.42417621250000004 0.372115965625 0.42514390156250004 0.3657426625 0.429235034375 0.3589367671875 0.43285782343749996 0.354030821875 0.437677875 0.3483473640625 0.441323909375 0.3415113609375 0.44316629843750005 0.3364849796875 0.43740325156250004 0.33416350625
0 0.363698353125 0.3510695078125 0.3576577875 0.3594605359375 0.353259590625 0.367104159375 0.3482550109375 0.375779890625 0.34730281875 0.380866490625 0.34710279375 0.38514546875 0.35032553125 0.3887974796875 0.3562731078125 0.388126678125 0.3634566921875 0.3834616046875 0.37005714218749997 0.37789858125000003 0.378492234375 0.367952528125 0.391018459375 0.35120058125 0.3898676890625 0.3481179828125 0.389162015625 0.3450654921875 0.386522415625 0.34231142812500004 0.3819566296875 0.33921244375000004 0.37825005 0.3387470859375 0.3731849234375 0.34012145781249997 0.363698353125 0.3510695078125
0 0.34518725156249996 0.3592608390625 0.3359007046875 0.3659299109375 0.32660640937499996 0.3732423375 0.3216095796875 0.38127471874999996 0.316896565625 0.390399421875 0.3175634921875 0.396668675 0.322574378125 0.3997977703125 0.3325820921875 0.3948944828125 0.341124221875 0.3883896796875 0.34787045625 0.38305114375 0.348983928125 0.3769023265625 0.3509876 0.370813728125 0.3556928625 0.3623323734375 0.356806334375 0.3561835578125 0.3495157109375 0.35740738437499997 0.34518725156249996 0.3592608390625
0 0.5031578234375 0.249971190625 0.4981919890625 0.2554301609375 0.49323390156249997 0.260245778125 0.48529040312499994 0.26636182812500003 0.480608384375 0.272913125 0.48353180625 0.2767595140625 0.4876447421875 0.2804717421875 0.4934852796875 0.27635969375 0.50083789375 0.2699890484375 0.5071312796874999 0.26526375625 0.5147677125000001 0.2599854390625 0.5222506140625 0.2551259859375 0.527469271875 0.25333275 0.5360719484375001 0.25412930624999996 0.5417899484375 0.2478627140625 0.5442077234375 0.24437763281249997 0.538353134375 0.2373282078125 0.5342556968750001 0.23232927343749998 0.526059375 0.2347795875 0.518139121875 0.2389655796875 0.5099118078125 0.2439893015625 0.5031578234375 0.249971190625
0 0.36380342187500003 0.305361396875 0.3597200390625 0.31152393749999996 0.36156098281250004 0.318945734375 0.3681226875 0.3165994703125 0.38430900156250003 0.3041729984375 0.4079317203125 0.2907471828125 0.4062133140625 0.2854799296875 0.40194684374999995 0.28218656875 0.39694371093749997 0.278414121875 0.3905277875 0.280984871875 0.38064261093749996 0.2880427 0.3703045828125 0.2957137734375 0.36380342187500003 0.305361396875
0 0.301835809375 0.35868919374999997 0.3084813078125 0.3617142375 0.3326561671875 0.3517597796875 0.3450351625 0.3472315265625 0.3555344734375 0.338498234375 0.359464325 0.332754559375 0.358474834375 0.32860974062500004 0.3528343234375 0.32844281249999996 0.340033475 0.3310109015625 0.33021028750000003 0.3329219140625 0.314523315625 0.3408750328125 0.30310281250000004 0.3521215125 0.301835809375 0.35868919374999997
0 0.2755304078125 0.409922240625 0.28759459062500004 0.40687506874999996 0.2965818203125 0.4004003734375 0.3081946 0.38551826718750004 0.3187326515625 0.37356821562500003 0.31735230468750003 0.364889825 0.303929578125 0.3697767265625 0.2933387265625 0.3737820640625 0.28088999062500003 0.3841004875 0.2703441890625 0.396693890625 0.2686088390625 0.4051615203125 0.2755304078125 0.409922240625
0 0.2809907265625 0.3757369109375 0.2741064578125 0.38020760625 0.2669383703125 0.3835859765625 0.2621493140625 0.3866960265625 0.255533365625 0.393545753125 0.2478659359375 0.401397478125 0.2477807 0.408474353125 0.25112597187499996 0.41428090624999997 0.25766443125 0.41386470312499996 0.266912234375 0.4104123890625 0.268639834375 0.4025881125 0.27228586875 0.395752109375 0.2784567171875 0.38887227343749997 0.2858325796875 0.38057157343750003 0.2928781296875 0.375038659375 0.2881588125 0.3723585390625 0.2809907265625 0.3757369109375
0 0.2688621859375 0.47042479375 0.260611621875 0.477378571875 0.254870375 0.485575221875 0.2582001515625 0.49266847968749994 0.2757668109375 0.48892039687500005 0.291553071875 0.48505187968749996 0.30900494375 0.47850590156250006 0.31190656250000004 0.47183416874999995 0.317202709375 0.46360740937499995 0.31668156718749996 0.45756264375000005 0.30826341875 0.45377381406249995 0.2929145078125 0.4583157921875 0.27782616875 0.4658801546875 0.2688621859375 0.47042479375
0 0.272439003125 0.5309764984374999 0.2785168671875 0.5318168890625 0.289214753125 0.5312527984375001 0.299191475 0.5289229203125 0.3106880203125 0.523691096875 0.317887103125 0.51773931875 0.3228529390625 0.512280346875 0.322477578125 0.5064600687499999 0.3128621671875 0.5034487515625 0.3000768140625 0.5047301359375 0.29068322968750004 0.5079579609375 0.28081355 0.5137290875 0.27509554999999997 0.519995678125 0.27115019687499997 0.527026059375 0.272439003125 0.5309764984374999
0 0.194759203125 0.5450381125 0.2012744171875 0.5465519624999999 0.213645665625 0.542667059375 0.2251034671875 0.5406519953125 0.23612391718749998 0.537963471875 0.24478083750000001 0.5342565640625 0.2591790015625 0.52235300625 0.25480549375 0.5156183953125 0.24546615156249998 0.5143427546875 0.22939607187500002 0.5171189468749999 0.2218138796875 0.5178938 0.21014830468749998 0.52483119375 0.2014681390625 0.530468159375 0.1958881734375 0.5376025906249999 0.194759203125 0.5450381125
0 0.1821084734375 0.510486153125 0.189360353125 0.5124790875 0.217387575 0.5032144765625 0.22946725781250002 0.4988806 0.23830870312500002 0.49218141718749997 0.2424308328125 0.48280211562500003 0.2325316015625 0.47869847187500003 0.22107380000000001 0.480713534375 0.20900186718749997 0.484404059375 0.1997540671875 0.48785637031249995 0.1916570359375 0.49439128437499996 0.1842889234375 0.502048634375 0.1821084734375 0.510486153125
0 0.23527286093750002 0.3990432390625 0.22670748281250003 0.40747809999999995 0.22154937343749997 0.416572696875 0.2223465859375 0.42435314062499996 0.2302048453125 0.425313965625 0.240511875 0.42021630156249995 0.24873919375 0.41519258125 0.24691374531250002 0.4064840796875 0.24772790156250002 0.400529640625 0.2540445328125 0.3938742921875 0.2626021609375 0.3860827828125 0.25426780625 0.3876652578125 0.24425234218749997 0.393211896875 0.23527286093750002 0.3990432390625
0 0.307348925 0.3324485765625 0.299996309375 0.3388192203125 0.2984377375 0.344937928125 0.3028577390625 0.347812425 0.3101716109375 0.3446585421875 0.33004125625 0.33462748124999997 0.34677970937499997 0.325672365625 0.349634834375 0.3228607453125 0.350134175 0.3183873890625 0.34691143750000003 0.314735378125 0.3393524953125 0.3135801734375 0.3287616453125 0.3175855140625 0.3165129328125 0.323624959375 0.307348925 0.3324485765625
0 0.249852140625 0.347446225 0.2475104109375 0.3569459625 0.24921331875 0.3634999203125 0.2564884453125 0.36356279687500004 0.26885969374999996 0.3596778953125 0.2782455296875 0.35709342187500004 0.287839140625 0.3495866171875 0.2910090796875 0.345293915625 0.2924063703125 0.340237425 0.28678910625 0.3381404390625 0.277863865625 0.33946831875 0.2707500203125 0.338343221875 0.2615177171875 0.34050883125000003 0.249852140625 0.347446225
0 0.17770147812499998 0.3955780515625 0.1893205625 0.392500771875 0.20379477031249998 0.3866118703125 0.21335738593750003 0.3816784765625 0.2172949875 0.375291446875 0.21408775000000002 0.37035273125 0.20309829375000002 0.37046785 0.18719724375 0.3715384703125 0.176268334375 0.37895494687500003 0.1727448375 0.3879454953125 0.17770147812499998 0.3955780515625
0 0.1202376578125 0.4571516546875 0.1280494265625 0.46197259375 0.13898608437499999 0.4539127625 0.1532539640625 0.4404980125 0.16544987656250001 0.42651385468749997 0.166985203125 0.42232520312500005 0.15855155468749998 0.419823078125 0.1469479703125 0.4216136546875 0.1340851296875 0.42932856093750005 0.1253584703125 0.438825640625 0.11928691250000001 0.449790075 0.1202376578125 0.4571516546875
0 0.1485322796875 0.5243117890625 0.1630142375 0.517779534375 0.173612834375 0.5131308453125001 0.18170211875 0.507239284375 0.18584749375 0.4959299265625 0.1784575796875 0.4930691515625 0.1692640203125 0.492018 0.15868866875 0.49473663281249997 0.147168875 0.5018985140625001 0.1381584 0.510303265625 0.1362850140625 0.51790305625 0.13903165625 0.5240983671875 0.1485322796875 0.5243117890625
0 0.1474410078125 0.40533547187499996 0.162651884375 0.39992565468749997 0.1732582296875 0.3946336125 0.1735202484375 0.3852078171875 0.17403508750000002 0.37944775625 0.16375905156249998 0.3819720125 0.15510213281250002 0.38567891875 0.1448788953125 0.3961478890625 0.14316679062499998 0.4026854609375 0.1474410078125 0.40533547187499996
0 0.1019799046875 0.53060625625 0.111634059375 0.5304008125 0.1220791265625 0.5261709890625 0.130007125 0.52134164375 0.136201221875 0.512531753125 0.138780278125 0.5079844546875 0.1343680265625 0.5044666015625 0.1238469171875 0.5026817718750001 0.1143695390625 0.50053829375 0.1045695984375 0.5005192484375 0.0910165859375 0.5038949609375 0.0832653640625 0.5063753828124999 0.078614340625 0.5103532703125 0.1019799046875 0.53060625625