0 0.197063371875 0.7759370265625 0.211921325 0.7812155109375001 0.28386509531250004 0.726671184375 0.25884117500000003 0.710835734375 0.1947173796875 0.760101578125 0.197063371875 0.7759370265625
0 0.2936278140625 0.7910405203125 0.29232573125 0.7685795828125 0.2584715640625 0.7627202078125 0.1738361484375 0.8398686453125 0.1881590640625 0.8584233328125 0.2285236484375 0.8584233328125 0.2936278140625 0.7910405203125
0 0.43106152187499996 0.873351878125 0.294342771875 0.892883128125 0.2969469390625 0.945617503125 0.4336656890625 0.920226878125 0.43106152187499996 0.873351878125
0 0.5457863203125 0.8489778703124999 0.4377134046875 0.8675325578124999 0.4416196546875 0.9075716203124999 0.5509946546875 0.8919466203124999 0.5457863203125 0.8489778703124999
0 0.6610037265625001 0.82330229375 0.5724620609375 0.84185698125 0.5828787265625001 0.88384916875 0.6805349765625001 0.86236479375 0.6610037265625001 0.82330229375
0 0.666347665625 0.824768425 0.7587955828124999 0.8550418625 0.767910165625 0.8228153 0.674237 0.7891383953125 0.666347665625 0.824768425
0 0.51939650625 0.8078429125 0.5910110890625 0.7980772859374999 0.57017775625 0.7687804109374999 0.50377150625 0.7765929109374999 0.51939650625 0.8078429125
0 0.36362884218749997 0.78238850625 0.45668654531249997 0.7694855484375 0.4512125625 0.7395741421875 0.35580886562499997 0.7571690859375 0.36362884218749997 0.78238850625
0 0.44495658281250006 0.7020382625 0.3565908640625 0.710835734375 0.3537206421875 0.741228634375 0.45434055156250003 0.7260846859375001 0.44495658281250006 0.7020382625
0 0.4300515234375 0.659931471875 0.3300029484375 0.6662618765625 0.3378229234375 0.6944137875 0.43265568906249996 0.694111159375 0.4300515234375 0.659931471875
0 0.43507296875 0.6590968921875 0.43897921875 0.6307765796875 0.3348125515625 0.6229640796875 0.3309063015625 0.6561672046875 0.43507296875 0.6590968921875
0 0.4275388484375 0.591101390625 0.352018015625 0.591101390625 0.332486765625 0.596960765625 0.324674265625 0.616492015625 0.36235116093749997 0.6272581421875 0.41321593281249996 0.625281078125 0.44055968281249996 0.612585765625 0.4275388484375 0.591101390625
0 0.20927613437499998 0.7374403828125 0.2823011 0.679751334375 0.2572771796875 0.6598103984375 0.181276790625 0.7116862703125 0.20927613437499998 0.7374403828125
0 0.205724221875 0.6881720203125 0.2807371046875 0.6287259953125 0.2525851953125 0.6105445546875 0.1740268515625 0.6592481703125 0.205724221875 0.6881720203125
0 0.202133890625 0.631541490625 0.2248503390625 0.6283717531249999 0.2743041609375 0.5848012328125 0.26465271874999996 0.573752871875 0.250429540625 0.5672762453125 0.2148128390625 0.587561390625 0.187341784375 0.6026176421875 0.18417204843749999 0.6160890234374999 0.202133890625 0.631541490625
0 0.22858680156250002 0.5097485671875 0.21213513593750002 0.520103525 0.1920601359375 0.5379332953125 0.180437765625 0.5521971125 0.1867772390625 0.5628949750000001 0.20685224062500002 0.57319661875 0.23062526718749998 0.5640836250000001 0.268716484375 0.5242257312499999 0.26008098281250003 0.515082259375 0.243825921875 0.5093675890625 0.22858680156250002 0.5097485671875
0 0.1846961296875 0.457351609375 0.1783566546875 0.46448351718750003 0.19473362968750002 0.48746411093750003 0.26973242656249996 0.46898392031249997 0.2692244546875 0.46098338281249995 0.25703315937500004 0.44536328437500006 0.1846961296875 0.457351609375
0 0.2341744796875 0.4141230875 0.20887970625 0.41562456562500005 0.1835218109375 0.418398084375 0.1718994421875 0.424737559375 0.1750691796875 0.43939759218749996 0.1824652328125 0.4481143703125 0.1993704953125 0.44930302187500004 0.2346824484375 0.44231546093749996 0.2641447484375 0.43507687968750003 0.2616048953125 0.426314384375 0.24585780468750001 0.4125991765625 0.2341744796875 0.4141230875
0 0.2211197765625 0.37836795 0.180969775 0.38787716250000004 0.1704039859375 0.3946128515625 0.1762151703125 0.40848045156249996 0.1894224078125 0.41521614375000004 0.203157934375 0.4164047953125 0.2341744796875 0.40612254999999997 0.2616048953125 0.39431223125 0.2580491 0.38135898125 0.242302009375 0.3737394203125 0.2211197765625 0.37836795
0 0.3299947796875 0.5585580671875 0.3183724109375 0.56727484375 0.3220704375 0.5787651406250001 0.3299947796875 0.58867056875 0.4102947828125 0.5926327390624999 0.4235020203125 0.5775764890625 0.4139928109375 0.5645013234375 0.3743710984375 0.5577656328125 0.3299947796875 0.5585580671875
0 0.37109375 0.54140625 0.08515625 0.034375
0 0.30266890156250004 0.4807910203125 0.4032349359375 0.48721924687499996 0.39809235468750004 0.45250682343750004 0.29809771875 0.44907843593749996 0.30266890156250004 0.4807910203125
0 0.3976338390625 0.44477601875 0.3924912578125 0.4152061765625 0.298782 0.4092064984375 0.30163898906250003 0.43963343750000006 0.3976338390625 0.44477601875
0 0.356425459375 0.3871108546875 0.35128287812500003 0.408966825 0.4369925671875 0.42439456875000003 0.43897461406250005 0.3945696671875 0.356425459375 0.3871108546875
0 0.43936846406249996 0.415240040625 0.4507964234375 0.4229539125 0.523363959375 0.4332390765625 0.523363959375 0.4058119765625 0.4422254546875 0.3942411671875 0.43936846406249996 0.415240040625
0 0.4702465296875 0.455642121875 0.54509965625 0.4616418015625 0.5319575046875 0.43250050624999997 0.46681814218750006 0.4273579265625 0.4702465296875 0.455642121875
0 0.4685549125 0.477943575 0.47712588125 0.4878001875 0.54912201875 0.48951438124999996 0.5411224484375 0.462944378125 0.47026910624999996 0.4578017984375 0.4685549125 0.477943575
0 0.55597879375 0.532403090625 0.5605499765624999 0.516975346875 0.55255040625 0.4976906671875 0.4731260953125 0.4968335703125 0.4731260953125 0.51440405625 0.4794114734375 0.5268319625 0.55597879375 0.532403090625
0 0.5191800703125 0.568468890625 0.5614635156250001 0.56761179375 0.5694630859375 0.5560409859375001 0.5654633015625 0.5380419515625 0.4751824296875 0.5350421125 0.4763252265625 0.53675630625 0.47346823593750004 0.5594693734375 0.5191800703125 0.568468890625
0 0.5157516828125 0.574073884375 0.480896409375 0.5770737234375 0.4888959796875 0.60235808125 0.5671774953125001 0.6066435671875 0.5620349140625 0.5779308203125 0.5157516828125 0.574073884375
0 0.5385850234375 0.6411840484375 0.56372653125 0.6403269515625001 0.5740116937499999 0.6343272718749999 0.5757258875 0.6218993687500001 0.5631551328125 0.612042753125 0.492301790625 0.6107571078125 0.4877306078125 0.630898884375 0.499158565625 0.6420411453125 0.5385850234375 0.6411840484375
0 0.502060709375 0.6808671093750001 0.5014893109375 0.68172420625 0.5911987843750001 0.6765816250000001 0.579199428125 0.6444404921875 0.49234694531249995 0.6491545249999999 0.502060709375 0.6808671093750001
0 0.5902852453125 0.683728871875 0.50171856875 0.686728709375 0.5028613640625 0.7201554890625 0.5914280421875 0.7192983921875 0.5902852453125 0.683728871875
0 0.5906273859375 0.7280751671875 0.5014893109375 0.737503234375 0.5077746890625 0.7675016234375 0.599769753125 0.7606448484375 0.5906273859375 0.7280751671875
0 0.6914260078125001 0.75102288125 0.6805694484375 0.7655935281249999 0.67999805 0.780164175 0.7634221453125 0.8337327296874999 0.7891350515625 0.8097340171875 0.71256773125 0.755308365625 0.6914260078125001 0.75102288125
0 0.6702961234375 0.6907754328125 0.6502971953125 0.70834591875 0.6582967671875 0.7233451140625 0.7222933328125001 0.7661999578125 0.7440064546875 0.7464867296875 0.7394352703125 0.7323446312499999 0.6702961234375 0.6907754328125
0 0.646112796875 0.6544169859375 0.637541828125 0.670273278125 0.7118235578125 0.719984896875 0.7312510875 0.6947005390625 0.6672545203125 0.6428461796875 0.646112796875 0.6544169859375
0 0.6552100109375 0.5694614484375 0.6369252765625 0.571604190625 0.61864054375 0.5823178999999999 0.6197833390625 0.5818893515625 0.64514794375 0.63341798125 0.6725178578125 0.630485490625 0.6826371109375 0.619173065625 0.6552100109375 0.5694614484375
0 0.597603865625 0.5065664812499999 0.618174190625 0.560563584375 0.6484582796875 0.5588493921875 0.6313163421875 0.5044237390624999 0.597603865625 0.5065664812499999
0 0.630211221875 0.48972111875 0.6227830484375 0.4592941796875 0.6062125093749999 0.4464377265625 0.5799282046875 0.44900901718749997 0.5879277765625 0.4914353125 0.5999271328125 0.504291765625 0.6227830484375 0.506005959375 0.630211221875 0.48972111875
0 0.6831638640625 0.419658428125 0.6265954703125 0.4166585890625 0.6288810609375 0.43380052812500003 0.6625935390625 0.4449427859375 0.6900206390625 0.4398002046875 0.6831638640625 0.419658428125
0 0.5455604984375 0.35773834375 0.5232097890625 0.35773834375 0.5166061703125 0.3642149703125 0.5166061703125 0.3729774640625 0.52270181875 0.38135898125 0.5790865640625 0.38897854062500004 0.5826423578125 0.377930178125 0.5816264171875 0.366881815625 0.5455604984375 0.35773834375
0 0.12152544843749999 0.33911247499999997 0.12895362187499998 0.37511054375 0.2140919109375 0.3806816734375 0.206092340625 0.3421123140625 0.1398101828125 0.336541184375 0.12152544843749999 0.33911247499999997
0 0.073120609375 0.233357953125 0.0638218453125 0.24779436875 0.0621076515625 0.25893662968750003 0.1407852890625 0.28030032656250004 0.149243375 0.2555604265625 0.1018780984375 0.236529734375 0.073120609375 0.233357953125
0 0.211894803125 0.2701977703125 0.1958956609375 0.2646266421875 0.169039959375 0.26719793125 0.1610403890625 0.2757689015625 0.160468990625 0.2796258359375 0.243825921875 0.3124019609375 0.2534773640625 0.3055443578125 0.25449330468750003 0.2952579515625 0.211894803125 0.2701977703125
0 0.2580491 0.30630631406250003 0.2502371171875 0.3211248828125 0.32865702343750003 0.35126171875 0.34135628906250004 0.3242122796875 0.2788758984375 0.2986867546875 0.2580491 0.30630631406250003
0 0.385331665625 0.3534383828125 0.4658091046875 0.3710725734375 0.46377722187500003 0.3432611796875 0.39618822656249997 0.3242970890625 0.385331665625 0.3534383828125
0 0.5963575671875 0.391264409375 0.6542662234375001 0.3946932109375 0.65017814375 0.3725861453125 0.595341625 0.368405728125 0.5963575671875 0.391264409375
0 0.0677973515625 0.13327839218749998 0.0655101203125 0.1886562734375 0.1018798859375 0.1949998375 0.10836660468749999 0.1315641984375 0.0677973515625 0.13327839218749998
0 0.1592543359375 0.16721467968749998 0.1221134703125 0.151786934375 0.0918293796875 0.18907065 0.12439906249999999 0.2066411359375 0.1592543359375 0.16721467968749998
0 0.133838925 0.200697753125 0.1326961296875 0.20626888124999998 0.16755140156249998 0.219553884375 0.19783549218750002 0.1796988796875 0.16983699375 0.1664138765625 0.133838925 0.200697753125
0 0.2126574234375 0.187590190625 0.1886587109375 0.22615955 0.221799790625 0.24073019687500002 0.2463699015625 0.20173228906250001 0.2126574234375 0.187590190625
0 0.263406284375 0.2055159390625 0.23255079687500002 0.24451384687500002 0.265120478125 0.2616557828125 0.294261771875 0.2196580359375 0.263406284375 0.2055159390625
0 0.2964236609375 0.21739415 0.279853121875 0.2679628640625 0.3101372109375 0.2812478671875 0.3335645265625 0.231964796875 0.2964236609375 0.21739415
0 0.3831019859375 0.2539425359375 0.372245425 0.3023685109375 0.4053605953125 0.31164000625 0.4179572578125 0.26894173125 0.3831019859375 0.2539425359375
0 0.4147764734375 0.2528370265625 0.4195837734375 0.27049438124999997 0.4293811625 0.307258978125 0.4573796609375 0.3068304296875 0.44117328125000005 0.2546701390625 0.4147764734375 0.2528370265625
0 0.4443067703125 0.2611825953125 0.4494493515625 0.3044659890625 0.484876021875 0.310465665625 0.472876665625 0.2633253390625 0.457448921875 0.2564685640625 0.4443067703125 0.2611825953125
0 0.489608621875 0.30189129375 0.5187499156250001 0.3048911328125 0.505036365625 0.2556080609375 0.47532367343750004 0.2551795125 0.489608621875 0.30189129375
0 0.5184935421875 0.305953496875 0.5476348375 0.3063820453125 0.5276359109375 0.2588131703125 0.5024944015624999 0.2613844609375 0.5184935421875 0.305953496875
0 0.5523875640625 0.3097611671875 0.575814878125 0.3067613265625 0.565529715625 0.25662115937499996 0.534674228125 0.2609066453125 0.5523875640625 0.3097611671875
0 0.5830929515625 0.30636602968750004 0.617948225 0.3097944171875 0.6019490828125 0.25965425 0.5745219828125 0.2630826375 0.5830929515625 0.30636602968750004
0 0.6356545734375 0.26085691093749996 0.6527965109375 0.31142562812499996 0.6790808140625 0.307997240625 0.6664830921875 0.2606106890625 0.6356545734375 0.26085691093749996
0 0.12377438593750001 0.08754253125 0.1093956421875 0.102767084375 0.1770044890625 0.1418665875 0.1895752421875 0.1277244890625 0.155915109375 0.10149837187499999 0.12377438593750001 0.08754253125
0 0.17977828906249999 0.14689770625 0.24891743593750001 0.18032448437499998 0.263202384375 0.1567543203125 0.19520603281249999 0.127184478125 0.17977828906249999 0.14689770625
0 0.363984503125 0.18158875624999998 0.346842565625 0.200016340625 0.3411285859375 0.208587309375 0.41655311250000004 0.2407284421875 0.42169569375 0.2175868265625 0.4068393484375 0.201301984375 0.363984503125 0.18158875624999998
0 0.44298987343749996 0.2143131671875 0.42241954843749996 0.21774155468749998 0.4275621296875 0.232312203125 0.4825721359375 0.24115907656250002 0.49120763749999996 0.2301107140625 0.47670235156249996 0.21945575 0.44298987343749996 0.2143131671875
0 0.5307354890625 0.1950272171875 0.5147363484375 0.1937415734375 0.5050225828125 0.204455284375 0.5153077453125 0.216026090625 0.55016301875 0.2323109328125 0.56387656875 0.2181688328125 0.5598767828125 0.209169315625 0.5307354890625 0.1950272171875
0 0.7490959640625 0.4253811890625 0.6942417640625 0.41681021874999996 0.6982415484375 0.44038038281249997 0.753667146875 0.44809425625 0.7490959640625 0.4253811890625
0 0.7147147328125001 0.377930178125 0.6867763453125 0.371453553125 0.6598124203125 0.37075154375 0.664383603125 0.3934646109375 0.6913480812499999 0.396979078125 0.7172545859375 0.3954551671875 0.71928646875 0.3863116953125 0.7147147328125001 0.377930178125
0 0.7539886296875 0.3774102765625 0.739132284375 0.3799815671875 0.7374180906250001 0.38940963281249996 0.7454176609375 0.40012334374999997 0.792942215625 0.4034557046875 0.793986484375 0.38940963281249996 0.7797015359375 0.38169576250000004 0.7539886296875 0.3774102765625
0 0.568708096875 0.1949204328125 0.5523240406250001 0.185803496875 0.5451009625000001 0.1778757296875 0.5318880140625 0.17391184375 0.5221985171875 0.1752331390625 0.5143757984375 0.182428928125 0.5116637015625 0.18731070156250001 0.5168166859375 0.1968708421875 0.5328180578125 0.1989049171875 0.5404119281249999 0.20439691249999997 0.5480058 0.2092786859375 0.5526163640624999 0.21436386875000002 0.5569557203125 0.21802519843749998 0.5640071718749999 0.218635421875 0.5713506859375 0.20390523749999998 0.568708096875 0.1949204328125
0 0.5309462046875 0.214819653125 0.5182590765625 0.210379159375 0.500442575 0.2054216546875 0.4857776828125 0.21092098906249998 0.4872441703125 0.218620059375 0.49213246875000005 0.22521926093750003 0.4955542765625 0.22778561718749998 0.5267171625 0.2408282640625 0.5402500984375 0.2281411359375 0.5402500984375 0.2198945046875 0.5309462046875 0.214819653125
0 0.6946395578125 0.26826287656250003 0.67019806875 0.2667963859375 0.6809523234375 0.310057821875 0.704416153125 0.3118909328125 0.7073491328125 0.29429306093749996 0.6946395578125 0.26826287656250003
0 0.6814938265625 0.1896002671875 0.6702507421874999 0.18410093125 0.654119359375 0.200965559375 0.6971363796875 0.2324950796875 0.7030023359375 0.21599707499999998 0.6990916984375 0.203531915625 0.6814938265625 0.1896002671875
0 0.5934446109375 0.20532881875000003 0.5880674828125 0.1913971703125 0.5734025890625001 0.1781987671875 0.5582488671875 0.171599565625 0.5450504625 0.16939983125 0.541139825 0.176732278125 0.5621595046875 0.195430015625 0.5748690796875 0.21082815312499997 0.5856233343749999 0.21266126562499998 0.5934446109375 0.20532881875000003
0 0.7544547546875 0.305145665625 0.7505441171875 0.288647659375 0.7427228390625 0.280948590625 0.7329462453125 0.27398276718750003 0.7163260328125001 0.2761825 0.728057946875 0.3139446 0.7461446484375001 0.318710690625 0.7573877328124999 0.3146778453125 0.7544547546875 0.305145665625
0 0.8162137703125 0.4443009203125 0.8176802609375 0.4395348296875 0.8098589828125 0.43036927187499996 0.7922611109375 0.4248699375 0.7746632390625 0.423403446875 0.7575541984374999 0.4285361609375 0.7639089859375 0.4424678078125 0.7780850484374999 0.44613403125 0.8030153671875 0.4498002546875 0.8162137703125 0.4443009203125
0 0.8304053078125 0.384810909375 0.8118297765625 0.382244553125 0.7991202015625001 0.3833444203125 0.796676053125 0.389577 0.7996090312499999 0.39910918125 0.8054749890625 0.4064416265625 0.840181903125 0.4108410953125 0.8460478609375001 0.4042418921875 0.842137221875 0.3939764671875 0.8304053078125 0.384810909375
0 0.7790113812499999 0.2967916921875 0.771678934375 0.28469315625 0.7584805296875 0.27516097500000003 0.746748615625 0.2733278640625 0.7403938296875 0.278460575 0.746748615625 0.2839599109375 0.7501704234375 0.2938587140625 0.7535922328125 0.3041241390625 0.7555475515625 0.31438956406249996 0.76874595625 0.3195222765625 0.7755895734375 0.31732254375 0.7804778703124999 0.308156984375 0.7790113812499999 0.2967916921875
0 0.8058260265625 0.30675636875 0.7994712390625 0.2939245875 0.7916499640625 0.2873253859375 0.780406878125 0.28329253906249996 0.7730744328125 0.2843924078125 0.7760074109375 0.29172485312499996 0.77942921875 0.298690678125 0.780406878125 0.304556634375 0.7799180484375 0.312255703125 0.7799180484375 0.318488284375 0.7911611328125 0.3236209953125 0.8009377296875 0.3236209953125 0.8053371968749999 0.318488284375 0.8058260265625 0.30675636875
0 0.7593634140625001 0.234777334375 0.750564478125 0.2296446203125 0.7393213937499999 0.225245153125 0.7280783078125 0.22121230781249998 0.7192793734375 0.2208456859375 0.7114580968750001 0.22121230781249998 0.7090139484375 0.22487853124999999 0.7085251171875 0.229278 0.7099916078125 0.2369770671875 0.7358995859374999 0.24870898281249998 0.7520309671875001 0.24944222656249998 0.757896925 0.242843025 0.7593634140625001 0.234777334375
0 0.8145028453125001 0.25244492812499997 0.8164581640625 0.24694559374999997 0.8174358234374999 0.24181288125 0.8105922078125 0.2352136796875 0.7983714640625 0.2322807015625 0.791527846875 0.234480434375 0.7822400796875 0.23411381250000002 0.77588529375 0.234480434375 0.7680640171875 0.23631354531249998 0.7680640171875 0.24144625937500003 0.7700193359374999 0.24584572656249998 0.7724634859374999 0.2509784390625 0.7881060375 0.2561111515625 0.801793271875 0.259777375 0.8110810374999999 0.2579442625 0.8145028453125001 0.25244492812499997
0 0.14019990468750002 0.34478509218750003 0.16712235 0.3409753109375 0.1650904671875 0.32268836875 0.15493105468749999 0.32040250000000003 0.1201978421875 0.3181488375 0.06437448125 0.31941755 0.063528671875 0.335276459375 0.10666490625 0.3428887359375 0.14019990468750002 0.34478509218750003
0 0.3244200078125 0.17734645625 0.2914334765625 0.168465465625 0.2685966453125 0.1722716046875 0.2677508375 0.18178695 0.32864905 0.2058924921875 0.3396445609375 0.199548928125 0.343873603125 0.1887648703125 0.3244200078125 0.17734645625
0 0.5978391703125 0.17628172343749998 0.5878044109375 0.1687556546875 0.5791257015625 0.1661113609375 0.5715318296875 0.162043215625 0.5633955390625001 0.1587887 0.5552592484375001 0.15899210625 0.5528183609374999 0.1646875109375 0.5511911031250001 0.168348840625 0.5582425546875001 0.16956928437500002 0.566921265625 0.1728238 0.57207425 0.177095353125 0.57505755625 0.17994305625 0.58048175 0.18421460781250001 0.5861771546875 0.18848616093749998 0.5888892515624999 0.19296112031249998 0.5929573953125 0.1945883796875 0.6005512671875 0.193164528125 0.6038057828125 0.1868589015625 0.6048906234375 0.1817737203125 0.5978391703125 0.17628172343749998
0 0.8928849984375 0.25325895 0.88312145 0.25102146875 0.8711882234375 0.25061465625 0.8600686265625 0.250411246875 0.851661125 0.25061465625 0.8524747546875 0.2567168734375 0.856814109375 0.262819090625 0.8587125765625 0.2672940515625 0.891257740625 0.272582640625 0.899122821875 0.26342931406250003 0.896681934375 0.2571236875 0.8928849984375 0.25325895
0 0.9263125296875 0.2706553171875 0.9233292234375 0.2651633203125 0.91844745 0.2586542890625 0.9089551109375 0.25539977187499996 0.9013612390624999 0.2562134 0.8983779328124999 0.2594679171875 0.8940385765625001 0.2635360625 0.8953946265624999 0.26841783750000003 0.8972930937499999 0.2704519109375 0.910853578125 0.275130278125 0.9179050296875 0.27797797812499997 0.9246852734375001 0.2755370921875 0.9263125296875 0.2706553171875
0 0.9070426796875 0.3362864671875 0.9138229203125 0.33181150625 0.9157213890625 0.32550588125 0.9127380828125 0.3187934421875 0.908941146875 0.31065715 0.9048730015625001 0.303741303125 0.9002624359375 0.298859528125 0.8940246140625 0.2972322703125 0.8869731609375 0.29804590000000003 0.8810065484375 0.3002833796875 0.88019291875 0.304351525 0.8804641296875 0.3084196703125 0.887786790625 0.3183866265625 0.8910413078125 0.32733654687499997 0.898092759375 0.33425239375000004 0.9070426796875 0.3362864671875
0 0.9166219515625 0.3915573390625 0.912446803125 0.3849814796875 0.89532869375 0.38310266249999997 0.876540525 0.38310266249999997 0.85775235625 0.3856077515625 0.8494020593749999 0.3906179296875 0.852742178125 0.4037696484375 0.8606749609375001 0.40627473593749996 0.8873959109375 0.4072141453125 0.9166219515625 0.3915573390625