0 0.28321722656250004 0.38407184375000003 0.2957496625 0.36980102187499997 0.3043250515625 0.3466196765625 0.28050749218750004 0.326300390625 0.2390579578125 0.314037678125 0.205514459375 0.3231471390625 0.17197633750000002 0.3298891828125 0.1617208125 0.3423185796875 0.1769844890625 0.3763495390625 0.20707632656250002 0.38598228749999997 0.2485473640625 0.38877532656249997 0.28321722656250004 0.38407184375000003
0 0.2148909765625 0.4476005703125 0.1784630328125 0.47587966875000004 0.17613773593749998 0.49902785625 0.1988101171875 0.5232271296875 0.22207927968750002 0.534833028125 0.252810903125 0.51293305625 0.28354521875 0.48984937500000003 0.3012013859375 0.47113942187499996 0.311467659375 0.45397518750000004 0.3177580703125 0.4361863953125 0.3126773453125 0.42168618437500005 0.2956663390625 0.406496003125 0.2769321921875 0.39949321875 0.24789682968750001 0.425042884375 0.2148909765625 0.4476005703125
0 0.366613621875 0.43980112968749996 0.40807122187499995 0.4485127140625 0.45350737187499995 0.4566651515625 0.4677280078125 0.44959515000000005 0.4791448359375 0.4261835140625 0.4740614234375 0.4128670125 0.46612582187499996 0.4045156375 0.4474051140625 0.391594309375 0.42582414999999996 0.38718923125 0.40934272812500005 0.388998403125 0.39683448125 0.39261584374999997 0.378092271875 0.389164184375 0.3655786484375 0.3951490421875 0.3592828625 0.415305253125 0.366613621875 0.43980112968749996
0 0.4470986953125 0.5265371421875 0.48289491875 0.5262396359375 0.5061694546875 0.5354781156249999 0.5215513953124999 0.5174258765624999 0.5233094796875 0.49385026249999997 0.5153926906249999 0.477212925 0.4790507609375 0.46761333125000004 0.4540342671875 0.4748482125 0.4159611296875 0.47698714375 0.39999585 0.5017142109375 0.4198214171875 0.5285111921875 0.4470986953125 0.5265371421875
0 0.422547278125 0.5791803921875001 0.441832509375 0.59371285625 0.47593246875000006 0.58976565625 0.49923657343750005 0.5859833359375 0.5265219171875 0.580458159375 0.5390355390625 0.5744733 0.531699403125 0.5523448421875 0.5158174468750001 0.54037693125 0.49992474062500003 0.5331438546875 0.473236175 0.52607565625 0.4544778375 0.5297262546875 0.4351495984375 0.534133134375 0.4118186171875 0.5497525453125001 0.422547278125 0.5791803921875001
0 0.52823161875 0.5781893078125 0.5015107999999999 0.5853256203125 0.4736528671875 0.592790790625 0.45375204062499996 0.599137665625 0.4480261546875 0.618537590625 0.451399865625 0.63412294375 0.46385435468749997 0.6541796859375 0.485997153125 0.6613796046875 0.5007769375 0.6582881578124999 0.5286294953125 0.6531904046875 0.5638826953125 0.641812090625 0.5769554671875 0.6398057859375 0.5838157765624999 0.6212607109375 0.5872754984374999 0.5989673718749999 0.5770979234375 0.57706920625 0.5680144578124999 0.573781525 0.54812169375 0.576577271875 0.52823161875 0.5781893078125
0 0.4945349109375 0.6547701859374999 0.4734539640625 0.6803852625 0.480773971875 0.709615975 0.4926693125 0.7256941625 0.5153793249999999 0.7333215078124999 0.5517642625 0.7239817562499999 0.5921116265624999 0.7211851078125 0.6114748078125001 0.7013900109375 0.6137866640625 0.684160365625 0.6144022578125 0.663281028125 0.5996654796875001 0.64743313125 0.5894395218749999 0.646841728125 0.5633047328125 0.6461195015625 0.5451136062499999 0.6501975234375 0.519540653125 0.6522701421875 0.4945349109375 0.6547701859374999
0 0.540379690625 0.73318888125 0.5062501640625 0.7501568828125 0.49824198906249995 0.7737656546875 0.50728245 0.7959926796875 0.5225945046875 0.8087168734375 0.5424550140625 0.8201256375 0.5691838984375 0.809438196875 0.61921150625 0.7973358546875 0.6385639359375 0.78227559375 0.6516824015625 0.760146234375 0.6460264 0.748769725 0.6352735515625 0.729995259375 0.6153969140625 0.7256887515625 0.5983590296875 0.7223356609375 0.57165165 0.723553428125 0.540379690625 0.73318888125
0 0.5791114984375 0.9414213078125 0.69914280625 0.8777258984375 0.7037396421875 0.8551037015625 0.6958228546874999 0.8384663625 0.6816613515625 0.8194947640624999 0.6697471968750001 0.8117025390625001 0.6509861703125 0.81653684375 0.5946950296875 0.8345908874999999 0.5423555624999999 0.8639228734375 0.5468314453125 0.894567584375 0.5626515796875 0.9337608046874999 0.5791114984375 0.9414213078125
0 0.7344783421875001 1 0.7466166515625 0.989387015625 0.7546248265625 0.9657782453125 0.75014088125 0.938684659375 0.74165419375 0.9228036046874999 0.7286136765625 0.9106054015625 0.71328280625 0.90616716875 0.647851753125 0.9457914234375 0.5954773453125 0.9905116265625 0.5950954484375 1 0.7344783421875001 1
0 0.1663230234375 0.317328965625 0.1890330359375 0.3249563109375 0.21631569218750002 0.320614840625 0.24984575156250002 0.317423925 0.272553075 0.32623497968750004 0.2782547703125 0.317488434375 0.274883746875 0.300719371875 0.2612706421875 0.2904611625 0.24480803281250002 0.28398436875 0.2289314515625 0.26964903906250004 0.21473769531250003 0.2648819484375 0.1829119625 0.26817143125 0.1664144109375 0.2770828578125 0.1567180375 0.29349080625 0.1663230234375 0.317328965625
0 0.4400286609375 0.3872214859375 0.46273060781249997 0.398399959375 0.47129255781249996 0.38113715937500003 0.462821996875 0.3581538515625 0.43955552343750004 0.34536424375 0.41853102187499996 0.34612142968750004 0.398646321875 0.345366046875 0.378756246875 0.346978084375 0.3634173125 0.346090978125 0.3508768125 0.363912928125 0.3599172734375 0.386139953125 0.39571080625 0.38702615625000003 0.4400286609375 0.3872214859375
0 0.4003398984375 0.3501994515625 0.43273553124999997 0.3461536828125 0.44863361562500004 0.351019340625 0.462246721875 0.3612775515625 0.4741420609375 0.377355740625 0.48208034843750003 0.38452340625 0.491196071875 0.37360657656249996 0.4889567875 0.358876075 0.4736554828125 0.3414170421875 0.45435681250000004 0.3328031234375 0.43674096249999994 0.3337574421875 0.40492060468749996 0.3346795078125 0.4003398984375 0.3501994515625
0 0.14941146875 0.258341546875 0.1595917328125 0.27905600625 0.18404638906249998 0.26902628281249996 0.20279666093749998 0.26892681406249996 0.2209851 0.26603250156249997 0.23856062812499998 0.2828338171875 0.2578619890625 0.2902640265625 0.2703756125 0.28427916875000003 0.28007736250000004 0.265503803125 0.26363088125 0.2519247546875 0.2437676828125 0.24169970156249998 0.21707374218750003 0.2369989234375 0.1863985625 0.23404100468750003 0.16309177187499999 0.239007034375 0.14941146875 0.258341546875
0 0.2102860046875 0.223583853125 0.20863006093749997 0.20217852343749998 0.183686140625 0.177453259375 0.14394362031250002 0.16410540468749998 0.12109921562499999 0.2156635140625 0.2028638578125 0.2393340859375 0.2102860046875 0.223583853125
0 0.32905386875 0.21585162812499997 0.311483715625 0.19668289375 0.29104792968750004 0.1883978328125 0.2717277546875 0.1892535859375 0.255746346875 0.2210829078125 0.295467365625 0.24390043593750002 0.345976175 0.2701042078125 0.3579709671875 0.24238516250000003 0.3477692 0.23114037656250003 0.32905386875 0.21585162812499997
0 0.23600948124999999 0.155223528125 0.215014546875 0.1429599140625 0.1900276203125 0.13717399531250002 0.1690192453125 0.130828925 0.153669559375 0.13467665625 0.143954371875 0.15937056875 0.14509148593750001 0.15904171250000002 0.1944604953125 0.18675805 0.2415687171875 0.2092135640625 0.254705996875 0.178798240625 0.23600948124999999 0.155223528125
0 0.296268421875 0.1413451703125 0.271867525 0.12770071249999998 0.24964677656249998 0.15482835781249998 0.27119010781249997 0.17580536093750002 0.2888382109375 0.16064653125 0.296268421875 0.1413451703125
0 0.220810315625 0.09278355 0.19573200156249998 0.127243740625 0.2314852171875 0.1458855796875 0.250294625 0.1197445109375 0.246356390625 0.102548025 0.220810315625 0.09278355
0 0.3245296078125 0.2065136796875 0.337650759375 0.1832006109375 0.3388389421875 0.16038128125 0.320685446875 0.1478873734375 0.301354521875 0.1534779640625 0.29785985625 0.19115951874999998 0.3245296078125 0.2065136796875
0 0.3779336140625 0.2088129796875 0.3858154609375 0.2408385359375 0.4153374 0.25122756874999996 0.4273133765625 0.2317944859375 0.42566549531250003 0.20683802812500002 0.4131895015625 0.1962509578125 0.39842584531249997 0.192240153125 0.3779336140625 0.2088129796875
0 0.4221358875 0.2599078 0.40959269843749996 0.278913459375 0.4067512609375 0.27914375156250004 0.4140900828125 0.30008849843749996 0.46856938281250005 0.32928425 0.49020410312499996 0.3100151453125 0.47435440156249997 0.2838427234375 0.4499642546875 0.2654634296875 0.4221358875 0.2599078
0 0.5349843421875 0.3568025546875 0.497473040625 0.36173632968749997 0.4951289296875 0.39317048125 0.52294116875 0.40582836406249995 0.541715634375 0.3950755140625 0.5695601265625 0.3935288890625 0.554826034375 0.37649728125 0.5349843421875 0.3568025546875
0 0.5940577874999999 0.3645598203125 0.5827350359375 0.3465416390625 0.5759419218749999 0.3354939875 0.5606218046875 0.32632091875 0.54584470625 0.3282286578125 0.5367451125 0.33204323125 0.53444131875 0.34572174843750003 0.5480382984375 0.3630822125 0.5792591890625001 0.37593723125 0.5906115062499999 0.3809346109375 0.5940577874999999 0.3645598203125
0 0.6315717765625 0.3584423359375 0.6162355296875 0.356371521875 0.604864396875 0.3596601046875 0.599165390625 0.367222940625 0.6053832265625 0.3813942921875 0.6252491124999999 0.3904356375 0.6491016125 0.39536670625000003 0.6502736671875 0.3796496296875 0.6423488171875 0.36656341875 0.6315717765625 0.3584423359375
0 0.6598248984375 0.42716197187500005 0.6473300890625 0.42486086562500003 0.6353648656249999 0.4395591125 0.6648115453125001 0.48309199999999997 0.6869597203125 0.4879245015625 0.697204490625 0.480229940625 0.6983926734375 0.4574106109375 0.6757149171875 0.43557875625 0.6598248984375 0.42716197187500005
0 0.706253015625 0.49890583906249997 0.6954705984375 0.4931521734375 0.6829327843749999 0.5097904140625 0.724296309375 0.5599318156249999 0.7470251359375 0.559273196875 0.7516165953125 0.5390184203125 0.7414470843750001 0.513569125 0.7249952265624999 0.502357496875 0.706253015625 0.49890583906249997
0 0.8355103203124999 0.625951565625 0.8179589796875 0.5984968687500001 0.8048888968749999 0.5993194640625 0.7861681890625001 0.586398134375 0.7787944234374999 0.5808416046875 0.756065596875 0.5815002218750001 0.7452401734375 0.5946859015625 0.802448021875 0.67336714375 0.8257494359375 0.6707685328124999 0.8451233703125001 0.6462385984375 0.8355103203124999 0.625951565625
0 0.5445570734375 0.3948452234375 0.5297719125 0.4003040890625 0.5269009062500001 0.41355517812500003 0.5387908703125001 0.4320007859375 0.5700547671875 0.4259164578125 0.5825630125 0.42229901875 0.5752134375 0.40608910624999994 0.5638745593750001 0.3951731796875 0.5445570734375 0.3948452234375
0 0.5990014296874999 0.43942919218750004 0.589372253125 0.426244415625 0.5706246671875 0.425160175 0.55414324375 0.426969346875 0.5421780187499999 0.44166759375 0.5591702109375001 0.46514373750000004 0.5784930734375 0.4631042765625 0.61201238125 0.464648196875 0.607506934375 0.44702428281250006 0.5990014296874999 0.43942919218750004
0 0.5965498046875 0.5182117078124999 0.6244023609375 0.51311395625 0.651104365625 0.51426360625 0.642061215625 0.49322029062499995 0.6307304 0.47875323593749997 0.6159855578125 0.46645646406249996 0.596673446875 0.463761090625 0.579616746875 0.46869396406249997 0.5608476578125 0.47707939687499995 0.56932090625 0.498878996875 0.578393621875 0.5069015125 0.5965498046875 0.5182117078124999
0 0.6231362296875 0.57026085 0.645284403125 0.5750933515625001 0.68449734375 0.5714418515624999 0.6845403484375 0.5525025078125 0.669817009375 0.5307360640625001 0.6567818671875 0.5161704421875 0.6431633859375 0.50827965 0.6295207140625 0.5110422390625 0.610767753125 0.512325415625 0.5965498046875 0.5182117078124999 0.58628621875 0.53419223125 0.59986169375 0.5610223703125 0.6231362296875 0.57026085
0 0.71165635625 0.621551 0.7094251359375 0.603269371875 0.69355930625 0.5841992046875 0.6810806265625 0.5747958453125 0.660634090625 0.5712456203125 0.640730575 0.5787762015625 0.6259292875 0.591337321875 0.6372305359375 0.618825175 0.6565265203124999 0.6286228031250001 0.6911856281250001 0.62865415625 0.71165635625 0.621551
0 0.6734515140624999 0.6816916749999999 0.6802526906249999 0.6891881984375 0.708669771875 0.68570158125 0.74050088125 0.680044678125 0.7450923406250001 0.6597899 0.7326271 0.6444679953125 0.722422646875 0.63440691875 0.7093740656249999 0.6257598421874999 0.6883388140625 0.631251865625 0.66730625 0.635560178125 0.655351775 0.6455235890625 0.6643976140625 0.6653831953125 0.6734515140624999 0.6816916749999999
0 0.7001239515625 0.6958621265625 0.6915754421875 0.7072063796875 0.702882065625 0.7323268171875 0.7142048187500001 0.750344996875 0.7323825046875 0.7521855203125 0.759665159375 0.7478440515625 0.7863967296875 0.7359729015625 0.7938135015625 0.7225900890625 0.7887300890625 0.7092735875 0.7779718625 0.6928665390625001 0.7689018359375 0.6836603140624999 0.7575468296875 0.6798466421875 0.7495951 0.678597521875 0.7296888984375001 0.6873118125000001 0.7160489140624999 0.6888906921875 0.7001239515625 0.6958621265625
0 0.7585065421875 0.7576425812500001 0.746562821875 0.76287115625 0.733463171875 0.7767145531249999 0.7294738671875 0.7820085390625 0.7430574062499999 0.8052875500000001 0.7560764203125 0.8269554250000001 0.7714099796875 0.8302099484375001 0.786767728125 0.822811090625 0.8060959656250001 0.8184042109374999 0.829988784375 0.8055796421875 0.8339942171875 0.793183403125 0.8317576203125 0.7772691921875 0.8232763078125 0.7590207203125 0.8108083796875001 0.7448825234374999 0.798878096875 0.744192553125 0.785235425 0.7469551437499999 0.773289015625 0.753367425 0.7585065421875 0.7576425812500001
0 0.812692865625 0.9158626234374999 0.86341401875 0.8485533796875 0.86229034375 0.8429636921875 0.8577687703124999 0.8324420343750001 0.8418733734374999 0.8263926671874999 0.825940346875 0.8369152281250001 0.8054669328124999 0.84520209375 0.7895392828125 0.853357234375 0.7758536046875 0.87505916875 0.79057156875 0.8991930296874999 0.80870625 0.9199729 0.812692865625 0.9158626234374999
0 0.2036166796875 0.658465665625 0.227455740625 0.669315278125 0.3242555171875 0.57744204375 0.3470837953125 0.532986190625 0.31022840625 0.499284990625 0.19354393125 0.59040284375 0.2036166796875 0.658465665625
0 0.37868105937499996 0.6303119765625 0.33558633125 0.591909096875 0.20347690937500001 0.7200185359375 0.2169583078125 0.7882784921875 0.2476012359375 0.8054409203124999 0.37868105937499996 0.6303119765625
0 0.2717010921875 0.95166079375 0.4045067453125 0.76716074375 0.354616215625 0.7188939249999999 0.256704746875 0.8336732281250001 0.24696145 0.8369736390625 0.2575153984375 0.943342575 0.2717010921875 0.95166079375
0 0.38648835 1 0.4109316203125 0.9403765375 0.42863616875000005 0.9003598187499999 0.42014948125 0.8844787640625 0.3895065546875 0.8673163359375 0.3627937984375 0.870901521875 0.332054109375 0.8963526187499999 0.2960939265625 0.968856378125 0.335055828125 1 0.38648835 1
0 0.6849462171875 0.37376243750000004 0.6730266859375 0.3683376296875 0.659956603125 0.369160225 0.651418846875 0.3757696453125 0.6485451515625 0.3902044453125 0.680325190625 0.40703801406249995 0.7024733671875001 0.4118705171875 0.6973953296875 0.396186596875 0.6917420171875001 0.3836263796875 0.6849462171875 0.37376243750000004
0 0.2673432609375 0.118362765625 0.32123922031249996 0.1542333453125 0.3354840484375 0.1365099640625 0.3287124375 0.11599264218750001 0.3043115390625 0.1023481828125 0.29010165468750004 0.1046833484375 0.2645394515625 0.102021128125 0.2673432609375 0.118362765625
0 0.253762409375 0.09390004375 0.2475445734375 0.07972869375 0.235092771875 0.05848824375 0.21352256249999998 0.0493483296875 0.19811911875 0.0768702421875 0.2435015109375 0.108696859375 0.253762409375 0.09390004375
0 0.40811415625 0.17938332968749998 0.3973693671875 0.15705773750000002 0.3826514046875 0.1329238765625 0.355965528125 0.12467197031249999 0.337137303125 0.1590990046875 0.39842046875000003 0.19460756875000002 0.40811415625 0.17938332968749998
0 0.437076946875 0.185793809375 0.420036375 0.183624428125 0.41205507656249996 0.1953961078125 0.4409802390625 0.218378515625 0.46255582500000003 0.225151009375 0.469413446875 0.20778964218749998 0.46262033437500005 0.196741990625 0.44787817968750004 0.1832615125 0.437076946875 0.185793809375
0 0.49273098906249996 0.19808877656249999 0.47909638125000004 0.1973002375 0.46658813437499996 0.200917678125 0.46825483125 0.21758817343749998 0.502876309375 0.2341914515625 0.50747314375 0.21156925625 0.49273098906249996 0.19808877656249999
0 0.42273266718749997 0.24731442656249997 0.43520865937500003 0.2579014953125 0.4601928984375 0.264871125 0.46421983125 0.2430052125 0.460284284375 0.22462501562499998 0.446665803125 0.21673422343749998 0.42963598437500006 0.20983000624999998 0.42273266718749997 0.24731442656249997
0 0.47041347812499995 0.267829946875 0.4880024484375 0.278712715625 0.49144604375 0.263521634375 0.48808039687500004 0.244385153125 0.47730873125000006 0.23389665312500002 0.46595641250000003 0.2288992703125 0.46019021093749995 0.266054834375 0.47041347812499995 0.267829946875
0 0.9272858890625001 0.74491026875 0.9176674640625 0.7269906546875 0.898965571875 0.705783359375 0.87400015 0.69052776875 0.846118025 0.7086463203125 0.8443572546875 0.7334056453125 0.86190321875 0.763227759375 0.9055866625 0.792588390625 0.9232535796875 0.7691436 0.9272858890625001 0.74491026875
0 0.4937847796875 0.23445490000000002 0.48185449687500004 0.233764928125 0.48974709218749995 0.261055646875 0.4988090578125 0.2738130015625 0.510731275 0.2780540984375 0.5232664 0.2625995671875 0.5176077125 0.2524067671875 0.5062822734375 0.23557229687499998 0.4937847796875 0.23445490000000002
0 0.5396833156249999 0.2891994140625 0.5431403484375 0.2680897859375 0.52953530625 0.254280446875 0.520451840625 0.25099276875 0.5186803171875 0.280486928125 0.533419784375 0.2951511171875 0.5396833156249999 0.2891994140625
0 0.7009114984375 0.34903536874999996 0.699822765625 0.32805746406249997 0.6890591625 0.314017834375 0.679408484375 0.3103027296875 0.6776396484375 0.3386131796875 0.6861451515625 0.3462082703125 0.7009114984375 0.34903536874999996
0 0.7808320453125 0.43416024531249997 0.7967086265625001 0.4484955765625 0.833706471875 0.4194601953125 0.8240638546874999 0.41219396250000007 0.8030501046875 0.40821631406250003 0.7802890234375 0.423079440625 0.7808320453125 0.43416024531249997
0 0.6939463609375001 0.41374509843749996 0.6825940421875 0.4087477171875 0.66385720625 0.402928640625 0.654166209375 0.41696917187500004 0.6569888328125 0.42502484375 0.67515576875 0.431600203125 0.6933146375 0.44172669062500003 0.69731200625 0.43288157812500005 0.6939463609375001 0.41374509843749996