0 0.7765625 0.84453125 0.0828125 0.109375
0 0.80078125 0.73359375 0.09375 0.1203125
0 0.8265625 0.6203125 0.071875 0.0921875
0 0.8546875 0.48984375 0.0671875 0.0890625
0 0.865625 0.39453125 0.0765625 0.096875
0 0.8328125 0.37578125 0.078125 0.09375
0 0.76640625 0.38203125 0.0765625 0.0890625
0 0.72109375 0.37109375 0.0734375 0.084375
0 0.6390625 0.375 0.0765625 0.0703125
0 0.65234375 0.64140625 0.075 0.1046875
0 0.6890625 0.6546875 0.06875 0.090625
0 0.565625 0.36953125 0.0578125 0.0578125
0 0.5015625 0.3671875 0.0625 0.0625
0 0.47578125 0.4640625 0.0546875 0.0765625
0 0.5140625 0.47265625 0.05 0.071875
0 0.55078125 0.47734375 0.0578125 0.0828125
0 0.58125 0.484375 0.0546875 0.08125
0 0.615625 0.490625 0.0609375 0.08125
0 0.6484375 0.49375 0.0640625 0.0890625
0 0.68125 0.5046875 0.0625 0.0859375
0 0.72109375 0.51171875 0.065625 0.0890625
0 0.6671875 0.81640625 0.10625 0.1125
0 0.6109375 0.80078125 0.090625 0.0984375
0 0.56640625 0.784375 0.09375 0.10625
0 0.52265625 0.76640625 0.090625 0.1015625
0 0.475 0.7578125 0.0859375 0.0984375
0 0.41875 0.734375 0.0828125 0.0921875
0 0.4796875 0.609375 0.065625 0.0921875
0 0.51171875 0.6171875 0.0703125 0.0984375
0 0.534375 0.68671875 0.06875 0.0625
0 0.5765625 0.62421875 0.065625 0.0890625
0 0.60625 0.63359375 0.0703125 0.096875
0 0.446875 0.4625 0.0453125 0.0671875
0 0.4078125 0.46875 0.0578125 0.0828125
0 0.365625 0.55 0.065625 0.09375
0 0.35 0.71171875 0.0703125 0.096875
0 0.3171875 0.70625 0.071875 0.0984375
0 0.28203125 0.69453125 0.071875 0.096875
0 0.23046875 0.7234375 0.0671875 0.09375
0 0.18515625 0.759375 0.0625 0.096875
0 0.24375 0.5890625 0.0765625 0.09375
0 0.31953125 0.4828125 0.059375 0.0796875
0 0.18046875 0.65625 0.071875 0.09375
0 0.11484375 0.73515625 0.059375 0.075
0 0.03984375 0.71953125 0.065625 0.0515625
0 0.13359375 0.621875 0.0609375 0.059375
0 0.16640625 0.58984375 0.0640625 0.059375
0 0.19609375 0.5546875 0.065625 0.059375
0 0.26484375 0.4546875 0.05625 0.0515625
0 0.27890625 0.42421875 0.0578125 0.0515625
0 0.28671875 0.390625 0.0578125 0.05625
0 0.17109375 0.4734375 0.071875 0.0859375
0 0.12421875 0.53046875 0.0578125 0.0703125
0 0.01953125 0.6453125 0.0390625 0.090625
0 0.3015625 0.3609375 0.053125 0.0484375
0 0.3140625 0.334375 0.0578125 0.053125
0 0.328125 0.29765625 0.0546875 0.0515625
0 0.390625 0.378125 0.0515625 0.0703125
0 0.42578125 0.3125 0.04375 0.0625
0 0.50859375 0.23984375 0.0421875 0.0625
0 0.45390625 0.25234375 0.0453125 0.0609375
0 0.5375 0.18046875 0.0421875 0.05625
0 0.4890625 0.184375 0.04375 0.0625
0 0.5125 0.13359375 0.0390625 0.05
0 0.5375 0.078125 0.05 0.071875
0 0.38515625 0.171875 0.0484375 0.046875
0 0.4 0.15234375 0.05 0.0453125
0 0.41640625 0.12734375 0.0484375 0.0453125
0 0.4078125 0.03046875 0.040625 0.053125
0 0.43046875 0.00859375 0.0359375 0.0171875
0 0.36171875 0.10078125 0.0390625 0.053125
0 0.3265625 0.14921875 0.04375 0.05625
0 0.28359375 0.190625 0.053125 0.059375
0 0.23359375 0.3328125 0.05 0.0609375
0 0.2171875 0.31875 0.0609375 0.071875
0 0.22578125 0.290625 0.05625 0.0640625
0 0.21484375 0.27890625 0.053125 0.0640625
0 0.1859375 0.2671875 0.0390625 0.0359375
0 0.15625 0.25 0.040625 0.0390625
0 0.1203125 0.24453125 0.0421875 0.040625
0 0.14921875 0.17890625 0.040625 0.0546875
0 0.115625 0.1796875 0.0390625 0.05625
0 0.13125 0.178125 0.0328125 0.046875
0 0.08671875 0.240625 0.05 0.0546875