0 1 0.27088045156249996 0.891610075 0.2326367828125 0.8764416140625 0.2497522859375 0.8827724218749999 0.2715393875 0.9656695453124999 0.3045049453125 0.9790682921875 0.2862409203125 1 0.287775125 1 0.27088045156249996
0 0.7551870125 0.2164131109375 0.8568613953125 0.2621679796875 0.8569572859375001 0.2608956234375 0.8725484515625 0.2420894625 0.8750631453125 0.220476853125 0.7656978750000001 0.1788177609375 0.7551870125 0.2164131109375
0 0.7237835140625 0.20602439218750002 0.7395488546875 0.1927434078125 0.742621284375 0.17156654843750002 0.7341202046874999 0.1629038640625 0.6647162609375 0.135625053125 0.6498922203124999 0.1442523625 0.6447630171875 0.16921139375 0.7231298875000001 0.206860996875 0.7237835140625 0.20602439218750002
0 0.5858777875000001 0.1434143265625 0.600662684375 0.1313882515625 0.6043887421874999 0.1093747875 0.5866762046875 0.09755714531250001 0.5280042875000001 0.080684025 0.5148358484375 0.0986884796875 0.52555026875 0.117164059375 0.58532005 0.142978575 0.5858777875000001 0.1434143265625
0 0.5009139671875 0.099263346875 0.4632716265625 0.046276621875 0.4456941203125 0.036585392187499996 0.4270833484375 0.052358740625 0.4506472421875 0.092325265625 0.48065151874999995 0.12519809843750002 0.501262315625 0.1103137015625 0.5009139671875 0.099263346875
0 0.44417949375 0.15463583593750002 0.46454175781249996 0.1469672734375 0.46871205312499997 0.1347318078125 0.4384337859375 0.0780676078125 0.42616357968749996 0.0684810734375 0.4146644265625 0.068254234375 0.4016486296875 0.0803152078125 0.42463717812499996 0.127915871875 0.44417949375 0.15463583593750002
0 0.4153631390625 0.196117575 0.4377332765625 0.22841506093750003 0.43619510000000006 0.2292342171875 0.46023059687499995 0.2237618640625 0.4611503640625 0.20763953124999998 0.43793089218750003 0.1591848140625 0.42585246874999994 0.1470535671875 0.4043747296875 0.1538506234375 0.40745501093750003 0.171750859375 0.4153631390625 0.196117575
0 0.547086775 0.21145850937500002 0.5431865421875 0.2279467953125 0.5528989875 0.2362086265625 0.5971695671874999 0.2600183984375 0.5967077234375 0.258310290625 0.6070483359375001 0.2347283125 0.5931049203125001 0.22383452187500003 0.5796409609375 0.20657895 0.5597581500000001 0.20788572656249998 0.547086775 0.21145850937500002
0 0.586196859375 0.295905640625 0.591709625 0.2658571828125 0.5339007265625 0.237532853125 0.51876748125 0.238508575 0.511751753125 0.25323640625 0.5228888765625 0.2700213296875 0.5867545953125 0.2963413921875 0.586196859375 0.295905640625
0 0.6660060171875 0.33400844375 0.727775821875 0.3607119125 0.728102634375 0.3602936109375 0.7406389796874999 0.35459441875 0.7465392343749999 0.338995084375 0.735018546875 0.3272995875 0.6661331984375 0.297057759375 0.6574618703125 0.3024084453125 0.6550430671874999 0.3227487 0.6660060171875 0.33400844375
0 0.8313367296875 0.41669798281250003 0.8546051 0.4214044796875 0.92759614375 0.40500487031250004 0.9364201140624999 0.3937107046875 0.924455190625 0.37223720937500004 0.9071086062499999 0.363400034375 0.8169666843750001 0.387956303125 0.82845215625 0.41579157968749997 0.8313367296875 0.41669798281250003
0 0.890535090625 0.46968518281250005 0.8968012999999999 0.4570663125 0.8852590796875001 0.4339021609375 0.8738558171875 0.43240296562499997 0.7920760203125 0.4439569609375 0.804446040625 0.47180968593749995 0.8146770812499999 0.4771085015625 0.8883041453124999 0.46794217656250003 0.890535090625 0.46968518281250005
0 0.7691247046874999 0.4859791453125 0.7655688953124999 0.49397923906249996 0.7743615734375 0.5183634031250001 0.8705615265625 0.515602065625 0.8746210359375001 0.5084481953125 0.8658674984375001 0.48746279843749996 0.8532137296875 0.48296569062500005 0.7691247046874999 0.4859791453125
0 0.7186067234375 0.40784252031249996 0.727378575 0.393409778125 0.7250869546875001 0.376799346875 0.64435410625 0.335280325 0.6352992140625 0.3457204359375 0.634091775 0.3656598390625 0.7186067234375 0.40784252031249996
0 0.6239429421875 0.386697103125 0.6166786828124999 0.40864077343750005 0.688239215625 0.4504036046875 0.7029996109375001 0.44859125625 0.713233621875 0.4322076859375 0.701808825 0.419239834375 0.6354988453125 0.38225281875 0.6239429421875 0.386697103125
0 0.6824845296875 0.4842105671875 0.6935570546875 0.46658951875000004 0.6854786796875 0.456236175 0.6228986812499999 0.41677424375000005 0.61143866875 0.41994617031250003 0.6038084546875 0.438909375 0.6544274531250001 0.47643635937499995 0.6815040890625 0.485465475 0.6824845296875 0.4842105671875
0 0.8381419390625 0.5620370421875001 0.844138084375 0.54516535 0.8344432484375 0.5288336265625 0.8099067625 0.52919910625 0.744951028125 0.5330147453125 0.7373384234375 0.5439080578125 0.751861109375 0.56670625625 0.7880317796874999 0.568694028125 0.8381419390625 0.5620370421875001
0 0.8080007234375 0.613261878125 0.8167679421875 0.6066388375 0.80568756875 0.585182790625 0.7927637359374999 0.5764328609375 0.7195202359375 0.5805097609375001 0.7193891296875 0.597921896875 0.7281035250000001 0.615508525 0.8073470953124999 0.614098484375 0.8080007234375 0.613261878125
0 0.703578815625 0.674489646875 0.7811491765625 0.6717723515625 0.7802646265625001 0.6717549015625 0.7842998890625 0.6573930265625 0.7714504140625 0.6359020828124999 0.7557770390624999 0.6283721609375 0.7104164453124999 0.6346980906249999 0.6867469015625 0.643150909375 0.703578815625 0.674489646875
0 0.65663114375 0.725382953125 0.693516115625 0.74140154375 0.725189678125 0.7560430828125 0.73566925 0.7541260624999999 0.7360919531250001 0.752435403125 0.7377612375 0.7342041109374999 0.729125125 0.7234150140625 0.6639130109375 0.6953693953125 0.65474069375 0.69561320625 0.6512631671875 0.710410834375 0.65663114375 0.725382953125
0 0.6507131703125 0.557065465625 0.6656154921875 0.5552356921875 0.668918846875 0.5349128859375 0.6553981359375001 0.5223284375 0.5997419015625 0.48894958125 0.587589121875 0.48955934531249995 0.5828434812500001 0.50942895 0.5895754609375 0.5180567375 0.6507131703125 0.557065465625
0 0.6295094234375 0.5876538921875001 0.6436622265625 0.5879330796875 0.643989040625 0.5875147765625 0.65133158125 0.5723686421874999 0.642791359375 0.5603071921875 0.5815577578125 0.52257081875 0.5700018546875001 0.527015103125 0.5669861734375 0.5435208390625 0.58129554375 0.5573950937500001 0.6295094234375 0.5876538921875001
0 0.5685027093749999 0.3392463140625 0.5772660046875 0.3130847234375 0.5667648984375 0.3035330875 0.5172437671875 0.274947496875 0.5063414921875 0.2785551765625 0.502711325 0.299296284375 0.5135783843749999 0.3118283859375 0.5689254140625 0.3375556546875 0.5685027093749999 0.3392463140625
0 0.49617505156249997 0.3076623328125 0.48227470156249996 0.3197058578125 0.4907405671875 0.344508325 0.5505494890625 0.3737216046875 0.5529722171875 0.37291989999999997 0.5611386328125 0.342923790625 0.49617505156249997 0.3076623328125
0 0.41965556406250004 0.2768451609375 0.44201784999999993 0.27006555312499997 0.4365715921875 0.2482959015625 0.4172562765625 0.20289144218750002 0.40112105781249996 0.1936534140625 0.385373325 0.1988645078125 0.391089646875 0.22488698281250002 0.4105008546875 0.26901908125 0.41965556406250004 0.2768451609375
0 0.377919303125 0.3291155171875 0.380441846875 0.3465800015625 0.382751075 0.3551205421875 0.3969821609375 0.3621972625 0.3974440078125 0.36390537031250003 0.4095967890625 0.3632956046875 0.42175932656250004 0.3155388515625 0.416160428125 0.29971268125 0.398256109375 0.290439753125 0.38525791875 0.29443083593749997 0.377919303125 0.3291155171875
0 0.4922611359375 0.3517590578125 0.4773979546875 0.35698759999999996 0.47982460937500004 0.3757244421875 0.5351540296875 0.40952160156249995 0.546095446875 0.4093126890625 0.5508019453124999 0.386044315625 0.52918525 0.3711764171875 0.4922611359375 0.3517590578125
0 0.5384084828125 0.4329470140625 0.53769418125 0.41891619531249996 0.48092247343750005 0.384665834375 0.4679242828125 0.3886569203125 0.46815913125 0.4090495203125 0.49646866562499997 0.42914644218750003 0.5301813921874999 0.44807569843749995 0.5384084828125 0.4329470140625
0 0.5086899703125 0.4824811953125 0.5209777843750001 0.483997840625 0.527588415625 0.4628907765625 0.52118325 0.4538446890625 0.4650260265625 0.41535895624999997 0.4520278359375 0.4193500390625 0.44783993281249995 0.43965539531250003 0.46745660468750005 0.45363434687500004 0.5086899703125 0.4824811953125
0 0.49125534687499994 0.513993471875 0.5023317953124999 0.5159109703125 0.512232096875 0.5020895390625 0.507883703125 0.48926127968750005 0.46120800468749995 0.4581833234375 0.448863440625 0.461337803125 0.4445405046875 0.47951675 0.45904165625 0.49084629062499996 0.49125534687499994 0.513993471875
0 0.478129975 0.554935240625 0.48916728281250005 0.5534539703125 0.49641393437500003 0.5395801953125 0.45933325312499995 0.50656776875 0.4424485171875 0.4994387015625 0.43335448281250005 0.5064800453125 0.4310883203125 0.5208768218750001 0.4460513171875 0.5339144703125001 0.478129975 0.554935240625
0 0.40106441562499995 0.39031125 0.38433231874999996 0.377238703125 0.377295059375 0.380497875 0.3692597484375 0.39308184687500003 0.365725471875 0.4125506 0.368248015625 0.430015084375 0.3807491453125 0.44045567343750003 0.39299781718750004 0.43857355 0.40106441562499995 0.39031125
0 0.3682637171875 0.508169275 0.3798196203125 0.503724990625 0.39171602031249997 0.471253965625 0.38552024218750003 0.45159327187500004 0.3705963859375 0.44195439218750004 0.358290965625 0.44850763593750004 0.3525081359375 0.47430327187500004 0.3533966109375 0.49385926874999997 0.3682637171875 0.508169275
0 0.444307675 0.5648867765625 0.46605940312499994 0.5818810890624999 0.4772317421875 0.5825262312499999 0.4812278640625 0.5647655859375 0.478169115625 0.5583340078125001 0.44470492031250003 0.5321889125 0.43074389843749994 0.5293650140625 0.42509217499999996 0.5377485125 0.4305560421875 0.5514482734375 0.444307675 0.5648867765625
0 0.27053263125 0.4688634328125 0.274585503125 0.44643166562500003 0.2562760859375 0.43077950625000005 0.23652438125000003 0.41467414687500004 0.2236612234375 0.42079164375 0.2240487125 0.43524076406249995 0.2369157953125 0.44866181875000005 0.256340684375 0.465185478125 0.27053263125 0.4688634328125
0 0.17559998593749998 0.3845893625 0.17729472968749999 0.39736527499999996 0.1903535921875 0.408241615625 0.2052207 0.42255162031250004 0.219046690625 0.42324910937500004 0.22269839062500002 0.41397665781250004 0.22044591093750002 0.40076499375 0.19804055625 0.3846072875 0.18050219218750002 0.378314825 0.17559998593749998 0.3845893625
0 0.1741088 0.4278843796875 0.1700735375 0.4422462578125 0.180940596875 0.45477835781250003 0.19882730937499998 0.472121175 0.214518290625 0.47158120625000005 0.21809170781249998 0.455511221875 0.1837997125 0.4246775546875 0.1741088 0.4278843796875
0 0.2768282234375 0.5067903171875 0.2469981203125 0.4794426609375 0.2351330109375 0.47623535625 0.2259430859375 0.48454905937500004 0.229502821875 0.49608751250000005 0.23892759375 0.5081664140625 0.255141096875 0.524201975 0.27100625156249997 0.529187184375 0.2768282234375 0.5067903171875
0 0.136797196875 0.3940179015625 0.129550546875 0.4078916765625 0.136975296875 0.41908162656250003 0.152861984375 0.4355354921875 0.16799523125 0.43455977187499994 0.1709150203125 0.41932639062500005 0.147873646875 0.3959354 0.136797196875 0.3940179015625
0 0.1289192171875 0.3857073078125 0.11628305624999999 0.373140309375 0.070399940625 0.36289070625000003 0.0714019125 0.3731044578125 0.0973846109375 0.392730728125 0.1234808078125 0.40301475 0.1298253 0.397193415625 0.1274769296875 0.38525410781249997 0.1289192171875 0.3857073078125
0 0.3251289984375 0.5484341125000001 0.2947411578125 0.52065070625 0.2824924859375 0.522532828125 0.2787840359375 0.536476403125 0.2901129421875 0.5507166109375 0.314653353125 0.5698896812500001 0.3274989015625 0.5718420765625 0.3251289984375 0.5484341125000001
0 0.3802177390625 0.62852420625 0.38711996718749997 0.6231386203125 0.3878088109375 0.6061622343749999 0.3565931703125 0.5736902546875 0.34161256562500003 0.568722496875 0.33538549687499997 0.5847401328124999 0.34531125625 0.6019259078125 0.3635639234375 0.6222491921875 0.3802177390625 0.62852420625
0 0.48589800156249996 0.6093714453125 0.44589360781250004 0.5720538515625 0.42891297812499996 0.5661971421875001 0.419012678125 0.5800185703125 0.43214982500000004 0.59769244375 0.44970972343750004 0.6154535640625001 0.476211015625 0.6321168203124999 0.4859978171875 0.6276376359375 0.48589800156249996 0.6093714453125
0 0.49861244375 0.628735978125 0.49182763906250004 0.6443178640625 0.5043503 0.6662271093750001 0.539335065625 0.6996229390625001 0.557161103125 0.7020983328125 0.5640985484375001 0.6805729671875 0.5142075359375 0.6294683671875 0.49861244375 0.628735978125
0 0.4370364390625 0.7052504265625 0.4604437671875 0.731621884375 0.47450068125 0.733173428125 0.483036978125 0.7256963296875 0.4817649390625 0.711229759375 0.4491246203125 0.6702346890624999 0.43335535468749997 0.663977125 0.421973625 0.6739465874999999 0.4259952046875 0.6871931484375 0.4370364390625 0.7052504265625
0 0.5524781562500001 0.842597990625 0.5622864921875 0.8495874656250001 0.580975546875 0.8406116515625 0.5682787125 0.813177228125 0.5413683984375 0.77059619375 0.527695046875 0.7639552234375 0.5147359984375 0.7713450765625 0.5159121468750001 0.787084003125 0.5293585000000001 0.8124094656249999 0.5524781562500001 0.842597990625
0 0.6682138890625 0.77606316875 0.7097525359375 0.7930230609375 0.7247507484375 0.789920928125 0.7174682625 0.7613275578125 0.6570057109375 0.7329508812500001 0.6404693203125 0.7368721671875 0.6416846109375001 0.7560098625 0.6682138890625 0.77606316875
0 0.6912337296875 0.7879855046875 0.637503159375 0.7682366125 0.62040903125 0.7717221484375 0.6197593296874999 0.7920973015625 0.6626835140625 0.8141815156250001 0.663894878125 0.8137806624999999 0.6984138718749999 0.8259298375 0.706719246875 0.8175986859375 0.7041967046875001 0.8001342015624999 0.6912337296875 0.7879855046875
0 0.597843296875 0.9144175375 0.620422825 0.9361004218750001 0.6346323796875 0.9317084843749999 0.6332253078125001 0.9151155031249999 0.5986984640624999 0.8638892328125 0.5861014453125 0.854721003125 0.571756859375 0.856986528125 0.5685670046875 0.8679670875 0.5815906531249999 0.8949832078125001 0.597843296875 0.9144175375
0 0.7279210875000001 0.8732343421875 0.6661473578125 0.8269923265625 0.647763584375 0.8240811828125001 0.63924881875 0.843026934375 0.647462228125 0.855506690625 0.6812532375 0.8812334828124999 0.699484371875 0.89008810625 0.7131968640624999 0.9001278421875 0.7279210875000001 0.8732343421875
0 0.67790681875 0.8786189734375001 0.6690437078125 0.8865143718749999 0.6725466921875001 0.90272395 0.6899715578125 0.9183586578125 0.70437681875 0.93096055625 0.7271089875000001 0.9466999609375 0.746725659375 0.9606789093750001 0.7547042203125 0.9527660625 0.75160633125 0.9429357171875001 0.71117923125 0.9073087796875001 0.7125040953124999 0.89756568125 0.67790681875 0.8786189734375001
0 0.7049589484375 1 0.6703275203125 0.9595965859375 0.658000565625 0.9546811749999999 0.6446755640624999 0.9590905609375 0.6477167015624999 0.9735920312499999 0.6638640140625001 1 0.7049589484375 1
0 0.5286213765625 0.9317409984375 0.5359502359375 0.944203303125 0.547009078125 0.9541906921875001 0.5825613359374999 0.9408752859374999 0.580770703125 0.92937173125 0.5644789171875 0.9065386328124999 0.5286213765625 0.9317409984375
0 0.4114457765625 0.77821875625 0.422443940625 0.7733387203125 0.43303308906250004 0.742540903125 0.424684646875 0.7279347390625001 0.41027938593749996 0.7153328421875 0.403089484375 0.7245354953125 0.3929230453125 0.7536426515625 0.39884875625 0.7690505234375 0.4114457765625 0.77821875625
0 0.4791863765625 0.9490300390625 0.4888772890625 0.9458232125 0.4934135390625 0.9365682109375 0.46371454375 0.8918084187499999 0.44859890468749997 0.8847142484375 0.43889038437499994 0.895990965625 0.4377964453125 0.9065881203125 0.45864601406250005 0.9316348734375 0.4791863765625 0.9490300390625
0 0.5171182984375 0.9119756125 0.5322124031250001 0.9076011234375001 0.5557077734375 0.893623128125 0.556148084375 0.8838625796875 0.5407799921875001 0.8644456984375 0.5036719453125 0.88665015 0.50611620625 0.8973171000000001 0.5162337484374999 0.9119581625000001 0.5171182984375 0.9119756125
0 0.5275645609375 0.839974290625 0.5104273671875 0.8205225109375001 0.494853809375 0.8312587828125 0.4749749234375 0.8521041078125 0.48220789062499997 0.86583876875 0.49540178749999997 0.87884151875 0.5298737906250001 0.8485148312499999 0.5275645609375 0.839974290625
0 0.44527009375000004 0.8740298484375 0.40851230312500003 0.8210605734374999 0.3975317453125 0.8178707187500001 0.3872654875 0.8287116843750001 0.3913653515625 0.8487557796875 0.4222365703125 0.8897159531250001 0.44129158124999995 0.883720603125 0.44527009375000004 0.8740298484375
0 0.38161567343749997 0.7508711 0.390539459375 0.7578431250000001 0.40210904375 0.725790403125 0.405952525 0.713973240625 0.38829673593749997 0.6974844765625 0.3798171890625 0.7002904484375 0.371302425 0.719236203125 0.3711145671875 0.7413194640625 0.38161567343749997 0.7508711
0 0.3723356890625 0.693771625 0.35416130625000003 0.6802458765625 0.3423177296875 0.6885072296875 0.3382648578125 0.7109389968750001 0.340613228125 0.7228783046875 0.3528266828125 0.7371359625 0.3622299234375 0.73774620625 0.3675548328125 0.729781009375 0.3723356890625 0.693771625
0 0.343699340625 0.6740930078125 0.3340436453125 0.6611600531249999 0.32044857968749996 0.6613166171875 0.3125483015625 0.6760269984375 0.3133408859375 0.696855353125 0.32155429375 0.70933510625 0.3323039296875 0.71167090625 0.3406269125 0.695269865625 0.343699340625 0.6740930078125
0 0.29120559375 0.6849504671875 0.30403353593750004 0.6949727546875 0.31530176718749997 0.6943455390625 0.316661846875 0.66846265625 0.31794756875 0.655320790625 0.30619595781250003 0.6427712390625 0.296505046875 0.6459780671875001 0.28989441562499996 0.6670851296875 0.29120559375 0.6849504671875
0 0.275031234375 0.6723136734375 0.283933484375 0.6678170390625 0.2910803203125 0.635677071875 0.2845401203125 0.624504571875 0.26406043281249997 0.62197683125 0.258160178125 0.637576165625 0.257663115625 0.6520078390624999 0.2632228734375 0.6644352437500001 0.275031234375 0.6723136734375
0 0.2950334859375 0.786965825 0.27594909218749997 0.742415421875 0.268716125 0.7286807609375 0.25417975625 0.7334910015625 0.253007534375 0.7372906203125 0.256031065625 0.75986198125 0.270209328125 0.791148371875 0.2950334859375 0.786965825
0 0.3104328703125 0.7707043765625 0.2908298828125 0.7291169890625 0.280272028125 0.724236475 0.272158434375 0.7300229125000001 0.2768336421875 0.7424328703125 0.27973975 0.7548079296875 0.2920314890625 0.775863121875 0.303761565625 0.776944015625 0.3104328703125 0.7707043765625
0 0.169405703125 0.5810326765625 0.1775192953125 0.5752462406250001 0.1830712015625 0.5485965515625 0.17587737812499998 0.5382606562500001 0.16095352031250001 0.5286217734374999 0.15193776875 0.542460653125 0.15361490312499998 0.5633064562500001 0.1562900890625 0.574827459375 0.169405703125 0.5810326765625
0 0.13549726875 0.545109584375 0.1439416015625 0.5584433921875 0.15399846875 0.5582170296875 0.1529182109375 0.541205746875 0.162722621875 0.528656671875 0.1546442453125 0.518303328125 0.143066809375 0.5112789578125 0.1367438484375 0.52856895 0.13549726875 0.545109584375
0 0.11743638281249999 0.5222415890625001 0.12480438281249999 0.5381026609374999 0.13486125 0.5378762984375001 0.13778104062500002 0.52264291875 0.1478163734375 0.5109479 0.1342956625 0.4983634515625 0.122853259375 0.49346548749999997 0.11616434375 0.5077750171875001 0.11743638281249999 0.5222415890625001
0 0.23352589531249998 0.7254380828125 0.23929896718750002 0.7467894328125 0.248283428125 0.768628884375 0.25715046406250003 0.78027203125 0.263534096875 0.7778494625000001 0.254929275 0.7313820390625 0.24783134062499998 0.7197737875 0.23352589531249998 0.7254380828125
0 0.1987995296875 0.8296661406249999 0.21016365 0.8277665687500001 0.21812067812499997 0.8083850640625 0.20521445468750002 0.79156524375 0.196081278125 0.7952078218749999 0.1859891953125 0.8115739640624999 0.1987995296875 0.8296661406249999
0 0.23894086250000002 0.7828860640624999 0.2285923984375 0.7673909484375 0.2153632859375 0.770527978125 0.20696202187499999 0.780131484375 0.2092712515625 0.788672025 0.21692692187499998 0.8007160265625 0.23300146875 0.79508663125 0.23894086250000002 0.7828860640624999
0 0.220105 0.7311198250000001 0.21543371875 0.738248415625 0.22678415625 0.7639572828125 0.23472750156250002 0.7721842156250001 0.244383196875 0.78511716875 0.25440092187499996 0.781492040625 0.24884116406249998 0.7690646359375 0.23818349374999997 0.7459179296875 0.236950596875 0.7348501265625 0.2317959359375 0.7288019515624999 0.220105 0.7311198250000001
0 0.205339728125 0.8408386406249999 0.191222140625 0.8244196734375 0.1822631375 0.833587428125 0.1801320078125 0.8501106125 0.1835567078125 0.8595226578125 0.1911341 0.8647691249999999 0.1928249171875 0.8580064890625 0.2019580921875 0.8543639109375001 0.205339728125 0.8408386406249999
0 0.16348593125 0.690925984375 0.18081098281250002 0.6882945031250001 0.18400083750000001 0.6773139453125 0.1673607046875 0.64343049375 0.15857195156249998 0.638584878125 0.1496697 0.643081509375 0.151229409375 0.6537310109375001 0.14892410625000002 0.66472901875 0.16348593125 0.690925984375
0 0.154241165625 0.6176867265625 0.1308338359375 0.5913152703125 0.119526465625 0.58854371875 0.11564384218749998 0.596962115625 0.12314687499999999 0.6149495968750001 0.1416872125 0.631455809375 0.1545895125 0.6287370828125 0.154241165625 0.6176867265625
0 0.09238130312500001 0.5255700828125 0.090441953125 0.5395485546875001 0.09573164687499999 0.5477231390624999 0.10784921249999999 0.5632531546874999 0.12381025937500001 0.56696600625 0.123884615625 0.5542249921875 0.102150496875 0.529160790625 0.09238130312500001 0.5255700828125
0 0.059940615625000006 0.5211073953125 0.0586685765625 0.5066408250000001 0.039531359375000005 0.4863000921875 0.0295312421875 0.48185533124999996 0.0197444390625 0.486334515625 0.0175350265625 0.496060165625 0.0349598921875 0.511694875 0.049652825 0.5204797046875 0.059940615625000006 0.5211073953125
0 0.093731625 0.5468341875 0.082751065625 0.5436443328125 0.07215799687499999 0.5549036015625 0.0823146796875 0.5729434312499999 0.09575710625 0.57873034375 0.1156223078125 0.58549345625 0.11546574218750001 0.571898390625 0.093731625 0.5468341875
0 0.0035700765625 0.47369771875 0.014341246875 0.48750217500000004 0.0300889796875 0.4822910828125 0.0266642765625 0.4728790390625 0.0112394328125 0.45813328281250004 0.001971225 0.45964945 0.0035700765625 0.47369771875
0 0.11489443437499999 0.7910577859375 0.12678107656249998 0.8057337484374999 0.1493782125 0.8193467421875 0.151740265625 0.8036776124999999 0.1306597734375 0.7777768046875 0.11683378281250001 0.777079315625 0.11489443437499999 0.7910577859375
0 0.1465895296875 0.817167984375 0.13114707812499998 0.81049211875 0.115395421875 0.7961646625000001 0.11253238125000001 0.8067269187500001 0.127630409375 0.821890978125 0.140227428125 0.8310592109374999 0.1502842953125 0.83083285 0.1465895296875 0.817167984375
0 0.1255409625 0.83723418125 0.133771978125 0.8416440453125 0.141196728125 0.85283399375 0.14827313125 0.8529735875 0.1523475359375 0.842010478125 0.14482689531249998 0.8320928875 0.131942203125 0.826741725 0.11251731406250001 0.8102180609375 0.11007697812499999 0.8190896578125001 0.1255409625 0.83723418125
0 0.1942736703125 0.8734194890625 0.17936742187500002 0.8557107171875 0.16133199375 0.863849928125 0.16373711562499998 0.8711181109374999 0.19558485 0.891284828125 0.1942736703125 0.8734194890625