0 0.30226027499999997 1 0.3498271296875 0.9858080375 0.3618693734375 0.9700025953125 0.3558482515625 0.9460686390624999 0.33778488906250004 0.938391709375 0.3052708359375 0.9460686390624999 0.25348919531249997 0.9573582406250001 0.24927440937499998 0.97497001875 0.2721546703125 0.9989039765625 0.30226027499999997 1
0 0.4798833453125 0.952390815625 0.5063762765625001 0.9361337890625 0.5069783890624999 0.9185220093750001 0.49312981093749997 0.8950396375 0.4696474390625 0.896845975 0.3660841578125 0.9307147796875 0.36789049375 0.962325665625 0.3799327359375 0.9790342750000001 0.4798833453125 0.952390815625
0 0.6195733515625 0.9072324078125 0.63161559375 0.890523796875 0.6165627921875 0.8634287531249999 0.5924783078125 0.864331921875 0.522633303125 0.89097538125 0.5292565359375 0.924392603125 0.5431051140625 0.9316179484375 0.6195733515625 0.9072324078125
0 0.7707034890625 0.8647835046875001 0.7803372828125 0.851687565625 0.7701013765625 0.8318178671875 0.7520380140625 0.8245925218749999 0.6912246921875 0.8422043 0.6821930109375 0.8571065750000001 0.6948373640625001 0.8774278593749999 0.7056753828125 0.882395284375 0.7707034890625 0.8647835046875001
0 0.84837595 0.8422043 0.872460434375 0.8413011328125 0.8808900046874999 0.8286567796875 0.87727733125 0.8105934156249999 0.8236893546875 0.7943363890625 0.7941858609375 0.7857562921875 0.7797351703125 0.7898205484374999 0.7791330578125 0.8173671765625 0.7887668515625 0.8268504421875 0.84837595 0.8422043
0 0.8417527171874999 0.7988522296875 0.8688477609374999 0.8029164874999999 0.8832984515625 0.7916268843750001 0.8863090124999999 0.774466690625 0.8273020265625 0.7478232296875 0.8026154296874999 0.735630459375 0.7899710765625 0.740597884375 0.7809393953125 0.7582096640625 0.7851541796875 0.7704024328125 0.8417527171874999 0.7988522296875
0 0.66894654375 0.7600159984375 0.6659359828125 0.740597884375 0.640647275 0.7392431328125 0.5948867546875001 0.7478232296875 0.607531109375 0.7794341140625 0.6569043015625 0.7699508500000001 0.66894654375 0.7600159984375
0 0.4600136453125 0.776724609375 0.50998895 0.7631770875 0.5160100703125 0.7573064953124999 0.513601621875 0.740597884375 0.4973445953125 0.727501946875 0.41786579843749994 0.744662140625 0.4082320046875 0.7541454062499999 0.4088341171875 0.768596096875 0.42328480781250005 0.781692034375 0.4600136453125 0.776724609375
0 0.2601124265625 0.8580097437499999 0.315506740625 0.7857562921875 0.3052708359375 0.7717571859375 0.2799821265625 0.7649834234374999 0.25529553125 0.7821436187499999 0.2149540203125 0.8286567796875 0.19749276875 0.8489780625 0.2005033296875 0.85981608125 0.22398570156250003 0.8733636015625 0.2414469515625 0.8742667703125001 0.2601124265625 0.8580097437499999
0 0.2908201453125 0.725695609375 0.2950349296875 0.7130512546875 0.2637251 0.6981489812499999 0.21134134843750002 0.7410494671875 0.1902674234375 0.7600159984375 0.1920737609375 0.77717619375 0.21856669218749997 0.78891738125 0.23663005468749998 0.781692034375 0.2908201453125 0.725695609375
0 0.5057741640625 0.711714565625 0.5045699406249999 0.6927480359375 0.49493614687500004 0.6792005140625 0.390770753125 0.6949878921875 0.3883623046875 0.7153272390625001 0.4034151078125 0.7288747625 0.4690453265625 0.7211978328125 0.5057741640625 0.711714565625
0 0.6761718890624999 0.7103598140625 0.66954865625 0.695909125 0.6514852921875 0.6909417 0.5822424015625 0.7076503109375001 0.5828445140625 0.7275200093749999 0.5918761953125 0.737003275 0.6677423203124999 0.7243589218750001 0.6761718890624999 0.7103598140625
0 0.7977985328125 0.7324874343750001 0.8140555609375 0.73203585 0.824893578125 0.7207462484375 0.8224851296875 0.7058439734374999 0.8008090937500001 0.6909417 0.7508337890625 0.669717246875 0.7363830984375 0.6787489296875 0.7321683140624999 0.6913932828125 0.7424042203125001 0.70494080625 0.7977985328125 0.7324874343750001
0 0.7845520671874999 0.6764910093750001 0.796594309375 0.675587840625 0.8092386640625 0.6584276453125 0.7941858609375 0.64217061875 0.740597884375 0.6132692390625001 0.72674930625 0.6182366640625 0.7177176234375 0.636751609375 0.7297598671875 0.650750715625 0.7845520671874999 0.6764910093750001
0 0.65931275 0.6778457609374999 0.6581085265625 0.6597823984375 0.6442599484375 0.6457832921875 0.579231840625 0.6539118046875 0.5647811515625001 0.6633950703125 0.570802271875 0.685522690625 0.5810381765625 0.6913932828125 0.65931275 0.6778457609374999
0 0.6292071453125 0.6394611140625 0.646668396875 0.6317841859375 0.6472705078125001 0.61733349375 0.6400451640625 0.6033343875 0.6063268859375001 0.604689140625 0.5551473578125 0.6159787437500001 0.5593621421875 0.6381063625000001 0.5714043828125 0.6462348765625 0.6292071453125 0.6394611140625
0 0.42990803906249997 0.6728783359375 0.4726579984375 0.666556159375 0.48710868906250004 0.6579760609374999 0.485904465625 0.6403642828125 0.47687278437499997 0.6322357703125 0.44375661875 0.6331389374999999 0.3895665296875 0.6381063625000001 0.3745137265625 0.6466864593749999 0.3745137265625 0.6647498234375 0.3925770890625 0.67694259375 0.42990803906249997 0.6728783359375
0 0.2480701859375 0.6990702125 0.2908201453125 0.656169725 0.25890820312499996 0.634493690625 0.21134134843750002 0.67016883125 0.175214621875 0.70087655 0.1860526390625 0.7157788234375 0.2065244515625 0.725713671875 0.2275983734375 0.7153272390625001 0.2480701859375 0.6990702125
0 0.22157725312499998 0.6579760609374999 0.2793800140625 0.5974637953124999 0.27396100625 0.5843678578125 0.2438554015625 0.575787759375 0.174010396875 0.6372031953125 0.17882729375 0.6543633890625 0.20110544218749998 0.6629434875 0.22157725312499998 0.6579760609374999
0 0.45880942031250005 0.6259135921875 0.4732601109375 0.6182366640625 0.47145377499999996 0.600624884375 0.46181998125 0.590690034375 0.3763200640625 0.595657459375 0.3642778203125 0.609656565625 0.36849260625 0.6263651765625 0.38234118437500003 0.6322357703125 0.45880942031250005 0.6259135921875
0 0.6099395578125 0.598800484375 0.6261965859374999 0.593833059375 0.6243902484375 0.5802855375 0.6147564546875001 0.5698991046875 0.5918761953125 0.5694475203125 0.5485241234375 0.575769696875 0.5388903296875001 0.580737121875 0.542503003125 0.5974457328125 0.5539431328125 0.6060258296875001 0.6099395578125 0.598800484375
0 0.712298615625 0.589768803125 0.7249429703125 0.5924783078125 0.74421055625 0.5866077140625 0.7466190046875 0.5780276171875001 0.72674930625 0.5423524750000001 0.7110943921875 0.5242891109375 0.6906225796875 0.5256438640625001 0.6779782265625001 0.531966040625 0.6797845609375 0.5423524750000001 0.702062709375 0.5811887062500001 0.712298615625 0.589768803125
0 0.5268480890625 0.5513841562499999 0.5382882171875 0.5685443515624999 0.6069289984374999 0.5653832624999999 0.6159606796875 0.552738909375 0.6105416703125 0.538739803125 0.598499428125 0.53332079375 0.5593621421875 0.532869209375 0.5256438640625001 0.536933465625 0.5268480890625 0.5513841562499999
0 0.2643272125 0.546868315625 0.2673377734375 0.5346755453125 0.2528870828125 0.5224827765625 0.2348237203125 0.51841851875 0.1914716484375 0.5504809890625 0.1637744921875 0.570802271875 0.1637744921875 0.5825434578124999 0.18484841406250002 0.5956393953125 0.20532022656249999 0.5960909796875 0.2643272125 0.546868315625
0 0.42990803906249997 0.5491262359375 0.44556295468749996 0.5400945546875 0.44014394531249995 0.5211280234375 0.4226826953125 0.5152574296875 0.3474186828125 0.519773271875 0.3383870015625 0.52835336875 0.339591225 0.5423524750000001 0.354041915625 0.5545452453124999 0.42990803906249997 0.5491262359375
0 0.5906719703125 0.5256438640625001 0.607531109375 0.518870103125 0.6051226609375 0.5008067406250001 0.5864571859375001 0.4922266421875 0.5220311921875 0.49267822656250004 0.5105910609375 0.5008067406250001 0.5123973984375 0.5152574296875 0.5256438640625001 0.5274502015625 0.5906719703125 0.5256438640625001
0 0.419672134375 0.5084836703125 0.43653127343750003 0.49854881874999996 0.43653127343750003 0.481388625 0.42147847031249996 0.472808528125 0.34440812187500003 0.47596961562500006 0.32935531875 0.48771080156249996 0.3317637671875 0.504870996875 0.353439803125 0.5120963421875 0.419672134375 0.5084836703125
0 0.5695980484375001 0.485904465625 0.579833953125 0.4764212 0.5774255046875 0.4633252609375 0.5641790390625 0.4556483328125 0.513601621875 0.457003084375 0.49794670781250006 0.46513159687499994 0.5027636046875 0.47867912031250004 0.5178164078124999 0.48771080156249996 0.5695980484375001 0.485904465625
0 0.693633140625 0.5030736921875001 0.6954394765624999 0.4926872578125 0.693031028125 0.4786881515625 0.66954865625 0.4520446921875 0.6436578359375 0.452938828125 0.6430557234375 0.46423746250000003 0.6611190859375 0.4985578515625 0.6737634406249999 0.5053316125 0.693633140625 0.5030736921875001
0 0.19869699375 0.5270076484375 0.2468659609375 0.481849240625 0.2571018671875 0.4651406296875 0.2233835890625 0.44843201875 0.2071265625 0.454754196875 0.1535385859375 0.5012673546874999 0.1529364734375 0.518879134375 0.1782251828125 0.5279108171875 0.19869699375 0.5270076484375
0 0.6671402078125 0.4366908328125 0.6665380953125 0.42494964687500003 0.6532916296875 0.402822028125 0.6400451640625 0.3897260890625 0.6213796890625 0.3856618328125 0.6111437828125 0.39559668124999997 0.61234800625 0.41140212500000006 0.6286050328125 0.4403035046875 0.6490768453125 0.443916178125 0.6671402078125 0.4366908328125
0 0.565985375 0.4330781609375 0.5623727015625 0.4186274703125 0.5473199 0.41049895625 0.5262459765624999 0.41140212500000006 0.49975304375 0.41185370781249997 0.485904465625 0.4181758859375 0.49614037031249997 0.4398519203125 0.5160100703125 0.44436776250000004 0.5539431328125 0.4416582578125 0.565985375 0.4330781609375
0 0.5340734328125001 0.410950540625 0.5497283484375 0.40824103593750005 0.550932571875 0.3983061875 0.5443093390625 0.38701658437500003 0.5244396390625 0.38069440781249997 0.48771080156249996 0.382952328125 0.4774748953125 0.3865650015625 0.4828939046875 0.402822028125 0.4907213625 0.41049895625 0.5340734328125001 0.410950540625
0 0.7941858609375 0.38069440781249997 0.7863584046875001 0.364888965625 0.76347814375 0.3563088671875 0.731566203125 0.3554056984375 0.7195239609375 0.363985796875 0.730964090625 0.38250074375 0.7797351703125 0.38746816875 0.7941858609375 0.38069440781249997
0 0.7953900859374999 0.363985796875 0.7887668515625 0.373017478125 0.8008090937500001 0.3865650015625 0.8303125874999999 0.39243559375000003 0.8525907359374999 0.3797912390625 0.8297104750000001 0.36217946093750003 0.7953900859374999 0.363985796875
0 0.5280523125000001 0.37437223125 0.5304607609375 0.35946995625 0.5220311921875 0.35134144218749996 0.4907213625 0.343212928125 0.4509819640625 0.3441160984375 0.43954183281250003 0.35359936406250003 0.45037985156250004 0.3707595578125 0.5154079578124999 0.377984903125 0.5280523125000001 0.37437223125
0 0.4220805828125 0.3414336890625 0.3979960984375 0.331047253125 0.3450102328125 0.3242734921875 0.3317637671875 0.32969250156249996 0.32694687031249997 0.3396273515625 0.33357010468750004 0.3563088671875 0.41064045312499997 0.3685287328125 0.42509114375 0.366722396875 0.43111226406250003 0.3513685375 0.4220805828125 0.3414336890625
0 0.231813159375 0.4091713 0.24746807343750002 0.3929142734375 0.2348237203125 0.374399325 0.212545571875 0.3762056625 0.1673871640625 0.384334175 0.1402921203125 0.39472060937500003 0.1487216890625 0.4186545640625 0.1613660421875 0.421815653125 0.231813159375 0.4091713
0 0.2083307859375 0.3725929890625 0.231211046875 0.3671739796875 0.23542583125 0.3522717046875 0.21856669218749997 0.3355630953125 0.18846108749999999 0.3360146796875 0.1571512578125 0.34053052031250003 0.1300562140625 0.34911061718749997 0.1234329796875 0.362658140625 0.1475174640625 0.3816246703125 0.2083307859375 0.3725929890625
0 0.150528025 0.34233685625 0.2107392359375 0.32924091875 0.2294047109375 0.31975765312500004 0.23060893437500002 0.3071132984375 0.2137497953125 0.2926626078125 0.1577533703125 0.3007911203125 0.1258414296875 0.313887059375 0.12222875625 0.3265314140625 0.1282498765625 0.3346599265625 0.150528025 0.34233685625
0 0.9055766000000001 0.3513685375 0.9404991015625 0.32924091875 0.938692765625 0.323821909375 0.9073829359375001 0.322918740625 0.881492115625 0.326982996875 0.872460434375 0.338724184375 0.8832984515625 0.3495622015625 0.9055766000000001 0.3513685375
0 0.871858321875 0.33917576718750003 0.8688477609374999 0.3301440859375 0.8586118562499999 0.32517666093750003 0.83874215625 0.3215639875 0.82007668125 0.326982996875 0.8315168109375 0.34594952968750003 0.867041425 0.350916953125 0.871858321875 0.33917576718750003
0 0.8260978015625 0.3382725984375 0.82007668125 0.3256282453125 0.8026154296874999 0.317951315625 0.7694992640625 0.317048146875 0.7610696953125 0.32833775 0.7731119375 0.342788440625 0.8128513359375 0.34594952968750003 0.8260978015625 0.3382725984375
0 0.7454147812499999 0.3314988375 0.739995771875 0.3152418125 0.7237387453124999 0.308919634375 0.6924289156250001 0.30350062499999997 0.6809887859375 0.312080721875 0.6894183546875 0.33059567031250003 0.7327704265625 0.337821015625 0.7454147812499999 0.3314988375
0 0.6797845609375 0.3211124046875 0.6713549921874999 0.3071132984375 0.6520874046875 0.3025974578125 0.6201754640625 0.299887953125 0.6111437828125 0.30937121875 0.6231860234375 0.32743458125 0.66894654375 0.331047253125 0.6797845609375 0.3211124046875
0 0.598499428125 0.31569339531249996 0.5954888671874999 0.30033953750000003 0.5816402890625 0.29492052812499997 0.5695980484375001 0.2881467671875 0.5346755453125 0.2845340953125 0.5256438640625001 0.2962752796875 0.532267096875 0.313435475 0.5846508499999999 0.32517666093750003 0.598499428125 0.31569339531249996
0 0.45880942031250005 0.2926626078125 0.466034765625 0.28137300625 0.4600136453125 0.270083403125 0.44375661875 0.26330964218749997 0.42990803906249997 0.25653588125 0.396791875 0.25156845781250003 0.3841475203125 0.252020040625 0.3757179515625 0.2610517234375 0.3805348484375 0.2791150859375 0.4461650671875 0.2953721125 0.45880942031250005 0.2926626078125
0 0.3016581625 0.23261998906249998 0.2847990234375 0.22223355625000002 0.249876521875 0.2095892015625 0.2294047109375 0.210943953125 0.21555613281250002 0.2271829171875 0.22639415000000002 0.238924103125 0.2932285921875 0.266019146875 0.3124961796875 0.26240647500000003 0.3233341984375 0.2520381046875 0.3179151890625 0.2412000859375 0.3016581625 0.23261998906249998
0 0.1679892765625 0.2872616625 0.1697956125 0.2719078046875 0.1577533703125 0.25429602500000004 0.1047675046875 0.2506833515625 0.08489780625 0.2551991921875 0.06322177031250001 0.2524896890625 0.0680386671875 0.287713246875 0.13908789531250002 0.291777503125 0.1679892765625 0.2872616625
0 0.2150262734375 0.21143166406249997 0.2150262734375 0.20104523125 0.198167134375 0.189755628125 0.160836184375 0.1753049390625 0.12230101093750001 0.16717642500000002 0.1095844015625 0.179784653125 0.1198925609375 0.1929167171875 0.18492066875 0.2177538421875 0.20418825468750001 0.220463346875 0.2150262734375 0.21143166406249997
0 0.0614876875 0.2511710640625 0.080755275 0.2552353203125 0.1030334234375 0.25207423125 0.1108608796875 0.2480099734375 0.1066460953125 0.236720371875 0.0958080765625 0.22814027499999998 0.0723257046875 0.2258823546875 0.0596813515625 0.222721265625 0.0259630734375 0.2209149296875 0.000674365625 0.22362443437500001 0 0.2303981953125 0.0596813515625 0.23897829375000001 0.0614876875 0.2511710640625
0 0.0771426015625 0.1536289015625 0.062089799999999994 0.14504880625 0.047036996875 0.1409845484375 0.0355968671875 0.133759203125 0 0.1292433625 0.000674365625 0.16627325625 0.0596813515625 0.1771112734375 0.0771426015625 0.177562859375 0.080755275 0.16627325625 0.0771426015625 0.1536289015625
0 0 0.0980840609375 0.01452294375 0.10756732656250001 0.0343926421875 0.106664159375 0.0416179890625 0.099890396875 0.038005315625 0.057893078125 0.027167298437499997 0.043893971875 0 0.038926546875 0 0.0980840609375
0 0.1831143328125 0.1599510796875 0.1957586859375 0.1558868234375 0.207800928125 0.123824353125 0.2005755828125 0.11524425625000001 0.1746847625 0.1093736625 0.16444885781250002 0.116599009375 0.1548150640625 0.1445972203125 0.16324463281249998 0.1540804875 0.1831143328125 0.1599510796875
0 0.2330896359375 0.184788203125 0.2427234296875 0.1802723640625 0.25416356093750003 0.1468551421875 0.2535614484375 0.138726628125 0.2294769640625 0.1301465296875 0.2150262734375 0.1396297953125 0.20539247968750002 0.1703375125 0.2144241609375 0.177562859375 0.2330896359375 0.184788203125
0 0.2866776140625 0.203754734375 0.29691351875 0.198787309375 0.30173041562499997 0.16446692031250001 0.302332528125 0.1554352390625 0.2722269234375 0.147306725 0.264399465625 0.1558868234375 0.25717412031250003 0.1902072125 0.265001578125 0.1969809734375 0.2866776140625 0.203754734375
0 0.12651579531249998 0.0235726890625 0.11025876718750001 0.009121998437499999 0.0976144140625 0.0000903171875 0.037403204687500004 0.0000903171875 0.038607428124999996 0.006864078125000001 0.0970123015625 0.037120210937499995 0.114473553125 0.0416360515625 0.12832213125 0.0330559546875 0.12651579531249998 0.0235726890625
0 0.3041388640625 0.0931166375 0.2680121390625 0.08047228125 0.2493466640625 0.076408025 0.23248752343749998 0.075956440625 0.2276706265625 0.0890523796875 0.2330896359375 0.09537455624999999 0.28848395 0.1161474234375 0.2987198546875 0.11524425625000001 0.3059452015625 0.105760990625 0.3041388640625 0.0931166375
0 0.39144511875 0.1468551421875 0.396864128125 0.13421078749999998 0.39626201562499996 0.12201801718750001 0.3806071015625 0.11027683125000001 0.330029684375 0.0913103 0.311966321875 0.1084704953125 0.3107620984375 0.12156643281249999 0.37759654062500003 0.1455003890625 0.39144511875 0.1468551421875
0 0.42576550781250005 0.232656115625 0.443226759375 0.2340108671875 0.45105421718749994 0.2249791875 0.4456352078125 0.2118832484375 0.43780775156249996 0.1965293890625 0.42757184531250003 0.188852459375 0.41191692968750004 0.1834334515625 0.40047680156250004 0.1852397875 0.3992725765625 0.1974325578125 0.4137232671875 0.22543077031249997 0.42576550781250005 0.232656115625
0 0.45767745 0.23220453281250003 0.47875137343749996 0.234462453125 0.4829661578125 0.22904344375000002 0.4793534859375 0.21685067343750003 0.472128140625 0.2051094875 0.46791335624999997 0.1960778046875 0.46249434687499996 0.188852459375 0.44262464843749993 0.185691371875 0.4366035265625 0.198787309375 0.44804365625000003 0.22768869062500002 0.45767745 0.23220453281250003
0 0.49199783906250005 0.22768869062500002 0.5130717640625 0.2299466109375 0.5215013328125 0.2245276015625 0.5166844359375 0.21143166406249997 0.5088569796875 0.1978841421875 0.5004274093750001 0.1874977078125 0.4877830546875 0.1834334515625 0.4739344765625 0.184788203125 0.4685154671875 0.1965293890625 0.48356827031250005 0.2213665140625 0.49199783906250005 0.22768869062500002
0 0.5166844359375 0.21143166406249997 0.519092884375 0.22859185937499998 0.5299309015625 0.234462453125 0.55220905 0.2353656203125 0.5594343953124999 0.2209149296875 0.5479942656250001 0.20104523125 0.5371562484375 0.1911103796875 0.5172865484375 0.1870461234375 0.5070506421875 0.194723053125 0.5082548671875 0.2023999828125 0.5166844359375 0.21143166406249997
0 0.5534132734375 0.21910859375 0.5540153859375 0.22859185937499998 0.5600365078125 0.2353656203125 0.5835188796875 0.238526709375 0.5865294390625 0.2222696828125 0.576293534375 0.2051094875 0.566659740625 0.1933683015625 0.5461879296875 0.18840087656249999 0.5365541359375 0.1974325578125 0.5443815921875 0.20420631875 0.5534132734375 0.21910859375
0 0.5913463359375 0.2245276015625 0.5961632328124999 0.2358172046875 0.6124202609375 0.24033304531250002 0.6298815109375 0.22768869062500002 0.623258278125 0.21414116875000003 0.6154308203125 0.20330315 0.604592803125 0.194723053125 0.5889378890625 0.193819884375 0.5883357765625 0.193819884375 0.5780998703125 0.1951746375 0.58050831875 0.20285156718750003 0.5913463359375 0.2245276015625
0 0.5449837046875 0.1549836546875 0.5504027140625001 0.1445972203125 0.5419731453125001 0.137823459375 0.5293287906249999 0.1274370265625 0.5082548671875 0.1184053453125 0.49801896093750003 0.11795376093750001 0.490191503125 0.1305981140625 0.4974168484375 0.1396297953125 0.5353499109375 0.1558868234375 0.5449837046875 0.1549836546875
0 0.5353499109375 0.1319528671875 0.5395646953125001 0.138726628125 0.5516069375 0.14324246875 0.5624449546875 0.1364687078125 0.5630470671875 0.123824353125 0.5528111625000001 0.11750217656249999 0.5407689203125 0.10530940625 0.5112654265625001 0.08860079531250001 0.490191503125 0.11027683125000001 0.499825296875 0.1170505921875 0.5106633140625 0.1193085125 0.5353499109375 0.1319528671875
0 0.5425752562499999 0.1161474234375 0.557025946875 0.125630690625 0.5642512921875 0.133759203125 0.576293534375 0.1405329640625 0.584723103125 0.12834019531250002 0.576293534375 0.118856928125 0.5672618515625001 0.106212575 0.5485963765624999 0.0980840609375 0.5311351265625001 0.0931166375 0.52390978125 0.10124515 0.5359520234375 0.106664159375 0.5425752562499999 0.1161474234375
0 0.5443815921875 0.082730203125 0.5359520234375 0.086342875 0.5263182296875 0.09537455624999999 0.5443815921875 0.1016967328125 0.557025946875 0.105760990625 0.5672618515625001 0.11524425625000001 0.5780998703125 0.1211148484375 0.584723103125 0.1233727703125 0.5937547859375 0.1143410890625 0.5937547859375 0.10485782343750001 0.5726808609375 0.091761884375 0.5606386203125 0.0895039640625 0.5443815921875 0.082730203125
0 0.538360471875 0.081827034375 0.5642512921875 0.090858715625 0.5684660765625 0.0845365390625 0.5702724140625001 0.06918268125 0.566659740625 0.0615057515625 0.546790040625 0.0574414953125 0.5407689203125 0.061957335937500004 0.5407689203125 0.07144059999999999 0.538360471875 0.081827034375
0 0.5684660765625 0.0556351578125 0.5714766375 0.041184467187500004 0.5690681890625 0.0276369453125 0.5449837046875 0.0226695203125 0.533543575 0.031249617187500002 0.5401668078124999 0.052474070312499996 0.5600365078125 0.060150999999999996 0.5684660765625 0.0556351578125
0 0.5221034453125 0 0.5275224546875 0.0181536796875 0.5516069375 0.02628219375 0.5582301703125 0.0131862546875 0.55220905 0 0.5221034453125 0
0 0.6431279765625 0.0235726890625 0.6377089687499999 0.0073156609375 0.6148287078125 0.00144506875 0.603388578125 0.0037029890625 0.5907442234375 0.002799821875 0.5877336640624999 0.01047675 0.5973674578125 0.023121104687499998 0.6292793984375 0.030798034374999998 0.6431279765625 0.0235726890625
0 0.699124403125 0.1567899921875 0.7051455234375 0.1491130625 0.6925011703124999 0.1373718765625 0.688286384375 0.126082275 0.6642019015625 0.11524425625000001 0.6503533234375001 0.128791778125 0.651557546875 0.1391782125 0.6894906093750001 0.15814474375 0.699124403125 0.1567899921875
0 0.7604675828125 0.1789176109375 0.759263359375 0.1649185046875 0.74421055625 0.15904791093749998 0.7333725390625 0.1509193984375 0.711696503125 0.1491130625 0.70687960625 0.162209 0.7189218484375 0.1753049390625 0.749027453125 0.1829818671875 0.7604675828125 0.1789176109375
0 0.7508337890625 0.250177578125 0.7628760328124999 0.2443069859375 0.7664887046875 0.22985629375 0.7448126687500001 0.20772867499999997 0.731566203125 0.20727709062500002 0.7225345203125 0.21450243593749999 0.7291577546875 0.2257920375 0.7321683140624999 0.23933956093750003 0.7508337890625 0.250177578125
0 0.8194745703124999 0.18153679843749998 0.815861896875 0.1725051171875 0.796594309375 0.166634525 0.7803372828125 0.1675376921875 0.768295040625 0.169344028125 0.7646823671874999 0.1797304625 0.7755203859375001 0.1874073921875 0.8008090937500001 0.1941811515625 0.8128513359375 0.19372956875 0.8194745703124999 0.18153679843749998
0 0.7628760328124999 0.2285015421875 0.76408025625 0.23979114375 0.7676929296874999 0.24927440937499998 0.778530946875 0.2555965875 0.7899710765625 0.25153233125 0.7887668515625 0.23933956093750003 0.78334784375 0.22534045468750002 0.7755203859375001 0.21721194062500002 0.759263359375 0.212244515625 0.7526401265625 0.2140508515625 0.7544464625 0.21992144531250002 0.7628760328124999 0.2285015421875
0 0.7845520671874999 0.24656490468749998 0.7869605156249999 0.25469341874999996 0.8056259906250001 0.260112428125 0.8182703453125001 0.2583060921875 0.8188724578125001 0.24746807343750002 0.8122492234375001 0.2316626296875 0.8014112062500001 0.22263095000000002 0.7857562921875 0.2194698609375 0.7797351703125 0.2271467890625 0.7839499546875001 0.23617847187500002 0.7845520671874999 0.24656490468749998
0 0.890523796875 0.2140508515625 0.9013618140625 0.203212834375 0.8965449187500001 0.1946327375 0.872460434375 0.1901168953125 0.8507843984375001 0.19192323125 0.853192846875 0.20592233906250001 0.8760731078124999 0.2126961 0.890523796875 0.2140508515625
0 0.9194251781249999 0.2018580828125 0.9049744875 0.1964390734375 0.8941364703125 0.2050191703125 0.9013618140625 0.218115109375 0.9206294015625 0.22172778124999998 0.9278547484375 0.2194698609375 0.9272526359375 0.2108897625 0.9194251781249999 0.2018580828125
0 0.965787809375 0.23346896718750001 0.9778300515625 0.2271467890625 0.9730131546875 0.216308771875 0.9633793609374999 0.2131476828125 0.9435096625 0.2154056046875 0.9417033265624999 0.22308253281249998 0.9507350078125001 0.231211046875 0.965787809375 0.23346896718750001
0 0.9730131546875 0.228049959375 0.9748194921875 0.23617847187500002 1 0.24159748125 0.9983018640625 0.22398570156250003 0.976023715625 0.22308253281249998 0.9730131546875 0.228049959375