0 0.44122480781249995 0.615610115625 0.4425579609375 0.6258135328125001 0.447294409375 0.6338663734375001 0.46606595312500004 0.6358206578125001 0.48527450937500005 0.628335353125 0.4987506609375 0.6160548328125001 0.5203946187499999 0.5874961203125 0.5340207593749999 0.5686566921875 0.5433280359375 0.5476805359375 0.538948209375 0.5377330328125 0.5282576078125001 0.5321640515625 0.5128807296875 0.53488395 0.50373639375 0.5390640656250001 0.4913932359375 0.5517651859375 0.47316552500000003 0.567936190625 0.4652108265625 0.5837600593750001 0.4562666484375 0.5977229859375 0.44122480781249995 0.615610115625
0 0.62737996875 0.524472853125 0.618453059375 0.524786265625 0.6097349453125 0.5280577375 0.599307625 0.5383761578125 0.5861794640625 0.5555867734375 0.5723402140625 0.5748805234375001 0.5617585875 0.5951702296875 0.5537235 0.6185390281250001 0.5583185953124999 0.62632601875 0.5605845828125 0.627167221875 0.5735454875 0.6301650296875 0.5909752421875 0.628740653125 0.6011155359375 0.6213029140625 0.61452640625 0.604623996875 0.6216243421875001 0.5940297906249999 0.6378013359375 0.5748570734375 0.6461104984375 0.55884473125 0.655193871875 0.5468538406250001 0.6552068234374999 0.53661670625 0.6491938687500001 0.5295836031250001 0.64154778125 0.5254649015624999 0.62737996875 0.524472853125
0 0.6832575828125 0.53977529375 0.670566434375 0.5475463203125 0.663329303125 0.5561684890625 0.6511296578125 0.5674292703125 0.6367945875000001 0.5866456437500001 0.6280613625 0.601860440625 0.6183343375 0.618626671875 0.6147136140625 0.62464394375 0.6178190921875 0.6339049984375 0.6250367984375 0.6406385328125 0.63537725 0.6429836078125 0.65295051875 0.6401188921875 0.671597975 0.6281578140625 0.6815316328125001 0.616055828125 0.6951556140624999 0.5989225890625 0.710486640625 0.576448590625 0.72120314375 0.5615433000000001 0.7255414328125 0.5483243250000001 0.72165526875 0.5401603859375 0.7154270421875 0.5352877921875 0.7026031749999999 0.535968215625 0.692471515625 0.5365811984375 0.6832575828125 0.53977529375
0 0.706291865625 0.588227225 0.6953579328124999 0.6069992140625 0.6938467296875 0.6255351640625 0.69999888125 0.63454030625 0.71565199375 0.637470671875 0.72996331875 0.6370223796875 0.74739955 0.6304794375 0.75902514375 0.624980015625 0.795593334375 0.559500246875 0.8065164734374999 0.549259203125 0.802506221875 0.527179903125 0.7913937171875001 0.5191071859374999 0.7816229984375 0.514413128125 0.7548379546875 0.5187657484375 0.7473941859375001 0.5227236703125 0.7344095375 0.5384939453124999 0.71786944375 0.5646798921875 0.706291865625 0.588227225
0 0.778670715625 0.6080551234375 0.7744759375 0.619833759375 0.773688775 0.6260494421875 0.7814001421875 0.6345665421875 0.8002412828125 0.63750684375 0.8122127062500001 0.6386437078125 0.8273068765625 0.6353921109375 0.8384344921875 0.6315215015625 0.889563815625 0.5361339015625 0.8824265 0.521855440625 0.8693242421875 0.5185917859375 0.8487803734374999 0.5175798640625 0.839144534375 0.5182702234375001 0.830776565625 0.5247655984375 0.815308503125 0.543561371875 0.8013235812499999 0.5660016515625 0.7876888078125 0.5916658375 0.778670715625 0.6080551234375
0 0.9024529625 0.539851878125 0.8878330265625 0.5602427421875 0.8819312046875 0.5773621359375001 0.8748963906249999 0.594060928125 0.8672243999999999 0.6104164953125 0.860759321875 0.6247663046875 0.8620164000000001 0.63910226875 0.8652697078125 0.643510603125 0.8773064140625 0.6490458640625001 0.888710259375 0.6508255203125 0.9055028437500001 0.6490579203125 0.9225128515625001 0.643423621875 0.9357041359375 0.6323175937500001 0.9456485875 0.6116846609375 0.9737160890625001 0.5456096609375 0.973876871875 0.5305198078125 0.9716216765624999 0.521147659375 0.9620640703125 0.5159992796874999 0.9440688968750001 0.5163602593750001 0.930396903125 0.5154455875 0.9177100734374999 0.5198042375 0.9024529625 0.539851878125
0 0.8961858203125 0.7897331703125 0.8863303953124999 0.7959964171875 0.880295853125 0.80602520625 0.9014925281249999 0.8510211015625 0.985177934375 0.8083113421875 0.9514694312499999 0.7705686015625 0.9403461312499999 0.77102683125 0.9166034453125 0.77853591875 0.8961858203125 0.7897331703125
0 0.7540965828124999 0.7687780109375 0.8015649921874999 0.905940075 0.8818534328125001 0.8628274265625 0.8201555 0.74422511875 0.813851203125 0.7434850749999999 0.7779175031250001 0.7554301859375 0.759841940625 0.76333609375 0.7540965828124999 0.7687780109375
0 0.6329752734375 0.749632321875 0.63196205 0.7665394625 0.6484940328125 0.8027623453125001 0.6771630625 0.8772039328125001 0.6862944468750001 0.883260953125 0.7009559203125 0.886036565625 0.7203036734375 0.8805232984375 0.7400841234375 0.8689828234375 0.7585945421875 0.8533435171875 0.742915003125 0.8153033484375 0.7290644359375 0.7875439734375 0.71471805 0.75970721875 0.70461229375 0.73984593125 0.6917425734375 0.720772253125 0.6781401765624999 0.7208436015624999 0.6497155265625 0.733229190625 0.6329752734375 0.749632321875
0 0.5627091531249999 0.8517850578124999 0.5784318625 0.8557014421875 0.619619415625 0.83482465625 0.628209128125 0.8210502015625 0.614462696875 0.766977815625 0.5960995828125 0.7221803312499999 0.585911278125 0.711570159375 0.5687685484375 0.710113853125 0.54317961875 0.7209916625 0.528000740625 0.7352005640625 0.5292556609375 0.7512427171875 0.5350948828125001 0.783602809375 0.541301525 0.8055372937499999 0.5477147984374999 0.8321360234374999 0.5542127812500001 0.84777745 0.5627091531249999 0.8517850578124999
0 0.427843571875 0.7768607953125 0.43023580156249996 0.789911171875 0.43418077187500004 0.8075920734375 0.44019156875 0.8163313656250001 0.4503906671875 0.818410590625 0.47100844999999997 0.816996153125 0.48880778124999996 0.8034399828125001 0.5021490546875 0.7857750453125 0.5019596859375001 0.7674612859375001 0.49327395 0.74513991875 0.48722161562500005 0.7132341484375 0.47633301406250006 0.6961761656250001 0.4669885171875 0.6905734640625 0.44466153124999996 0.6990348515625 0.43190078749999994 0.7058198609375 0.4227521328125 0.7134123515625 0.42357651250000006 0.7337755265625 0.4224915328125 0.751402834375 0.4270083953125 0.765028565625 0.427843571875 0.7768607953125
0 0.298086696875 0.7517354593750001 0.293039478125 0.7653313796875 0.28934267812500003 0.7754812 0.301377225 0.78272265 0.3017198015625 0.7839603562499999 0.320081328125 0.7819847249999999 0.3356756359375 0.775398128125 0.34703362968749996 0.757423684375 0.365428596875 0.7210442593749999 0.3748729109375 0.70374633125 0.38268625312500004 0.6876566125 0.38036146249999997 0.67729844375 0.3716519828125 0.6737451578125 0.3636492734375 0.6715211171875 0.355005071875 0.6723662296875 0.3444428734375 0.6773002328125 0.335720440625 0.6839840828125 0.3226640375 0.700474528125 0.31116252968749997 0.7198893109375 0.3029251234375 0.7351814828125 0.298086696875 0.7517354593750001
0 0.2310555671875 0.760777896875 0.2320407296875 0.7660512171875 0.2385516640625 0.7714555078124999 0.2499598296875 0.7698227875 0.2599859046875 0.7723201921875 0.27774083125 0.762212540625 0.28888355468750004 0.7463986078125 0.304779996875 0.7249880046875 0.32259875625 0.6960761296875 0.3285680171875 0.6816489453125001 0.3244709 0.6722331390625 0.312145009375 0.671284746875 0.29463918125 0.676841671875 0.2824460109375 0.6829838859375 0.27244275625 0.6940998515625 0.2644966921875 0.703098965625 0.2545673515625 0.711788571875 0.2463321046875 0.7253745546875 0.240436759375 0.73737538125 0.23326490781250003 0.750395946875 0.2310555671875 0.760777896875
0 0.2305220046875 0.6785375921875 0.2117919984375 0.699749784375 0.2058901765625 0.7168691796875 0.19928158437500001 0.7326593296875 0.1908289078125 0.7501120109375 0.1964809234375 0.7624521546875 0.212847284375 0.7615931984375 0.2286525421875 0.756258465625 0.235748321875 0.7473704484375 0.242215559375 0.7313144515625 0.25336044375 0.7137943296875 0.26378776249999997 0.7034759109375 0.2684762 0.693480840625 0.2750130375 0.6784108609375 0.2774376453125 0.6658684 0.2663947390625 0.6587817031250001 0.255132246875 0.6572678953125 0.2389682046875 0.6662034765625 0.2305220046875 0.6785375921875
0 0.19768298906249998 0.7082747031250001 0.1905392 0.6991148093749999 0.17509488125 0.6991425 0.1574520140625 0.7010211953125001 0.1445499140625 0.7075403546875 0.1144748671875 0.7364898578125 0.103688765625 0.750409128125 0.0981392515625 0.7690462390625 0.131702828125 0.78257293125 0.156887121875 0.7555418734375 0.1826346734375 0.7312803999999999 0.19768298906249998 0.7082747031250001
0 0.15214530625 0.6397332640625 0.11911260937499998 0.6545689953125 0.0949329078125 0.6715176703125 0.0801084921875 0.6855381 0.066560584375 0.698538790625 0.059886712499999994 0.70993054375 0.0627769203125 0.7213521078125 0.068511484375 0.724441134375 0.0821225140625 0.7175450296875 0.1703298453125 0.65768604375 0.1670177328125 0.6437607453124999 0.15214530625 0.6397332640625
0 0.185578321875 0.6444631609375 0.205704603125 0.6395589687500001 0.23179798593749998 0.6219337796875 0.27249619531249997 0.59586105 0.2863985671875 0.5826718875 0.282444965625 0.571815740625 0.27231978125 0.567310153125 0.2507713234375 0.576380615625 0.22787675937500002 0.5854847953125 0.21121689687499998 0.5943430015625 0.1910755078125 0.61119051875 0.179088975 0.621996978125 0.17369160625 0.6323689921875 0.180483090625 0.6400111703125 0.185578321875 0.6444631609375
0 0.325663284375 0.5137122984375 0.3277075265625 0.5218325796875 0.3285491765625 0.5285462390625 0.3406619546875 0.5299489515625 0.3510067234375 0.5288816484375001 0.3681624046875 0.52010081875 0.3788071515625 0.5059156984375 0.40702732656249996 0.48715967656250003 0.416323809375 0.47471446562499997 0.41179831250000004 0.4679134921875 0.40450669218749996 0.46360631406249997 0.3838824328125 0.4701393203125 0.372961453125 0.478674175 0.35970920624999997 0.48196942812500004 0.3469419859375 0.49387300312500004 0.33524031875000004 0.503504975 0.325663284375 0.5137122984375
0 0.4586940046875 0.41501592968749995 0.4577654875 0.4209657625 0.4616538109375 0.4274235125 0.4750452546875 0.4261002953125 0.4897935953125 0.416212415625 0.5102155359375 0.4016027859375 0.52745160625 0.3852770296875 0.5312854421875 0.3788054359375 0.5239959796875 0.3727920703125 0.5121615937499999 0.375333434375 0.5014602 0.37829539843750004 0.49365980781249996 0.38414798437500003 0.4811860890625 0.3880523109375 0.472461496875 0.39644235 0.464800303125 0.40426697031250003 0.461531884375 0.4118019609375 0.4586940046875 0.41501592968749995
0 0.4279072796875 0.614506971875 0.469831825 0.5710727828125 0.49530530156249997 0.5394548546875 0.484125359375 0.52868993125 0.4643600171875 0.5282870828124999 0.44493835 0.5362267093749999 0.4248644 0.555766434375 0.41592237968749995 0.568023171875 0.40867661406250005 0.5834700984375 0.3981753796875 0.5962148765624999 0.39278232968750004 0.6031745109375 0.394685215625 0.6110289437499999 0.40013059531249995 0.618704840625 0.40884439375000003 0.618845746875 0.4279072796875 0.614506971875
0 0.4313661765625 0.5124114093750001 0.423346196875 0.52383688125 0.41319726875 0.5380993765625 0.40311794062499995 0.553347890625 0.39871005312499996 0.565580846875 0.40542978124999995 0.57394319375 0.4184732359375 0.5676898828125 0.42365965 0.5560660015625001 0.4378490484375 0.539996159375 0.452664828125 0.5328004859375 0.47640751718749996 0.5252913984375 0.48385559999999994 0.517921096875 0.4848601921875 0.5078387156249999 0.4809740265625 0.499674778125 0.4730430734375 0.49673056562499995 0.46256126562500005 0.49411964218750004 0.4526384 0.49769068125000004 0.44023212031250003 0.50428721875 0.4313661765625 0.5124114093750001
0 0.49224299531250004 0.49607001874999995 0.5102640703125 0.47523477031250005 0.53799921875 0.447870421875 0.549639921875 0.43042767812499994 0.53958649375 0.425201921875 0.5261950515625 0.4265251390625 0.511875090625 0.4337981875 0.495850246875 0.4447058078125 0.486695115625 0.45741686562500006 0.475695903125 0.471790459375 0.4656187328125 0.48533278593749996 0.466175515625 0.4932209375 0.47219278750000004 0.49684166249999995 0.486291003125 0.496847690625 0.49224299531250004 0.49607001874999995
0 0.5415093328125 0.4732847265625 0.559437065625 0.4702315375 0.5704319609375 0.45927032343749996 0.5821379453125 0.44622597500000005 0.591223478125 0.43252889687499996 0.6070373703125 0.4203694109375 0.605132325 0.41422116718749996 0.597057859375 0.41271729375 0.580615425 0.4177088015625 0.5644535421875 0.42493819374999997 0.55168848125 0.43513558124999996 0.5383493671874999 0.45109432812500005 0.5333064640625 0.46127787031249995 0.5311014421875 0.4682474421875 0.5415093328125 0.4732847265625
0 0.5777867031249999 0.46968208593750005 0.5789196984375 0.4701026875 0.5923785796875001 0.4714716796875 0.610451984375 0.46527196406250004 0.621379440625 0.451618540625 0.6427298984375 0.431059078125 0.6531636921875 0.4156220890625 0.649845103125 0.4068153578125 0.63702339375 0.405789590625 0.6214312453125 0.4106700015625 0.6114344671875 0.4166674 0.60143336875 0.426077178125 0.59164538125 0.4350326328125 0.5817095640625001 0.4488408078125 0.5764557109374999 0.45777248281249994 0.5777867031249999 0.46968208593750005
0 0.6597550171875 0.41348145468749997 0.6526527640625 0.42748803906250005 0.6430018140625 0.44012172187500004 0.63994650625 0.44720239062499995 0.636536734375 0.45447153125 0.6359605234375 0.46193908125 0.637724215625 0.46782147656250006 0.6512548546875 0.4684702984375 0.6633719499999999 0.4664606328125 0.6779724578125 0.46142546875 0.691376853125 0.44986511875 0.70748425 0.4297063828125 0.719477259375 0.4137813546875 0.725157334375 0.4039410375 0.72219536875 0.39323964375 0.7146188812500001 0.39010696093749997 0.7048416875 0.39053147187500004 0.6909501078125 0.3951896875 0.680742375 0.3999352203125 0.6703193734374999 0.40684126093749995 0.6597550171875 0.41348145468749997
0 0.730393921875 0.4086588796875 0.7219412468749999 0.42611156093749997 0.7125034078125 0.438290921875 0.708239034375 0.4490835390625 0.7078041765624999 0.4568169375 0.712331834375 0.46191172187499996 0.7262865359374999 0.463358090625 0.742583296875 0.461513115625 0.7510947765625 0.4535773984375 0.76676731875 0.4411520609375 0.7784733015625 0.4281077125 0.7923125515625 0.40881396406250003 0.8016786343750001 0.397354771875 0.8040314859375 0.38553247968750004 0.7977336640625 0.37967386875 0.7837072046875 0.3789476703125 0.7654946046875 0.3831753484375 0.7535123875 0.39056943125 0.7400383953125 0.4011437625 0.730393921875 0.4086588796875
0 0.7944873546875 0.425731040625 0.7840535609375 0.441168028125 0.7824813921875 0.45189320312500003 0.78736135625 0.45850570468749996 0.8077660281249999 0.4575455875 0.8259786296874999 0.45331790781250003 0.8366821812499999 0.4486497546875 0.8468311078124999 0.43438725937499995 0.86308849375 0.407669615625 0.8723132203124999 0.3959445734375 0.8749466234375 0.38636016875 0.8717672296875 0.3795254765625 0.861922596875 0.377257778125 0.8428618703125 0.37989036249999997 0.8284027140625 0.3851913765625 0.81712726875 0.393914703125 0.804357890625 0.40752446718749996 0.7944873546875 0.425731040625
0 0.87661913125 0.4083184375 0.867316171875 0.4258822140625 0.86255381875 0.43830364375 0.8609142125 0.44633661093750004 0.8623234406250001 0.45240747812500004 0.886483715625 0.45081450468749995 0.9029935874999999 0.4485152078125 0.9126315875 0.44611866093749997 0.925901103125 0.4291738921875 0.9356346 0.4072890921875 0.94571393125 0.3920405796875 0.947357853125 0.3805952328125 0.9434695296875001 0.37413748281250003 0.9347622078125 0.36887800937500004 0.9190308609375 0.3717863796875 0.9060613234374999 0.37561333124999996 0.8922371828125 0.38296375781249997 0.8858503359375 0.3914748296875 0.87661913125 0.4083184375
0 0.6276524718750001 0.3650770890625 0.6318952609374999 0.3713463640625 0.640609059375 0.371487271875 0.6736352796875 0.361770109375 0.69368980625 0.3575860875 0.7031864484375 0.354923690625 0.7189981828125 0.3444703921875 0.7244673078125 0.3333782078125 0.7182434 0.3250932359375 0.707622396875 0.320510275 0.686434878125 0.3242736953125 0.6705600234375 0.3286224078125 0.6623355671875 0.3336774453125 0.64886805 0.339133209375 0.6370271875 0.346793140625 0.6267412218749999 0.357377409375 0.6276524718750001 0.3650770890625
0 0.74126420625 0.3281982296875 0.7328919234375 0.3381059859375 0.732033003125 0.3450418359375 0.74060113125 0.348329275 0.7719963796875 0.3398203234375 0.7982160078125 0.33440430781249997 0.8080628000000001 0.334965815625 0.8208235453125001 0.32818080781250003 0.831748840625 0.3162335734375 0.8361524109375 0.307412996875 0.82645345 0.3019987703125 0.8096608671875 0.30376636874999996 0.7976872859374999 0.304335696875 0.7823082484375 0.308761784375 0.7716046953125 0.3134299390625 0.7648698578124999 0.317010915625 0.7518285640625 0.3215580359375 0.74126420625 0.3281982296875
0 0.9005328703125001 0.321604478125 0.909607609375 0.31643834531250004 0.921794303125 0.31541469843750003 0.944897659375 0.309268575 0.9645683359375001 0.3086987296875 0.9430824765624999 0.2682897046875 0.9393519375 0.2689092359375 0.92368803125 0.2745098140625 0.9044773171875 0.283701309375 0.88909611875 0.289833584375 0.8720753171875 0.30399883125 0.870081246875 0.312220271875 0.8730475296875 0.3195092859375 0.879423584375 0.3195291609375 0.8877090031250001 0.3222849 0.9005328703125001 0.321604478125
0 0.545403084375 0.3634557609375 0.5661773328125 0.3503638484375 0.585685865625 0.329760728125 0.5882453546875 0.32260268281250004 0.5802426453125 0.320378640625 0.5706764015625 0.32205501875000003 0.5611775999999999 0.32642360625 0.5526704375 0.3309469453125 0.5426040578125 0.3359583234375 0.5352234124999999 0.34602083281249996 0.5283407453125 0.354454528125 0.5259247703125001 0.3601722328125 0.5313744671875 0.36443575 0.5369719953125001 0.3638465515625 0.545403084375 0.3634557609375
0 0.6377533859375 0.3327666828125 0.6464040625 0.326803003125 0.661371990625 0.3113422328125 0.67272135 0.300192546875 0.674006490625 0.2923480515625 0.664159696875 0.291786540625 0.6501963625 0.297164928125 0.6368680421875 0.30459273124999997 0.6294917124999999 0.31124286093750003 0.6216152484374999 0.32122799375 0.6150848875 0.33117940625000003 0.621737175 0.3368495453125 0.6242162703125 0.33723642656249997 0.6377533859375 0.3327666828125
0 0.71202544375 0.256105625 0.7206108390625 0.2457435484375 0.7135301703125 0.242688240625 0.7007019859375 0.246781040625 0.6923383359375 0.24986404062499998 0.6802843625 0.2579782921875 0.6694351390625 0.2657929765625 0.65787266875 0.27739698437500004 0.65928189375 0.28346784999999997 0.6647315921875 0.2877313703125 0.68294419375 0.283503690625 0.7008870359375 0.2685071796875 0.71202544375 0.256105625
0 0.60959149375 0.305455596875 0.6256924140625 0.2904154296875 0.6374658375 0.2800632890625 0.6330142546874999 0.27083595781250003 0.62054269375 0.27303409375 0.6079254609375 0.2783787625 0.5985680140625 0.2830131984375 0.5882863656249999 0.2901850890625 0.579207309375 0.2987636 0.574094809375 0.307961121875 0.5757149874999999 0.31528385625 0.5856335359375 0.31512519375000003 0.5949866671875 0.3139031390625 0.60959149375 0.305455596875
0 0.6747996046875 0.225429728125 0.659985984375 0.2309192125 0.6504850234374999 0.2369939859375 0.6393487734375001 0.2476893515625 0.6359411578125 0.25325230312499997 0.6377026921875 0.2608408875 0.6497480312499999 0.259551390625 0.673855978125 0.243322884375 0.68861079375 0.22831643750000002 0.6886194265625 0.2214916796875 0.6747996046875 0.225429728125
0 0.08160406249999999 0.6233614000000001 0.0495522109375 0.6468828281250001 0.06674079375 0.668093234375 0.083254984375 0.6623815578125 0.102189465625 0.6475397984375 0.08160406249999999 0.6233614000000001
0 0.12621918125 0.63715003125 0.14039778593750002 0.6296111343749999 0.152595271875 0.620056540625 0.1494941109375 0.607383109375 0.144546709375 0.5980783984375 0.13917092656250002 0.591388521875 0.13286447031249998 0.592354665625 0.121238878125 0.5978540875 0.10989383281250001 0.6055913937499999 0.105140115625 0.6111880671875001 0.1059839234375 0.6161955390625 0.119560415625 0.6365984609375 0.12621918125 0.63715003125
0 0.1644620359375 0.5919223375 0.1766379375 0.5994296375 0.18265521093749998 0.6030503625 0.1959835328125 0.5956225609375 0.20783087031249997 0.5828440609375 0.2132239203125 0.575884425 0.2016134375 0.5694405234375 0.1928343578125 0.56490121875 0.18448150000000002 0.559453271875 0.1747739046875 0.5608638 0.1607344953125 0.5703747359375 0.15094650781250002 0.5793301921875 0.150374615625 0.5833853640625 0.1575227234375 0.5891328796875 0.1644620359375 0.5919223375
0 0.2712278 0.5344719578125 0.28327745625 0.5297700843750001 0.2976713296875 0.5200706765625001 0.3061849703125 0.5104287703125 0.3033600421875 0.5034056015624999 0.2903991375 0.5004077984374999 0.2785712265625 0.49783059375 0.2675914421875 0.49684848437499995 0.255965846875 0.5023479046875 0.2446925609375 0.5093650421875 0.2367464984375 0.51836415625 0.23858194687499998 0.5235263796875 0.24261378281249998 0.5285437875000001 0.2487028140625 0.5314443421874999 0.2712278 0.5344719578125
0 0.0469835640625 0.6052815578125 0.0344359296875 0.6116122453124999 0.0208292171875 0.61509596875 0.009984310937500001 0.6194982765625 0.0008378156249999999 0.6253845796874999 0.0112980375 0.6450573953125 0.0179611171875 0.6421965875 0.0409339125 0.6272536703125 0.057950398437499995 0.616500803125 0.055129787500000006 0.6060652578125 0.0469835640625 0.6052815578125
0 0.0907413984375 0.5687157796875 0.085270115625 0.581514153125 0.0761910609375 0.5900926625 0.0749059203125 0.597937159375 0.08446784375000001 0.599673159375 0.1357304109375 0.5669602375 0.1427587484375 0.5553800125 0.1351887375 0.5471287609375 0.1203794328125 0.5492058656250001 0.0907413984375 0.5687157796875
0 0.1594596234375 0.5141042125 0.14223002812500002 0.5253114015625 0.14696215937499998 0.536776621875 0.15205307343750002 0.544640990625 0.1592750984375 0.5479621484375 0.232520978125 0.49844536406250006 0.21857706875 0.48846805 0.2050421125 0.49123160625000006 0.1885300828125 0.49523709374999997 0.1594596234375 0.5141042125
0 0.24549915156250002 0.48779365781250006 0.260175734375 0.4786259453125 0.2770573421875 0.4624886609375 0.28883076406249997 0.452136521875 0.2955003203125 0.44415714843750004 0.28530338125 0.44037173437500005 0.27339939687500003 0.441927078125 0.2616998890625 0.44985285937499997 0.250922421875 0.4569473734375 0.24021239374999998 0.4667340953125 0.2378638578125 0.47514400781250005 0.23133781406249998 0.4816830421875 0.2323947328125 0.4862361921875 0.2392622921875 0.48974582031249997 0.24549915156250002 0.48779365781250006
0 0.3191232421875 0.419320321875 0.3284089328125 0.41540605625 0.3284175671875 0.4085812984375 0.3200668671875 0.4014271640625 0.3114944234375 0.4015521046875 0.3014258875 0.40826967343750004 0.29008084375 0.41600698124999996 0.285681590625 0.4214151796875 0.277520259375 0.43257480312499996 0.2743279140625 0.43597724531250004 0.276306875 0.439699128125 0.284029034375 0.43968528281249997 0.2953697609375 0.435360353125 0.3191232421875 0.419320321875
0 0.31874339687500003 0.49556713593749996 0.327887734375 0.49138702187499994 0.340724553125 0.480469465625 0.34498460937500003 0.473089228125 0.33486158593750004 0.46687745312500006 0.3183560296875 0.4657643734375 0.3056713578125 0.468416834375 0.2951766 0.4760430453125 0.2842599375 0.48116552187500006 0.27184718124999996 0.492880625 0.291179825 0.499310684375 0.3070525234375 0.496668159375 0.31874339687500003 0.49556713593749996
0 0.366482896875 0.44767704531249997 0.3520366953125 0.44274092343750004 0.33212568125 0.445484603125 0.3163204234375 0.4508193359375 0.304616596875 0.46215749375000004 0.3007066875 0.4727616375 0.307867746875 0.46827201875 0.31934766875 0.4659191265625 0.328274578125 0.46560571250000005 0.336775265625 0.466200940625 0.3461262375 0.466685075 0.359741584375 0.45637659062499997 0.366482896875 0.44767704531249997
0 0.3881225390625 0.4225307140625 0.382605403125 0.4155749859375 0.367376353125 0.4134421671875 0.35008579375000004 0.41683857968750004 0.3391648140625 0.42537343281249995 0.32633231406249996 0.4328786125 0.321217653125 0.4437823234375 0.325817065625 0.44815693906250004 0.3343220703125 0.44533978906250005 0.34608469999999997 0.4435185953125 0.35423308124999997 0.4425961078125 0.36939900937500003 0.438624340625 0.3840777515625 0.427750440625 0.3881225390625 0.4225307140625
0 0.4060653828125 0.4075342015625 0.41457686406249994 0.3995984828125 0.41104084687500003 0.3946584515625 0.4024705609375 0.3930772046875 0.3936154078125 0.3926704484375 0.3795824734375 0.39706281718750003 0.3691616296875 0.40226267031249996 0.36093285937499997 0.410730084375 0.354408975 0.4155629296875 0.364895096875 0.4147614734375 0.3728303671875 0.4142933078125 0.383738396875 0.4159955875 0.39252395 0.415416325 0.4060653828125 0.4075342015625
0 0.42039613437499995 0.39173020625 0.42848139375 0.38470313125 0.4332351140625 0.3791064609375 0.4246691453125 0.374112834375 0.4151768171875 0.373362853125 0.40263350156250005 0.37628116093749997 0.39228441406250003 0.3807608421875 0.3793105578125 0.3880001734375 0.371366653125 0.395293096875 0.37178208281249997 0.40291540000000003 0.38085898125 0.396043078125 0.390425221875 0.3943667015625 0.4009831015625 0.392845075 0.41139747031249996 0.392763790625 0.42039613437499995 0.39173020625
0 0.42439075312499996 0.3701687578125 0.4393392515625 0.370063690625 0.43997642656249997 0.370406915625 0.4520956796875 0.3666910609375 0.46698753281250005 0.35536283750000003 0.47280680625000004 0.34749456093750003 0.4697013265625 0.3382335078125 0.454043896875 0.33871552031249996 0.44128747031250004 0.34208815000000004 0.43093838125 0.34656783125 0.4217222890625 0.351468115625 0.4060540671875 0.3604810734375 0.4000977578125 0.364671125 0.39944979062499997 0.3728588453125 0.40121779843749994 0.3753288625 0.41347840625 0.3718788546875 0.42439075312499996 0.3701687578125
0 0.4768688609375 0.32862532187500004 0.4843126296875 0.3246674 0.49147800625000004 0.3167654015625 0.49141488281249995 0.31066081562500003 0.47908683593749996 0.31141861406250004 0.466195528125 0.30940682656249996 0.456205225 0.3102856578125 0.43969319375 0.3142911453125 0.4345154125 0.3190902703125 0.4311795546875 0.323933053125 0.4347134125 0.33057927343750004 0.443144503125 0.3301884828125 0.45434171562500003 0.3273038921875 0.4647560828125 0.32722260937500003 0.4768688609375 0.32862532187500004
0 0.401600325 0.3529599296875 0.40662380000000004 0.35813209218750003 0.425266940625 0.349583390625 0.43774281718749997 0.343972875 0.4534067234375 0.3383722953125 0.4718998734375 0.3363825015625 0.47934580000000004 0.3307183921875 0.4731871734375 0.32683181875 0.46255969375 0.3273674234375 0.45228668125000004 0.3277145578125 0.4437120796875 0.32954568906250004 0.4324452671875 0.3314442578125 0.42011074375 0.3373206265625 0.40862434687500004 0.344792084375 0.401600325 0.3529599296875
0 0.522964440625 0.29218057656249996 0.51624039375 0.287230609375 0.5016463609375 0.28714720312500003 0.49002508437500003 0.28923424531249997 0.47159073906250004 0.300741003125 0.4627269515625 0.307159003125 0.4678243421875 0.30990480625 0.47795384375000005 0.3109980125 0.493396003125 0.3126765109375 0.504595375 0.30808573125 0.5170777265625001 0.297356646875 0.522964440625 0.29218057656249996
0 0.3722466328125 0.3157112796875 0.3749954890625 0.32686699531249996 0.38795855156250003 0.328158609375 0.42908082500000005 0.3028834265625 0.420373503125 0.297623953125 0.40903709375 0.298536503125 0.3940842765625 0.3020539484375 0.3782051015625 0.30981503906249996 0.3722466328125 0.3157112796875
0 0.4521491203125 0.26845225781250004 0.43505872031250004 0.28163148437499996 0.43023324531249996 0.28794832656249997 0.43638971406250004 0.2935410890625 0.443048478125 0.2940926609375 0.4655928921875 0.281764575 0.48218963125 0.2668017828125 0.47943430156250005 0.26076463437499997 0.4643401296875 0.26401623281250003 0.4521491203125 0.26845225781250004
0 0.554246396875 0.2612253171875 0.5449040593750001 0.25391642812500004 0.5320780328125 0.256303040625 0.51790374375 0.260429559375 0.5096771312499999 0.267190784375 0.50301405 0.2700515921875 0.49209522968749997 0.27688025625 0.49570084531249997 0.282806309375 0.5023574484375 0.28506406875 0.53438555625 0.28031072031250004 0.5497036296875 0.26807385625 0.554246396875 0.2612253171875
0 0.5597786421875 0.25623772031250003 0.570132046875 0.24834565937500003 0.570562584375 0.2440246390625 0.561857421875 0.237058975 0.5503775 0.239411865625 0.540174084375 0.24074502031249997 0.5275503765625 0.25120825468749997 0.5200370109375 0.2541801578125 0.508265746875 0.2628261078125 0.513576246875 0.2651175875 0.5220159718749999 0.257902040625 0.5326456078125 0.2556602453125 0.5430621343750001 0.253872771875 0.5523391921874999 0.2567832625 0.5597786421875 0.25623772031250003
0 0.6162076734374999 0.1716725453125 0.6159837703125 0.1806578125 0.6220749578125 0.1818521796875 0.6682120734375 0.1685739140625 0.6751686546875 0.157713859375 0.6668853968749999 0.15325193125 0.6472592515625 0.1548211203125 0.6243646890625 0.16392530156250001 0.6162076734374999 0.1716725453125
0 0.501691690625 0.25131722968750003 0.5264432859375 0.2303133828125 0.516746484375 0.22319296562500002 0.5089568828125001 0.22051460312499999 0.48796089218749994 0.24088559375 0.48192419218750004 0.252620571875 0.48595602812500005 0.2576379796875 0.501691690625 0.25131722968750003
0 0.5860889296875 0.179161759375 0.5810654546875 0.17398959687499999 0.568378625 0.178348246875 0.5616416281250001 0.18363541249999998 0.5492984703125 0.1963365359375 0.547163046875 0.204292125 0.553182478125 0.2062066625 0.56707405625 0.20154844375 0.5883484421875 0.1851215296875 0.5860889296875 0.179161759375