0 1 0.162745740625 0.9214239203125001 0.1309989453125 0.8299139953125 0.18750625781250002 0.8350234234375 0.20815654218750002 0.8576737796874999 0.2327076640625 0.8994508781249999 0.22569049218749998 0.9192418640625 0.2135075453125 0.9868965062499999 0.179242665625 1 0.177175771875 1 0.162745740625
0 0.9531442 0.297831565625 0.96909868125 0.2846295953125 0.9866393999999999 0.271006453125 0.9834667125 0.2543248234375 0.9586767937499999 0.23156439999999998 0.9322824734375 0.2320519671875 0.9032875953125 0.24423349062500002 0.8750858375 0.2562044265625 0.84066821875 0.2677881015625 0.81086184375 0.2854830546875 0.8145694750000001 0.30609800468750004 0.8346006812500001 0.33012194687499996 0.8604970328125001 0.332619346875 0.8879610265625001 0.3224744421875 0.9167714640625 0.31074942656250004 0.9346626828125 0.3015161125 0.9531442 0.297831565625
0 0.920479734375 0.38393630624999997 0.9420783703125 0.3777939671875 0.9530343468750001 0.364696578125 0.9521305203124999 0.361676275 0.939421821875 0.3353005484375 0.9156834093749999 0.3257096078125 0.8960398921875001 0.3305177578125 0.8739616640625 0.33434222187499996 0.848157640625 0.34037855625 0.8266697109375001 0.3497517875 0.8068417531250001 0.35501644374999997 0.7910900921875 0.36245906250000004 0.7856859453125 0.3740823453125 0.7942444 0.38444353593749997 0.7970665859375 0.3967353390625 0.813611575 0.4066061125 0.8379400718750001 0.4042218421875 0.8683737171875 0.39899394374999997 0.891982828125 0.3931328609375 0.920479734375 0.38393630624999997
0 0.8228716765625 0.47831888593749994 0.8464807859375 0.472457803125 0.8655156265624999 0.46740373281250003 0.8825953484375001 0.46368384687499997 0.902054425 0.45933220468749997 0.9146336125 0.4527319328125 0.92127349375 0.43629765000000004 0.916735984375 0.42649897187499997 0.9045992 0.41097485312500004 0.8868368546875001 0.4006122375 0.86481398125 0.406052146875 0.8402826671874999 0.41419576874999997 0.8216167078125001 0.4183368265625 0.7942818 0.426409778125 0.7755974625000001 0.435853678125 0.765084103125 0.4443506515625 0.76320293125 0.45952141874999997 0.7690685015625001 0.473042828125 0.788970409375 0.48161474687499994 0.8047036875 0.479474975 0.8228716765625 0.47831888593749994
0 0.6969832125 0.18530835 0.70757030625 0.1731239765625 0.7066109140625 0.150964253125 0.6925190109375 0.136774321875 0.668762221875 0.132486225 0.6454296640625 0.1289005578125 0.61302230625 0.12324151093749999 0.585484365625 0.11954983906250001 0.5723518546874999 0.127519634375 0.569124240625 0.1442705125 0.5739938734375001 0.163761859375 0.5887681875 0.1745103125 0.6121007421875 0.17809598124999998 0.6483999578125 0.18638949062500001 0.6835555546875 0.1905037640625 0.6969832125 0.18530835
0 0.64017448125 0.255816878125 0.65837944375 0.2615790796875 0.691155684375 0.2663251078125 0.7003963359375 0.2557208453125 0.7042879796875 0.2408313359375 0.6989757328125 0.225940403125 0.6944382250000001 0.216141725 0.67033093125 0.20746380000000003 0.6504843796875 0.2005073265625 0.6270964703125 0.19530621406249998 0.6033950328125 0.19263356250000002 0.5784208875 0.18785362187500002 0.5607324890625 0.191327584375 0.5595153500000001 0.20835971718750002 0.5631122703125 0.22574377812500002 0.570564078125 0.23884401562500002 0.5945606640625 0.24429105 0.616417690625 0.2515287796875 0.64017448125 0.255816878125
0 0.60162585 0.3161790765625 0.620679284375 0.3233461375 0.6405258375 0.3303026109375 0.66579513125 0.3378569328125 0.6817128515624999 0.33526065156249996 0.6906953296875 0.3288002953125 0.695933415625 0.312330675 0.6925025546875 0.2997929515625 0.678336915625 0.2892904203125 0.6552625375 0.281560846875 0.6331473359374999 0.278467021875 0.6171372890625 0.2725295703125 0.6072877453125 0.265363934375 0.5896177265625 0.2635350515625 0.5705459125 0.2616708359375 0.5570998734375 0.2721690921875 0.557782496875 0.2862515921875 0.5634636265624999 0.3002295109375 0.57781370625 0.310275534375 0.60162585 0.3161790765625
0 0.6794997703125001 0.35826272187499997 0.6666805765625 0.3461800796875 0.64707381875 0.34038254375 0.6220627000000001 0.328684315625 0.5996523500000001 0.322816109375 0.583218065625 0.316176228125 0.566876109375 0.3180700796875 0.5562336625000001 0.32863900625000003 0.5539282546875001 0.3431073421875 0.5603471484375 0.3552592296875 0.5780541421875001 0.3640063984375 0.601792553125 0.373597340625 0.6323555 0.38382146562499997 0.65238649375 0.39032143124999996 0.6714583078125 0.392185646875 0.680034928125 0.37972001875 0.6794997703125001 0.35826272187499997
0 0.41053604843749997 0.0706382359375 0.41452023125000004 0.0818064375 0.4299769578125 0.0891134140625 0.48949802187499997 0.0977617015625 0.49433003906249995 0.0577628328125 0.47094213125 0.052561720312500004 0.440600596875 0.0487993765625 0.420071634375 0.0452843796875 0.4105911875 0.054729704687500005 0.41053604843749997 0.0706382359375
0 0.46441338437499996 0.10727484843749999 0.43864611875000004 0.10270549375 0.413487534375 0.0983820625 0.38958327656249997 0.10146876406250001 0.389029953125 0.1028382859375 0.3884768421875 0.1217317859375 0.395356946875 0.141504390625 0.4150744109375 0.15053281875 0.435418934375 0.1545043234375 0.46301222812500004 0.159811440625 0.48263736562500004 0.16030613437500002 0.49656299375 0.1521257515625 0.4920068921875 0.13010594375 0.48960894374999997 0.11851656875000001 0.46441338437499996 0.10727484843749999
0 0.4846854546875 0.22007760781250002 0.4883189234375 0.20933200468750002 0.4872120625 0.1945470765625 0.48079316875 0.18239518906250002 0.4701505078125 0.175440140625 0.451447575 0.1726629078125 0.430070140625 0.16774305312499999 0.413396059375 0.1599442328125 0.3977918671875 0.1600120546875 0.3852680359375 0.1682277703125 0.3869835734375 0.183258621875 0.3909493796875 0.199729665625 0.401167803125 0.20598228437500002 0.421327884375 0.21041029843749998 0.4459885015625 0.2177186984375 0.4685832921875 0.22313039843750002 0.4846854546875 0.22007760781250002
0 0.477585003125 0.2814631015625 0.48145826718749996 0.2718764375 0.4807940234375 0.25249109375 0.475481775 0.23760015937499998 0.46142684687499996 0.23032851875000002 0.4441810640625 0.2292020671875 0.41891176874999997 0.2216477421875 0.40321524999999997 0.21318183125 0.3882013546875 0.2187984171875 0.3802887640625 0.23312541250000002 0.3857301 0.24594439375000002 0.39201990625 0.260168234375 0.41181110624999995 0.2655092625 0.43001606875 0.27127146406249997 0.451079975 0.27871978125 0.46771708125 0.2796003109375 0.477585003125 0.2814631015625
0 0.48832041875 0.33199983906249997 0.4861252921875 0.3146511140625 0.48239928125000003 0.2993390046875 0.46664740625 0.2892576484375 0.453182775 0.2875347703125 0.43151019062499996 0.2798405328125 0.41727082031249996 0.2730253984375 0.402035509375 0.27218020625 0.3923706234375 0.2820820375 0.39384636562500003 0.29595395 0.4063520328125 0.310565053125 0.42522102500000003 0.3181886203125 0.44713340468749996 0.327041796875 0.4658916890625 0.331434475 0.4772167609375 0.334948046875 0.48832041875 0.33199983906249997
0 0.47699556093749995 0.3460102421875 0.4555074171875 0.3378594953125 0.43280191874999996 0.32921690625 0.41826739999999996 0.319627390625 0.40321653281250003 0.3183256875 0.3944554703125 0.33124782656249996 0.396650596875 0.34859655156249997 0.4102629109375 0.36046860468749997 0.4303492578125 0.368584015625 0.45146851874999994 0.377647778125 0.46528365312500003 0.38376048281249997 0.48472435 0.3847116828125 0.4880810515625 0.365888853125 0.47699556093749995 0.3460102421875
0 0.6726765171875 0.46277339531250006 0.6592486453124999 0.45044483281250003 0.6362296187500001 0.444330703125 0.6187070671875 0.435127025 0.5980673953125 0.4283811375 0.589250765625 0.422163853125 0.572189425 0.42058089374999996 0.5604033578125 0.42697057968749996 0.5622296015625 0.44523232031250004 0.5756095625000001 0.46118437031250004 0.5962492328125 0.467930259375 0.6169996125 0.4779070359375 0.6340425734374999 0.48479283906250004 0.6543133625 0.49245174374999995 0.6752958796875 0.4808245484375 0.6726765171875 0.46277339531250006
0 0.8507128484375001 0.542595803125 0.8672392468749999 0.5402454421875 0.88939120625 0.5327335796875 0.8965660328125 0.5202326140625 0.8893724015625001 0.502988471875 0.87260599375 0.4866559171875 0.8448836109375 0.4834207515625 0.8224918562499999 0.489773678125 0.7964480375 0.494651075 0.7697401875 0.49766710625000005 0.75288188125 0.5078487703125 0.7457070546875 0.520349734375 0.75266089375 0.5364349421875 0.7654063546875001 0.55220498125 0.783740403125 0.555895228125 0.8064826625 0.5539321312500001 0.8289297718749999 0.5491946515625 0.8507128484375001 0.542595803125
0 0.8447746125 0.6203816718749999 0.8583867125 0.61472975 0.8666498031250001 0.6047925828125 0.8568370218749999 0.5870212593749999 0.8435382375 0.57262074375 0.8272330390624999 0.5639089078125 0.8052101671875 0.56934881875 0.7817854984375 0.57475339375 0.7618284515625 0.5820900046874999 0.7463349671875 0.585388715625 0.731745309375 0.59170773125 0.7298641359375 0.6068784984375 0.74139224375 0.6221566953125001 0.7560374703125 0.6349771 0.77737793125 0.6329786671875001 0.8078669328125001 0.6293662140625 0.82555533125 0.625892253125 0.8447746125 0.6203816718749999
0 0.4788480546875 0.3992560234375 0.46503291874999997 0.3931433203125 0.44885681093749996 0.3823595328125 0.4245097234375 0.372522671875 0.40905299843750004 0.3652156953125 0.3922868046875 0.36640711718749996 0.38662448125000004 0.3821743078125 0.3915678484375 0.3979782578125 0.405862571875 0.4064088375 0.41875549999999995 0.414804078125 0.43767984687499994 0.4240430921875 0.46080958125000004 0.43338811093749996 0.47493824375000004 0.436972353125 0.4855069578125 0.430090825 0.48812589375000004 0.413094028125 0.4788480546875 0.3992560234375
0 0.6584270625 0.5365959421875 0.666450359375 0.5254998375000001 0.6644950265625 0.5093100500000001 0.6498498015624999 0.49648964375000004 0.6212973265625 0.48654677656249995 0.59658135625 0.4776229296875 0.5836884265625 0.4692276875 0.56620285 0.466942296875 0.5531440734374999 0.4712246953125 0.5477399265625 0.482847978125 0.5506728171875 0.4983706703125 0.5616106265624999 0.5081001046875 0.592099840625 0.5220116265625 0.6215007875 0.533359353125 0.64298893125 0.5415101 0.6584270625 0.5365959421875
0 0.4826484390625 0.46345266093750004 0.4767275140625 0.44831580625 0.46682261875000003 0.439534725 0.4493554203125 0.43194649218750003 0.43341910625 0.42232164218749996 0.420268003125 0.41807030625 0.40495895937500004 0.4209125078125 0.399739253125 0.432079284375 0.4021925546875 0.445284103125 0.41580486875 0.4571561578125 0.43308762500000003 0.46520089843749995 0.4600538625 0.47556493906249997 0.46698910624999995 0.4794290140625 0.4790703234375 0.4758137109375 0.4826484390625 0.46345266093750004
0 0.2891781484375 0.12566650625 0.30671908124999997 0.1295673421875 0.32003603125 0.1211410375 0.323632528125 0.1034771453125 0.316143746875 0.08345861875 0.303029403125 0.0686015953125 0.28342243125 0.04528008125 0.2777413015625 0.0313021640625 0.2606429875 0.022800915625 0.24197702968749998 0.026941971874999998 0.23234911406249997 0.043762093749999995 0.23644400625 0.058161184374999994 0.2459062875 0.07154267812500001 0.255294834375 0.08861157343750001 0.2702905640625 0.10582180625 0.2821505796875 0.11326869843750001 0.2891781484375 0.12566650625
0 0.2704758578125 0.175461203125 0.27683939999999996 0.18599764531250002 0.2863200578125 0.194076296875 0.30288343125 0.1986442234375 0.3136182046875 0.19660903125 0.32512750625 0.18214212031250002 0.31555451875 0.16552973437500001 0.3072542390625 0.1510246375 0.29395545312500004 0.136624121875 0.281578875 0.119941065625 0.2724117421875 0.10933395312500001 0.2639086421875 0.10058820937499999 0.2469580078125 0.1022361390625 0.2372931203125 0.112137971875 0.23493235937499998 0.1249908625 0.2432326390625 0.1394959609375 0.25398600625 0.14968189999999998 0.2584497828125 0.163167975 0.2704758578125 0.175461203125
0 0.3064262828125 0.319556696875 0.3223256234375 0.322263259375 0.33276525 0.317453684375 0.332949475 0.2994731984375 0.327286728125 0.2801924359375 0.325036246875 0.26122826718750003 0.3207015578125 0.2456702375 0.3133051046875 0.2341854453125 0.29417793593749997 0.230705784375 0.27949595 0.22849106406250003 0.2722104171875 0.2377611390625 0.2695361265625 0.25314249218749996 0.2794596171875 0.274144703125 0.28075091875 0.288473125 0.290471375 0.2977107125 0.2974252125 0.3137959203125 0.3064262828125 0.319556696875
0 0.3462235703125 0.4068147 0.3399521453125 0.387288015625 0.3372774265625 0.367621415625 0.33148558906250003 0.3504126078125 0.3198653703125 0.344124653125 0.30523873749999997 0.343525378125 0.30062770781250003 0.3549380765625 0.300222065625 0.3664567796875 0.30212204374999996 0.381031121875 0.3054421984375 0.39033795625 0.311141709375 0.39901303125 0.3171363671875 0.4104624890625 0.33320176875 0.4180153875 0.34369674843750003 0.41482125625000005 0.3462235703125 0.4068147
0 0.8137225046875001 0.730534896875 0.8239776890625 0.726181828125 0.8259142140625 0.7126265078125 0.8181119046875001 0.6951364421874999 0.7951666125 0.6853349140625 0.77513561875 0.6788349499999999 0.748464528125 0.671245290625 0.7316613609375 0.6655184249999999 0.7135671078125 0.662987115625 0.7060971328125001 0.6727136953125 0.7041606078125 0.6862690171875 0.71063485625 0.70003635 0.723712225 0.707975084375 0.745513896875 0.7135973703125 0.7903198406249999 0.7253703046875 0.8137225046875001 0.730534896875
0 0.727512396875 0.7546477453125 0.7437068874999999 0.760128690625 0.7512508078125 0.7642386859375 0.7900400875 0.77513133125 0.806603459375 0.779699259375 0.8163790546874999 0.7730283140624999 0.8192931390625 0.7588059015625 0.812579096875 0.74387963125 0.79586804375 0.729162521875 0.7813705 0.7264912953125 0.761394859375 0.7216067749999999 0.7461779281250001 0.7154587359375 0.73265794375 0.7121204171875 0.724689784375 0.707307990625 0.7116493890625 0.70628754375 0.7023717625 0.7099735171875 0.6996605015624999 0.71843658125 0.702962275 0.733046259375 0.71242455625 0.746427753125 0.727512396875 0.7546477453125
0 0.7946701359375 0.8109877171875001 0.8043166453125 0.8063887265625 0.8031544296875 0.789988353125 0.791792384375 0.77955649375 0.7784752203124999 0.7704588203125 0.758130696875 0.7664873156249999 0.7316440515625 0.7584411484375 0.7196549484375 0.7530662109375 0.7058398140625 0.7469535078125 0.6911948 0.751657078125 0.683946240625 0.767845440625 0.6892584890625 0.7827363734375 0.7036823 0.789095 0.7407562546875 0.80248076875 0.7625025734374999 0.8064876078125 0.7946701359375 0.8109877171875001
0 0.8278526609375 0.856786971875 0.8088729609374999 0.8459325140624999 0.783880221875 0.828931440625 0.7648267890625 0.8217643812500001 0.7456072921875 0.8097509859375001 0.729744925 0.8139627125000001 0.7246912812499999 0.8299758234375 0.7287124390625 0.8480623125 0.7446303734375 0.8629900078125001 0.7776650046875 0.8811161078125 0.802085825 0.887265571875 0.8175979046874999 0.8961879921874999 0.8371488812500001 0.8653221312499999 0.8278526609375 0.856786971875
0 0.8201728312500001 0.9003295281250001 0.8082574625 0.891267190625 0.7940180921875 0.8844520578124999 0.7770304828125 0.8791817 0.7730465109375 0.8855374749999999 0.7808672015625 0.8977246953125 0.8111057046875001 0.9227714562499999 0.8201728312500001 0.9003295281250001
0 0.81691890625 1 0.826483496875 0.9915394640624999 0.8397636875 0.993718846875 0.8369784765625001 0.988345334375 0.823052634375 0.979001740625 0.812059471875 0.9676568624999999 0.7948504484375001 0.9559247234375 0.778526871875 0.9525157328124999 0.76838239375 0.960099690625 0.770946403125 0.9765353984375 0.7848538656249999 0.9911818374999999 0.79271743125 1 0.81691890625 1
0 0.7092851390625 0.9171058796875 0.7286153421875 0.9323501656250001 0.742375121875 0.9368474234375 0.7523351593750001 0.9297199718750001 0.752556359375 0.9186577781249999 0.73846445625 0.9044678484374999 0.72577435 0.8903132546875 0.7130842421875 0.8761586593749999 0.699232134375 0.863127665625 0.68604405625 0.851958040625 0.6730773937500001 0.8472501953125 0.6618630296875 0.8469675140625 0.6552415265625 0.8580989562499999 0.66092265625 0.8720768734375 0.6700160546875 0.8863713843750001 0.6816732484375 0.8995776281250001 0.694676884375 0.9112037609374999 0.7092851390625 0.9171058796875
0 0.65749158125 0.8420151718750001 0.66612355625 0.8311649890625 0.6610511031249999 0.8174329921875 0.6486007921875 0.804437334375 0.6352466531250001 0.7884213718749999 0.62298078125 0.7749692078125 0.6034107843750001 0.7585659859375 0.5842282625 0.753470878125 0.5738809640625 0.7668141875 0.577422534375 0.7825828031250001 0.5844501046875 0.7949806109375 0.5935988562500001 0.8108905656250001 0.6109185859374999 0.8258535953124999 0.62726075625 0.8414837203125 0.6415001265625 0.848298853125 0.65749158125 0.8420151718750001
0 0.6003105578125 0.936227015625 0.5901842453125 0.9209841546875 0.57670101875 0.9070401453124999 0.5643797937499999 0.8919725359375 0.5511179828125 0.8844903078125 0.540623003125 0.8876844390624999 0.5360303546875 0.8937942937500001 0.53453644375 0.9027492 0.5415640171875 0.9151470093749999 0.553221209375 0.9283532515624999 0.5647307234375 0.9314103156250001 0.5771256828125 0.942790528125 0.5848540437499999 0.9464440171874999 0.5944268187499999 0.945532425 0.6003105578125 0.936227015625
0 0.6409624140625 0.9197277625 0.6344699984375 0.9287872484375 0.6386386265625 0.939498940625 0.6487833171874999 0.9494389578125 0.6606433328125 0.9568858515625 0.672613840625 0.9500396578125001 0.6870374390625 0.9388743078124999 0.692367853125 0.9309384218750001 0.673093003125 0.9173095796874999 0.66387051875 0.9050870218749999 0.6409624140625 0.9197277625
0 0.6163381296875 0.8667657203125 0.6011767671875 0.879757103125 0.5932825578124999 0.88878125625 0.6029846328125 0.9033216875000001 0.6183122703125 0.9127006171875 0.6323486046875 0.9077511250000001 0.655016915625 0.8919514484375 0.6529694687500001 0.884751903125 0.641312275 0.8715456609375 0.6285484343750001 0.8610784640625001 0.6163381296875 0.8667657203125
0 0.5766999515625 0.8194202640625001 0.5630510906249999 0.835677875 0.555083146875 0.8483894234375 0.556448184375 0.8590304468750001 0.576202621875 0.8749771624999999 0.58911393125 0.8780695625 0.6027074359375 0.8601965093749999 0.6161718546875 0.8443954093749999 0.603905984375 0.83094324375 0.5876191671875 0.816928565625 0.5766999515625 0.8194202640625001
0 0.5185073765625 0.8495426625 0.5085471265625 0.8391461359375001 0.4954881359375 0.8259045578125 0.47912758593750004 0.8155772765625 0.46562619375000003 0.8244600890625 0.46649325937499997 0.83808608125 0.47300448125 0.8587717015624999 0.4909328890625 0.8739806531250001 0.5095806796875 0.8926664171875001 0.532765553125 0.8861029046875 0.5401248187500001 0.8731454328125 0.529445184375 0.8592720937499999 0.5185073765625 0.8495426625
0 0.5998648203125 0.6849773781249999 0.6036827328125 0.673775265625 0.6003256046875001 0.65755014375 0.5806818734375 0.64483431875 0.5630486140625 0.63239975 0.5437184109375 0.6171554640625 0.5302168046875 0.6085143000000001 0.5124176984375 0.6087573703125 0.5051137859375 0.6233302890625 0.5132296234375 0.6382918937500001 0.52488681875 0.6514981375 0.5334452734374999 0.661859328125 0.5700213859375001 0.688744453125 0.5874700765624999 0.6911211421875 0.5998648203125 0.6849773781249999
0 0.4364240953125 0.48140705468749995 0.41932577968749996 0.47290580625 0.40176646875 0.474307815625 0.4014715328125 0.48905740781249996 0.407761340625 0.5032812484375 0.426077009375 0.5122743390625 0.464054790625 0.5286804125 0.478072746875 0.529033765625 0.4826837765625 0.51762106875 0.47670749843750004 0.5008687671875001 0.45687932499999995 0.48860944999999995 0.4364240953125 0.48140705468749995
0 0.3550274109375 0.453299903125 0.35513790625 0.439006815625 0.33951511874999996 0.4268535046875 0.31741830000000004 0.41845683749999996 0.30566920625 0.43176481093749997 0.30874977812500004 0.457436684375 0.315039584375 0.471660525 0.3182306515625 0.4830393125 0.3380034703125 0.4936831828125 0.3511729546875 0.49263167656249995 0.35978655000000004 0.4870843359375 0.3574623328125 0.471807565625 0.3550274109375 0.453299903125
0 0.47635742187499996 0.5315268921875 0.45754378281249997 0.52551876875 0.4420870578125 0.5182117921875 0.42401118281250005 0.5103776390625 0.41213278906250006 0.5082335890625 0.4083702296875 0.5210511453125 0.4164307171875 0.53439730625 0.4294897046875 0.5476388828125 0.4537077046875 0.5595476984375 0.46733839843749997 0.5661169125 0.4784420546875 0.563168703125 0.483440346875 0.5455401453125 0.47635742187499996 0.5315268921875
0 0.48696375 0.5841355796875 0.46774425468749997 0.5721221843750001 0.45175258749999997 0.5608818890625 0.43727342187499996 0.5529078171874999 0.42277587499999997 0.550236590625 0.4126867515625 0.5594359953125 0.417150528125 0.5729220703125 0.43537408437499997 0.5909054046875 0.46433241406250003 0.6068535453125 0.489527975 0.6180952640624999 0.50192271875 0.6119515015625 0.50205159375 0.592355571875 0.48696375 0.5841355796875
0 0.5251274671874999 0.7227529796875001 0.5296647640625001 0.7150276796874999 0.52689793125 0.7043513234375001 0.513894296875 0.6927251875 0.4953572125 0.6772703156250001 0.4827778109375 0.6663466125 0.475067828125 0.6573902796875 0.464886378125 0.65805595 0.4495036 0.6645855515625 0.45243649374999995 0.68010824375 0.46708171875 0.69292865 0.47326081875000003 0.7039215999999999 0.5050597140625 0.7268587 0.5167536687500001 0.72945925625 0.5251274671874999 0.7227529796875001
0 0.48357178437500004 0.7362319296875001 0.47318729687500005 0.725132975 0.4569374546875 0.7180365859375 0.44771518437499996 0.7233380031250001 0.4467008640625 0.7346107859375001 0.446405928125 0.749360378125 0.45192099687500004 0.7584919609375 0.4568273875 0.7673776234374999 0.46935143593750006 0.7766858828125 0.4817277984375 0.7758449609375 0.4858962125 0.769032678125 0.484180675 0.754001828125 0.48357178437500004 0.7362319296875001
0 0.40455317500000004 0.6023491625 0.3956258375 0.5929009859375001 0.38138646718749997 0.5860858546875 0.36875171406249996 0.5735467046875 0.35615393281249996 0.56792584375 0.3440173640625 0.5699257015625 0.3422468984375 0.588327359375 0.3546418578125 0.599707571875 0.3611898390625 0.6097875046875 0.3778455390625 0.6228891671875 0.3941137625 0.6246827125000001 0.40442429999999996 0.6219450921874999 0.407799596875 0.6153433953125 0.40455317500000004 0.6023491625
0 0.2096952484375 0.42750556875 0.1983148234375 0.4223765515625 0.193150471875 0.435158771875 0.19816756875 0.447275325 0.2098984984375 0.4567941703125 0.2221827484375 0.4649434921875 0.2380515359375 0.4729479796875 0.2492227203125 0.4716201328125 0.25053218906249997 0.46312173437500004 0.24881665156250002 0.448090884375 0.230316540625 0.4395543 0.2096952484375 0.42750556875
0 0.172344525 0.40604257343750005 0.1607980390625 0.396067221875 0.1469645234375 0.39525736093749997 0.14856935468750002 0.407057321875 0.150045096875 0.42092923437499996 0.1686005625 0.43108126249999995 0.1743184515625 0.43445349375 0.1874142015625 0.4370893859375 0.19529003125 0.433368078125 0.19161937499999998 0.419671415625 0.18525583437499998 0.40913497187500003 0.172344525 0.40604257343750005
0 0.3161592609375 0.5390223 0.29863670781249996 0.529818621875 0.28519045625 0.522792903125 0.2777204828125 0.5325194828125001 0.28035822499999996 0.5452677953125 0.2890457671875 0.5535570328125 0.2952986 0.5608625828125 0.309537971875 0.5676777171875 0.3223755453125 0.5744575140625 0.333479203125 0.5715093062500001 0.3372233796875 0.5639945921875 0.331726690625 0.5495601671875 0.3161592609375 0.5390223
0 0.2245439375 0.48713855156249997 0.21869717500000002 0.50336225 0.2270711875 0.51417995 0.2376954671875 0.526437840625 0.25807696406249997 0.537327634375 0.27423448125 0.535890290625 0.27368094374999996 0.5197358375000001 0.2703607890625 0.5104290046875 0.2558816234375 0.5024549328125001 0.23848815937499998 0.491179303125 0.2245439375 0.48713855156249997
0 0.1593785046875 0.45390665625000004 0.16286471875 0.4680598265625 0.1694127015625 0.47813976093750005 0.1841316625 0.48727276875000003 0.1998281796875 0.49573868125000004 0.2079068328125 0.486258021875 0.204236175 0.47256135937500005 0.1928741296875 0.46212949999999997 0.1752408703125 0.4496949296875 0.16513315312500002 0.44667320000000005 0.1593785046875 0.45390665625000004
0 0.11756421875 0.43648156250000003 0.1251451140625 0.44750984687499995 0.1368023078125 0.46071609062499996 0.15117076406250002 0.4654592703125 0.15959991874999999 0.4603684375 0.1571649953125 0.44186077656249995 0.1389784140625 0.43079573125000004 0.1276163671875 0.4203638703125 0.11559050625 0.42559461875000004 0.11756421875 0.43648156250000003
0 0.081080559375 0.4286445578125 0.1109241234375 0.43539186875 0.11922418906250001 0.43237299218749997 0.120238509375 0.42110020937500003 0.11308185 0.41077435468749995 0.0976251234375 0.4034673765625 0.056161554687500004 0.4079560875 0.059666149999999994 0.41680641406249996 0.081080559375 0.4286445578125
0 0.4498301578125 0.7321579140625001 0.4532791859375 0.72186881875 0.4452740546875 0.7101381046874999 0.4316063875 0.6966506031249999 0.4205027296875 0.6995988109375 0.4175332921875 0.71220578125 0.41937791718749995 0.7251646796875 0.42256898437499996 0.7365434671875 0.42655316875000004 0.7477116671874999 0.439870334375 0.7568093390625 0.4524311390625 0.7555119109375 0.4472296 0.7438518671875001 0.4498301578125 0.7321579140625001
0 0.41627896406250003 0.70479565 0.4085873609375 0.690536475 0.39392375468749996 0.6830189109375 0.3827463640625 0.6896545187500001 0.37946339687499997 0.70478995 0.386546321875 0.7188032046874999 0.3932050109375 0.7321140296875 0.4112071515625 0.7436355812500001 0.422439896875 0.7386154203124999 0.4213700109375 0.7307487796875 0.418547825 0.718456978125 0.41627896406250003 0.70479565
0 0.383926959375 0.70075205 0.3907882546875 0.690779546875 0.387966071875 0.67848774375 0.3733208421875 0.6656673375 0.3564439421875 0.66362786875 0.3512242375 0.6747946453125 0.3497673015625 0.6906678421875 0.355651253125 0.698886409375 0.36378547031249997 0.70854516875 0.3779511078125 0.7190477015625001 0.387210353125 0.720664571875 0.3835766703125 0.7138861984375 0.383926959375 0.70075205
0 0.35035781250000003 0.7137405828125 0.33698529375 0.703027465625 0.3262688984375 0.6997598140625 0.31710198125 0.706676678125 0.30987180312499996 0.717562196875 0.3171575484375 0.7258161000000001 0.3319318625 0.736564553125 0.34464035000000004 0.7454163046875 0.36454225625 0.7539882234374999 0.37656811874999996 0.7487574734375 0.3776377921875 0.7391001390625 0.3694482203125 0.7278259312500001 0.35035781250000003 0.7137405828125
0 0.3503031 0.764697065625 0.345839325 0.751210990625 0.33508595625000004 0.7410250515625 0.3251443 0.7428496578125 0.32235930156250003 0.7550001203125001 0.32988484218749997 0.7644129609375 0.3306965546875 0.77642350625 0.3537711484375 0.80167705625 0.378413171875 0.7967643234375 0.3722340734375 0.7857713734375 0.3627534109375 0.777692725 0.3503031 0.764697065625
0 0.3424454359375 0.7455915546874999 0.347573240625 0.760938996875 0.3537523421875 0.771931946875 0.3657230640625 0.7826097296875 0.373027190625 0.7855607890625 0.38595687968750003 0.78335034375 0.38721099375 0.7732365 0.3759780359375 0.7607326859375 0.3646159890625 0.7503008234374999 0.351520240625 0.747664934375 0.3424454359375 0.7455915546874999
0 0.3559092140625 0.6772185265624999 0.360575596875 0.6674212749999999 0.35500517343750004 0.6566742453125001 0.3372981828125 0.647927075 0.3283157046875 0.65438743125 0.3296070078125 0.6687158531249999 0.33357281250000004 0.685186896875 0.345949390625 0.701869953125 0.3556882265625 0.705804696875 0.3593033140625 0.7003619375000001 0.352755334375 0.6902820046875 0.3559092140625 0.6772185265624999
0 0.295612984375 0.628430028125 0.2902088359375 0.6400533109375 0.28858584062500003 0.651080171875 0.29622208906249997 0.6637239 0.3027700703125 0.6738038359375 0.3166959125 0.6831474296875 0.3291460109375 0.678619109375 0.3294963 0.6654849625 0.32748561249999997 0.6476797296875 0.313947034375 0.6321202765625 0.295612984375 0.628430028125
0 0.1979106765625 0.5565630875 0.1864565171875 0.55512146875 0.18105237031250002 0.566744753125 0.1837270859375 0.586411353125 0.19027506875 0.5964912859375 0.204329996875 0.6037629265625 0.21504639375 0.607030578125 0.2174625078125 0.59579313125 0.21154158281250002 0.5806562765625001 0.2079816328125 0.5701905046875 0.1979106765625 0.5565630875
0 0.175721528125 0.539632684375 0.1652265484375 0.5428268171874999 0.16183287500000001 0.5547313578125 0.163197909375 0.5653723796875 0.1701147734375 0.574539296875 0.179337259375 0.58676185625 0.185922 0.5862361015625 0.1807758140625 0.576191503125 0.18496260625 0.564076375 0.1873787234375 0.5528389296875 0.175721528125 0.539632684375
0 0.1380021359375 0.53660668125 0.1424105578125 0.5484773140625 0.1488848046875 0.5622446453125 0.1622019703125 0.5713423171875001 0.16666553125 0.567304415625 0.1642859640625 0.5504121984375 0.16773499218750001 0.540123103125 0.16253345 0.5284630609375001 0.146154521875 0.5234386234375 0.1380021359375 0.53660668125
0 0.308492503125 0.747262840625 0.3136386890625 0.7573074390625 0.3181761984375 0.7671061156250001 0.326845359375 0.780698196875 0.3381520515625 0.7895146140625 0.3417487609375 0.7893746984375001 0.33853931249999997 0.7832987546875 0.3305341828125 0.7715680390624999 0.3300176203125 0.7623318765625 0.3227318734375 0.7540779734374999 0.3261772125 0.7437980078125 0.316773975 0.7320228296875 0.3076070578125 0.73893969375 0.308492503125 0.747262840625
0 0.30832644062500003 0.7424165046875 0.2991779046875 0.7440305265625 0.2894576625 0.7523169140625 0.305467925 0.775778340625 0.31544655312500003 0.7808720234375001 0.3286346296875 0.79204165 0.342597234375 0.79077955625 0.33112447968750003 0.7771168046875 0.31957799374999996 0.7671414515625 0.31511421875 0.753655375 0.30832644062500003 0.7424165046875
0 0.300414278125 0.791791453125 0.30574490625 0.8013795437500001 0.31443244843749996 0.8096687828125001 0.3234518984375 0.8101267140624999 0.332766284375 0.7958350546874999 0.32522236250000003 0.7917250578125 0.3149669640625 0.77855415 0.30618730781250003 0.7792551546875 0.30426916406250004 0.78750763125 0.300414278125 0.791791453125
0 0.22021528906249999 0.66433513125 0.21538284531250002 0.6692860484375001 0.22039994375 0.6814026 0.22443948281249998 0.69418624375 0.2402283296875 0.71118589375 0.25426466406250003 0.7062364 0.2544674859375 0.70047705 0.2477904171875 0.69246906875 0.23864166562500003 0.6765591125 0.23282225781250002 0.66730456875 0.22021528906249999 0.66433513125
0 0.19280600625 0.623523553125 0.183196259375 0.61751685625 0.1755048703125 0.6207816546875 0.1757632578125 0.6341617265624999 0.1850410984375 0.6479997281250001 0.1940975234375 0.6553759484375 0.204076153125 0.6604696328124999 0.2135382171875 0.6563271515625 0.2136303328125 0.6473369078125 0.20695326406249998 0.6393289281250001 0.19972287187499999 0.6326904718749999 0.19280600625 0.623523553125
0 0.12874722031250002 0.5875526109375 0.125722428125 0.5985441359375 0.1374533546875 0.6080629796875 0.1520616078125 0.613965096875 0.1640507109375 0.6193400359375001 0.171262509375 0.613757359375 0.1694732390625 0.6024139078124999 0.1586461375 0.59591536875 0.1500876828125 0.5855541765625001 0.1379141390625 0.5806357453125 0.12874722031250002 0.5875526109375
0 0.0683956375 0.5371486671875 0.0693364359375 0.5470872609375 0.07966556875 0.55657076875 0.0896441984375 0.56166445 0.099567475 0.5651426875000001 0.11115072031249999 0.5645123546875 0.108383890625 0.553835996875 0.096837403125 0.54386064375 0.087725625 0.5348689765625 0.0801817046875 0.53075898125 0.0683956375 0.5371486671875
0 0.055244532812500004 0.5328973296874999 0.0655183125 0.5407653953125 0.0697974328125 0.537184 0.077986790625 0.5309342328125 0.0680265390625 0.5205377062500001 0.055318053125 0.5116859546875 0.050245814062500005 0.5154779359375 0.0517399375 0.524047003125 0.055244532812500004 0.5328973296874999
0 0.015145359375 0.49545513124999996 0.021767075 0.50184766875 0.0312661140625 0.5046234765625 0.040340918749999996 0.506696853125 0.0429784484375 0.5019211875 0.0377031734375 0.49394854375 0.027613835937499998 0.48562397031250004 0.0220250359375 0.4801797859375 0.0136512359375 0.4868860640625 0.015145359375 0.49545513124999996
0 0 0.47818444375 0.0025843390625 0.47922858437500004 0.0101836125 0.48495402656250003 0.016159678125 0.4841823515625 0.016676028125 0.4758945375 0.0055537781250000005 0.466621615625 0 0.4623683140625 0 0.47818444375
0 0.29602466562499996 0.80966593125 0.294512375 0.8239236828125 0.3142114609375 0.8382549515625 0.32433755937500003 0.8359738390624999 0.32361795937500004 0.8149730500000001 0.30836405624999996 0.8019067218749999 0.29602466562499996 0.80966593125
0 0.3070364203125 0.8332319406250001 0.2964123546875 0.838498025 0.29641256562499996 0.8560220015625 0.3071105828125 0.86459249375 0.33038778281250003 0.8665627171875 0.32819265625 0.84921399375 0.3070364203125 0.8332319406250001
0 0.31087746875 0.9043377375 0.3205572609375 0.9066661671875 0.33157227968749997 0.8951750921875 0.3263153859375 0.88189960625 0.315082428125 0.869395790625 0.302134146875 0.8593851015625 0.29313328906249997 0.8711483015624999 0.29951542343750004 0.8939058765624999 0.31087746875 0.9043377375
0 0.2751131953125 0.8999775453125001 0.293170690625 0.9131145437500001 0.3087748828125 0.9130467234375 0.30587896406250004 0.9044423171875 0.29318885625 0.8902877234375 0.287581675 0.8901463812499999 0.27103668281250004 0.880275609375 0.26845450625 0.8866667203124999 0.2751131953125 0.8999775453125001
0 0.28654876093750004 0.8891980328125 0.2954575046875 0.8864250734375 0.2881901375 0.8728683281249999 0.2753341828125 0.8713913734375 0.264746875 0.8660517703125 0.253421803125 0.862538196875 0.2624598484375 0.8752172625 0.275961453125 0.883858428125 0.28654876093750004 0.8891980328125
0 0.2772519015625 0.82809094375 0.27291721406249997 0.8125329140625001 0.242759909375 0.7907900875 0.2362121390625 0.7982341296875 0.23434934843750002 0.8081020531249999 0.24716854375000002 0.8201846937499999 0.25770049687499996 0.823908853125 0.26743933124999997 0.827843596875 0.2772519015625 0.82809094375
0 0.245932809375 0.8249956953125 0.2607071234375 0.835744146875 0.27324955 0.8397495640624999 0.2813651734375 0.837187190625 0.2748725453125 0.8287227046875 0.265668653125 0.828721278125 0.2528310796875 0.8219414796875 0.24078662187500002 0.814951096875 0.23652588125000001 0.8132296453125001 0.245932809375 0.8249956953125
0 0.25283129375 0.8394654562499999 0.26437778125 0.849440809375 0.2780638265625 0.8576254656250001 0.2845378609375 0.8538688234375 0.2851832984375 0.8435090562499999 0.2712390765625 0.83946830625 0.2581433265625 0.8368324140625001 0.2476297546875 0.8278054125000001 0.24038098125000001 0.8264697999999999 0.25283129375 0.8394654562499999
0 0.2525363578125 0.85421505 0.2614636953125 0.8636632234375 0.278137775 0.87146204375 0.2873600453125 0.8661606265625 0.283671009375 0.8577668078125 0.272825528125 0.856571109375 0.261813984375 0.8505290765625 0.250138409375 0.8426256765625 0.24543505312499997 0.845504640625 0.2525363578125 0.85421505