0 0.114822275 0.47314329062500005 0.144287565625 0.46330674531250005 0.135862425 0.4246680109375 0.1075874375 0.367798740625 0.08568483906249999 0.3561196734375 0.07215384999999999 0.3668681875 0.06912862656249999 0.380455034375 0.114822275 0.47314329062500005
0 0.14699158437499998 0.3524529953125 0.118472371875 0.33469708125 0.10415812499999999 0.346962484375 0.1069933953125 0.3637971375 0.12867890312500002 0.410243634375 0.1452607734375 0.43136835781249994 0.1636255140625 0.43959488437500005 0.1876351359375 0.436030628125 0.18220734375 0.413053984375 0.14699158437499998 0.3524529953125
0 0.2193152515625 0.41847005312499996 0.22450103437500002 0.4058510328125 0.20097912812500002 0.35609158281250003 0.181210690625 0.3248232625 0.16055044999999998 0.31245554375 0.1439678375 0.316233828125 0.14499384375 0.32540959687500004 0.154472865625 0.34397516562499997 0.1662202515625 0.3710278546875 0.1753479796875 0.39628447968749997 0.1909845171875 0.42009865468749996 0.20521735625 0.42087103593749997 0.2193152515625 0.41847005312499996
0 0.24678353749999998 0.35668710312499996 0.2870780109375 0.372246771875 0.29461430312500003 0.3301740765625 0.2947235875 0.2878873546875 0.2825171015625 0.26000642812499997 0.2545647953125 0.25059804531249996 0.24368059999999997 0.258796696875 0.24678353749999998 0.35668710312499996
0 0.3144414453125 0.20333249687500002 0.3179492109375 0.3107429953125 0.32837357031250003 0.3266191140625 0.356515090625 0.3305090046875 0.364726096875 0.3043031359375 0.36364729375 0.25401320781250003 0.3551950171875 0.2197204015625 0.3401253875 0.20425375781250002 0.3144414453125 0.20333249687500002
0 0.3755061796875 0.1640701515625 0.3761236640625 0.288240865625 0.4142575796875 0.30283270624999997 0.42136412500000003 0.1808768234375 0.3755061796875 0.1640701515625
0 0.47672675 0.2617091484375 0.47400297968749994 0.1278787515625 0.43462670625 0.11397556093750001 0.434595878125 0.242836528125 0.44872017187499996 0.2609926234375 0.47672675 0.2617091484375
0 0.4997155359375 0.07464807031250001 0.48942168906249994 0.21136336249999998 0.5283388609374999 0.2244383171875 0.546302465625 0.0986297109375 0.4997155359375 0.07464807031250001
0 0.5880314656250001 0.0083702046875 0.562693646875 0.1750789390625 0.606039740625 0.19760883906249999 0.643692590625 0.0413973171875 0.5880314656250001 0.0083702046875
0 0.7701922765625 0.1304374796875 0.82082674375 0.274523078125 0.8781101328125 0.24601854374999998 0.8268544859375 0.10227726875000001 0.7701922765625 0.1304374796875
0 0.7285101968750001 0 0.7624961203125 0.0989737140625 0.8265853406250001 0.07102752968750001 0.7905703609375 0 0.7285101968750001 0
0 0.6274267499999999 0.2918605484375 0.6793585859375 0.40166263437499994 0.7148735828125 0.3895554015625 0.6696126328124999 0.2771383046875 0.6274267499999999 0.2918605484375
0 0.5708994828125 0.323194125 0.6347415203125 0.4339733296875 0.66998663125 0.41551936562499997 0.608035265625 0.299361259375 0.5708994828125 0.323194125
0 0.5187204640624999 0.3521174265625 0.5841561546875 0.45551692499999996 0.61337869375 0.4349877203125 0.547376096875 0.323240690625 0.5187204640624999 0.3521174265625
0 0.4798560875 0.3801566328125 0.5427263921875001 0.47306820937499994 0.5684110734375001 0.4490864640625 0.5027861687499999 0.35120545625 0.4798560875 0.3801566328125
0 0.436427846875 0.3955675265625 0.4972725359375 0.49068464218749996 0.5286556328125 0.4711232640625 0.46594740625000003 0.377039125 0.436427846875 0.3955675265625
0 0.39254050625 0.41015018281250004 0.455140925 0.496715028125 0.48158172656250003 0.47556232343750005 0.41425536406249996 0.37754172812500003 0.39254050625 0.41015018281250004
0 0.355404721875 0.43398304843749996 0.41843710468750006 0.5257220609375 0.448604978125 0.5025034046875 0.3801983390625 0.403998896875 0.355404721875 0.43398304843749996
0 0.2809718140625 0.45791833750000005 0.34451757031249997 0.5417937296875001 0.3714174734375 0.5214692624999999 0.30822300937499997 0.43090281406250003 0.2809718140625 0.45791833750000005
0 0.2421074359375 0.48595754218750004 0.304869934375 0.571349825 0.3347407890625 0.54613036875 0.2593926359375 0.4687971484375 0.2421074359375 0.48595754218750004
0 0.06107600625 0.5300033765625 0.069771771875 0.550085834375 0.11322567187499999 0.5801350265624999 0.15000942343749998 0.5878962234375 0.1645671578125 0.5614204703125 0.07652480625 0.5095300296875 0.06107600625 0.5300033765625
0 0 0.513369753125 0.041117615625 0.5291565546875 0.0504089015625 0.5034346000000001 0 0.4722671171875 0 0.513369753125
0 0.23308308281249998 0.61763825625 0.20007993906250002 0.6240222609375 0.2024289734375 0.644374603125 0.22905751093750001 0.6675094203125 0.25528122343750004 0.6811241421875 0.27723809374999997 0.6841113546875001 0.28493572500000003 0.6657691046875 0.23308308281249998 0.61763825625
0 0.33297988749999996 0.7290036890625 0.3441603671875 0.7477088453125 0.3720584 0.7658090843750001 0.3856700609375 0.766925790625 0.397661671875 0.754865125 0.3780010421875 0.7311160953125 0.3560984453125 0.7194370265625001 0.3353839328125 0.7157611671875 0.33297988749999996 0.7290036890625
0 0.43776545312500004 0.8257492984375 0.45529340156250003 0.8192815625 0.445976459375 0.7995434296874999 0.4181055609375 0.7770972640625 0.402468284375 0.77818609375 0.4023868765625 0.79122388125 0.41248707656250005 0.8094451234375001 0.43776545312500004 0.8257492984375
0 0.318669334375 0.6167540546875 0.32839258125000004 0.5962062671874999 0.26692597500000004 0.5263364859374999 0.2530708265625 0.5394301265625 0.282912328125 0.5932656203125 0.318669334375 0.6167540546875
0 0.33749391093750003 0.6009058125 0.3178589390625 0.622616871875 0.3627165375 0.675707859375 0.3903718234375 0.6831154390624999 0.3988527109375 0.6632563015625 0.33749391093750003 0.6009058125
0 0.394695153125 0.61034206875 0.37138738125000004 0.625427221875 0.41702823593750005 0.6770013203125 0.4401739296875 0.66308873125 0.394695153125 0.61034206875
0 0.432559921875 0.593684171875 0.4050931140625 0.6056611078125 0.453920534375 0.6673788015625 0.47582386874999993 0.6541548640625 0.432559921875 0.593684171875
0 0.4487641046875 0.600942871875 0.48249475625000005 0.6515398515624999 0.5084485828124999 0.65880784375 0.5212505875 0.640884359375 0.4749350203125 0.5734434359375 0.44733327031250003 0.58224700625 0.4487641046875 0.600942871875
0 0.53794100625 0.6446253703125 0.57410431875 0.627827884375 0.5197676984374999 0.556171328125 0.4903024109375 0.5660078734375 0.481227478125 0.5818654078125001 0.53794100625 0.6446253703125
0 0.5633851546875001 0.5352419421875 0.5307868375 0.5511460421875001 0.5806402625 0.6220395062499999 0.6088903296875 0.608545684375 0.5633851546875001 0.5352419421875
0 0.6201793531249999 0.6098671265625 0.6496446406249999 0.60003058125 0.6049227234375001 0.525209953125 0.57532249375 0.5318731328124999 0.5723515421875 0.536768121875 0.6201793531249999 0.6098671265625
0 0.6607987234375 0.598178659375 0.698447140625 0.5913851828125 0.6515918 0.5112507984375 0.6218294921874999 0.5190865421875 0.61467236875 0.52521924375 0.6607987234375 0.598178659375
0 0.6946152156250001 0.486319809375 0.6570746046875 0.5006325796875 0.7043890421875 0.5815952015625 0.73957988125 0.5718330968750001 0.6946152156250001 0.486319809375
0 0.7400962078125 0.4643574484375 0.7211909609375 0.46834046718750005 0.7124401859375 0.48185287499999996 0.7537049140625001 0.5650861843749999 0.7847638531250001 0.5478699328125 0.7400962078125 0.4643574484375
0 0.756165446875 0.4684427828125 0.7915161484375 0.5322171375 0.8205766078125001 0.512860496875 0.7903574156250001 0.445158978125 0.756165446875 0.4684427828125
0 0.874274515625 0.2654682078125 0.83000874375 0.2910878453125 0.8347346874999999 0.30254359375 0.86924711875 0.4014297015625 0.9185901265625 0.38057475625000003 0.874274515625 0.2654682078125
0 0.8967117109375 0.46416178906249994 0.925552865625 0.5542816 0.9771642375 0.541913771875 0.9497275187499999 0.4499327484375 0.8967117109375 0.46416178906249994
0 1 0.614649828125 0.9267680875 0.5579388765625 0.91072450625 0.599313628125 0.9920416984375 0.6625109375 1 0.6510256531249999 1 0.614649828125
0 0.8910902734375 0.5961216796875 0.867646821875 0.6329364749999999 0.867619684375 0.6372824031250001 0.9556891734375 0.684826915625 0.977998075 0.656220065625 0.8910902734375 0.5961216796875
0 0.7827081453125 0.65403343125 0.82991625625 0.67767074375 0.8768280828125 0.67440425 0.8814469578124999 0.653437696875 0.8476884296874999 0.632089653125 0.8072318781250001 0.61770255 0.79059499375 0.630172690625 0.781952025 0.651204390625 0.7827081453125 0.65403343125
0 0.7293410453125 0.674953525 0.8080393171875 0.7114517625000001 0.823407446875 0.67911319375 0.7374713796875 0.636882434375 0.7293410453125 0.674953525
0 0.7018478390625 0.66637338125 0.6276312828124999 0.6804442500000001 0.6362185015625 0.7179104187500001 0.7165925718749999 0.709088159375 0.7018478390625 0.66637338125
0 0.60281126875 0.6898713203125 0.5413153078125 0.6990564890625001 0.550226684375 0.734177534375 0.6171240375 0.72741193125 0.60281126875 0.6898713203125
0 0.535076384375 0.70684566875 0.46677459531250004 0.7154724828125001 0.477063271875 0.7530782453125 0.5464453390624999 0.744935340625 0.535076384375 0.70684566875
0 0 0.5972180890625001 0.0201574 0.6144000640625 0.0450866984375 0.5626862703125 0.009329692187499999 0.5391978374999999 0 0.556288253125 0 0.5972180890625001
0 0.1015310796875 0.5941964953125 0.061804254687500004 0.5620813515624999 0.0338768671875 0.6230360640625 0.0654477015625 0.6477622109375 0.1015310796875 0.5941964953125
0 0.12383554999999999 0.7150076890625 0.045056607812499996 0.6666442296875 0.0401942453125 0.7018211296875 0.0945587390625 0.74422875 0.12383554999999999 0.7150076890625
0 0.1479243640625 0.7731146703125 0.1738781921875 0.7803826625 0.18668019687499998 0.7624591796875 0.135718615625 0.7203307359375 0.1179743171875 0.7366628921875 0.1479243640625 0.7731146703125
0 0.160567984375 0.6318487140625 0.116707040625 0.6669884484375 0.14779163906249998 0.6952322828125 0.1826590578125 0.662912296875 0.160567984375 0.6318487140625
0 0.225869471875 0.7071718375 0.20653299687499999 0.6810776828125 0.1548944875 0.6977914375000001 0.18011859218749998 0.72278746875 0.225869471875 0.7071718375
0 0.24923003906250002 0.7332008437499999 0.236996415625 0.7096658453125 0.1853579078125 0.7263795984375 0.20085950156250001 0.7470204093749999 0.24923003906250002 0.7332008437499999
0 0.214760165625 0.765731271875 0.2315140484375 0.7764867625 0.27766225312500004 0.7616984125 0.2563838140625 0.7344364156250001 0.2091203078125 0.751384703125 0.214760165625 0.765731271875
0 0.23842341718750001 0.7757402703125 0.2393333390625 0.7829444765625 0.253151725 0.7932715171875 0.268828946875 0.799998659375 0.300068875 0.7847377078125 0.2851484171875 0.7626878203125 0.23842341718750001 0.7757402703125
0 0.2795712078125 0.7971275609374999 0.2587021234375 0.7984173718750001 0.2714306171875 0.8185988515625 0.292337990625 0.8229407796875 0.3222575875 0.8073838875 0.3076190859375 0.7872333312500001 0.2795712078125 0.7971275609374999
0 0.2905560828125 0.8259841281250001 0.293862996875 0.837512621875 0.30231025312500004 0.8492752109374999 0.334459753125 0.8530384906249999 0.35407325625 0.8293189078125 0.33267924843749996 0.8088017437499999 0.2905560828125 0.8259841281250001
0 0.1764946 0.812123596875 0.2140789265625 0.8277775640625 0.2239244953125 0.8038194750000001 0.17398308906249998 0.7790840718750001 0.16595806875000002 0.7938105249999999 0.1764946 0.812123596875
0 0.19595214218749998 0.860437253125 0.2234228765625 0.8606271453125001 0.22942267031250002 0.8408564234375 0.16066316875 0.8183295734374999 0.1575473484375 0.84677979375 0.19595214218749998 0.860437253125
0 0.45900729843750004 0.8580030687500001 0.4895283984375 0.875516625 0.5085518765625 0.8639439265625001 0.46371287499999997 0.8219908609375001 0.4419975671875 0.8294026999999999 0.45900729843750004 0.8580030687500001
0 0.5266515 0.8826898578125 0.506205353125 0.8868286624999999 0.5113965125 0.902451759375 0.542904465625 0.9266129703124999 0.5616202265625 0.9172664671874999 0.5271642453125 0.8829195437499999 0.5266515 0.8826898578125
0 0.341265028125 0.9042541671875 0.3906693296875 0.8856053109375001 0.38214549531249997 0.862579246875 0.3300880046875 0.8708789593749999 0.3306129296875 0.8926859296874999 0.341265028125 0.9042541671875
0 0.2943081875 0.9544363328125 0.3342004 0.95339385 0.3348931140625 0.9365648921874999 0.288425365625 0.920182125 0.2800539859375 0.9433230578125 0.2943081875 0.9544363328125
0 0.3389560921875 0.9564106875 0.346057259375 0.9720028609375 0.3580683296875 0.9776787515625 0.385962 0.9807176390624999 0.391346359375 0.9653993046875 0.35063438750000003 0.944798246875 0.3389560921875 0.9564106875
0 0.43597627031249997 1 0.40721573125 0.976645090625 0.3934993328125 0.9852760249999999 0.397178015625 0.9960845390624999 0.3996242203125 1 0.43597627031249997 1
0 0.356557953125 0.9019440265625001 0.3657487453125 0.9122666578124999 0.38341290156249996 0.9184063296874999 0.4006287140625 0.9140025062499999 0.4128068734375 0.9046825140625 0.41184578125 0.8939093328125001 0.39613026875 0.8815504531249999 0.389733646875 0.882526628125 0.356557953125 0.9019440265625001
0 0.3979877015625 0.9252306499999999 0.40152540625000005 0.9350894984375 0.4142796578125 0.9511454531249999 0.43241827343750006 0.9518830734374999 0.44927554687500004 0.9343164453125 0.42839428437500005 0.9140289671874999 0.3979877015625 0.9252306499999999
0 0.45018476874999996 0.9651606984375001 0.4617986625 0.9638620671875 0.46623446093750004 0.9475278125000001 0.45573621875 0.9348464812499999 0.44599369062500005 0.942302475 0.433392596875 0.9487734703124999 0.41101103281249995 0.945248696875 0.41149801874999997 0.9496039078124999 0.421342534375 0.9611058890624999 0.43400733125 0.9679611296875 0.45018476874999996 0.9651606984375001
0 0.48774368749999997 0.973120165625 0.48928227656249995 0.9619891984375 0.4742204890625 0.9508096687500001 0.4652086171875 0.9588884656250001 0.45650446093749997 0.9647410687500001 0.44119865625 0.9691139703125 0.45142781875000004 0.9778332093750001 0.46410549375 0.982625690625 0.477052596875 0.9795602390625 0.48774368749999997 0.973120165625