0 0.25852272656249997 0.51893939375 0.25142045468749996 0.4952651515625 0.2201704546875 0.49337121249999993 0.1796875 0.5085227265625 0.15838068125 0.5359848484375 0.13565340937499998 0.5615530296875 0.13494318125 0.5776515156250001 0.1676136375 0.5956439390625 0.19744318125 0.5852272734375 0.2322443171875 0.5625 0.25710227343750003 0.5378787875000001 0.25852272656249997 0.51893939375
0 0.2990056828125 0.6950757578125 0.3103693171875 0.6590909093749999 0.32102272656249997 0.6221590906250001 0.3238636375 0.5965909093749999 0.32173295468749996 0.5767045453125 0.3160511375 0.5587121203125001 0.30326704531250004 0.55018939375 0.28053977343750003 0.5482954546875 0.2613636375 0.5539772734375 0.2535511375 0.5918560609375 0.2407670453125 0.6297348484375 0.2286931828125 0.6742424234375 0.2407670453125 0.6941287875000001 0.2734375 0.69981060625 0.2990056828125 0.6950757578125
0 0.43892045468749996 0.45359848437499994 0.426846590625 0.44602272656249997 0.41548295468749996 0.44412878750000007 0.3927556828125 0.4450757578125 0.3728693171875 0.45454545468749996 0.36079545468749996 0.465909090625 0.35298295468749996 0.4763257578125 0.3359375 0.48484848437499994 0.32954545468749996 0.497159090625 0.33664772656249997 0.5170454546875 0.3572443171875 0.5321969703125 0.39559659062499997 0.5142045453125 0.43678977343750003 0.49337121249999993 0.44389204531250004 0.4791666671875 0.43892045468749996 0.45359848437499994
0 0.5021306812499999 0.53125 0.5262784093749999 0.5246212124999999 0.5276988640625 0.5009469703125 0.5149147734375 0.48106060624999997 0.49857954531250004 0.4725378796875 0.463778409375 0.4867424234375 0.448153409375 0.5075757578125 0.419034090625 0.5321969703125 0.42116477343750003 0.5615530296875 0.453125 0.5710227265625 0.473721590625 0.553030303125 0.5021306812499999 0.53125
0 0.5511363640625 0.5691287875000001 0.5696022734375 0.5482954546875 0.5759943187500001 0.5359848484375 0.5568181812499999 0.5227272734375 0.5369318187500001 0.5227272734375 0.5198863640625 0.5265151515625 0.49431818125 0.5369318171875 0.481534090625 0.5511363640625 0.46875 0.5662878796874999 0.45951704531250004 0.5928030296875 0.48579545468749996 0.6098484843749999 0.5099431812499999 0.6098484843749999 0.5348011359375 0.5861742421875 0.5511363640625 0.5691287875000001
0 0.5859375 0.63731060625 0.5958806812499999 0.6259469703125 0.6150568187500001 0.6051136359375 0.6363636359375 0.57481060625 0.6455965906250001 0.5653409093749999 0.6399147734375 0.5464015156250001 0.6292613640625 0.5265151515625 0.6079545453125 0.5151515156250001 0.5987215906250001 0.5179924234375 0.5845170453125 0.5321969703125 0.5696022734375 0.5454545453125 0.5525568187500001 0.5672348484375 0.5348011359375 0.5899621203125001 0.5227272734375 0.6070075765625 0.5298295453125 0.6259469703125 0.5419034093749999 0.6363636359375 0.5639204546875 0.6448863640625 0.5859375 0.63731060625
0 0.6761363640625 0.6477272734375 0.7066761359375 0.6212121203125001 0.7102272734375 0.59375 0.7017045453125 0.5785984843749999 0.6896306812499999 0.5615530296875 0.6683238640625 0.5577651515625 0.6598011359375 0.5634469703125 0.6384943187500001 0.5785984843749999 0.6264204546875 0.5928030296875 0.6072443187500001 0.6098484843749999 0.5887784093749999 0.6268939390625 0.5873579546875 0.6600378796874999 0.6107954546875 0.6789772734375 0.6299715906250001 0.6846590906250001 0.6526988640625 0.6770833328125 0.6761363640625 0.6477272734375
0 0.7265625 0.7301136359375 0.7414772734375 0.7054924234375 0.7741477265625 0.665719696875 0.7805397734375 0.6420454546875 0.7776988640625 0.6164772734375 0.7663352265625 0.6107954546875 0.7464488640625 0.6022727265625 0.7279829546875 0.6107954546875 0.7123579546875 0.6183712124999999 0.6917613640625 0.6354166671875 0.6725852265625 0.6619318171875 0.6555397734375 0.6960227265625 0.6633522734375 0.7196969703125 0.6839488640625 0.7320075765625 0.7038352265625 0.7329545453125 0.7265625 0.7301136359375
0 0.8863636359375 0.6818181828125 0.8764204546875 0.6609848484375 0.8600852265625001 0.6524621203125001 0.8373579546875 0.6458333328125 0.8231534093749999 0.646780303125 0.8110795453125 0.6619318171875 0.7769886359375 0.7102272734375 0.7528409093749999 0.7651515156250001 0.7748579546875 0.7869318171875 0.8110795453125 0.8087121203125 0.8288352265625001 0.8049242421875 0.8863636359375 0.6818181828125
0 0.9644886359375 0.8712121203125 0.9914772734374999 0.7424242421875 0.9836647734374999 0.71875 0.9637784093749999 0.69981060625 0.94744318125 0.6922348484375 0.9296875 0.6903409093749999 0.9147727265625001 0.6960227265625 0.8863636359375 0.7670454546875 0.8714488640625 0.834280303125 0.88849431875 0.858901515625 0.9176136359375 0.8797348484375 0.9488636359375 0.8892045453125 0.9644886359375 0.8712121203125
0 0.213778409375 0.4981060609375 0.2130681828125 0.48768939375000003 0.200284090625 0.4763257578125 0.1832386375 0.4763257578125 0.16619318125 0.48106060624999997 0.1448863625 0.4791666671875 0.13068181875 0.48390151562500006 0.10724431875 0.5056818171875 0.09943181875 0.5227272734375 0.1015625 0.5416666671875 0.1235795453125 0.5549242421875 0.14630681875 0.5473484843749999 0.16548295468750002 0.5274621203125001 0.19034090937499998 0.5047348484375 0.213778409375 0.4981060609375
0 0.40553977343750003 0.42234848437499994 0.3849431828125 0.409090909375 0.35866477343750003 0.41287878750000007 0.34232954531250004 0.42613636406250005 0.3259943171875 0.4375 0.31107954531250004 0.4507575765625 0.29829545468749996 0.459280303125 0.2990056828125 0.48106060624999997 0.31960227343750003 0.49337121249999993 0.34872159062499997 0.4725378796875 0.38423295468749996 0.44602272656249997 0.409090909375 0.4412878796875 0.40553977343750003 0.42234848437499994
0 0.3693181828125 0.41193181718750005 0.3863636375 0.41193181718750005 0.40553977343750003 0.41761363593749995 0.41619318125 0.41856060624999997 0.416903409375 0.4043560609375 0.40625 0.39393939375000003 0.38352272656249997 0.38920454531250004 0.3629261375 0.39393939375000003 0.3494318171875 0.4053030296875 0.3245738625 0.42518939375000003 0.3302556828125 0.440340909375 0.3536931828125 0.41761363593749995 0.3693181828125 0.41193181718750005
0 0.1363636375 0.48106060624999997 0.1605113625 0.48390151562500006 0.1803977265625 0.478219696875 0.1867897734375 0.465909090625 0.1832386375 0.4450757578125 0.16193181875 0.44412878750000007 0.1399147734375 0.4479166671875 0.1157670453125 0.46022727343750003 0.0894886375 0.4763257578125 0.0738636375 0.49431818281249995 0.0745738625 0.5179924234375 0.09517045468749999 0.5284090906250001 0.1086647734375 0.5056818171875 0.1235795453125 0.49431818281249995 0.1363636375 0.48106060624999997
0 0.053267045312500004 0.4327651515625 0.013494317187499999 0.44602272656249997 0.026278409375 0.5009469703125 0.1058238625 0.4706439390625 0.1022727265625 0.45359848437499994 0.08806818125 0.4375 0.053267045312500004 0.4327651515625
0 0.2166193171875 0.3768939390625 0.19247159062500002 0.3759469703125 0.16690340937499998 0.3712121203125 0.14559659062500002 0.3768939390625 0.13068181875 0.38920454531250004 0.1370738625 0.4242424234375 0.18252840937499998 0.41856060624999997 0.2386363625 0.409090909375 0.231534090625 0.3797348484375 0.2166193171875 0.3768939390625
0 0.0816761375 0.38352272656249997 0.057528409375 0.3863636359375 0.034090909375 0.396780303125 0.013494317187499999 0.4043560609375 0.0035511359375000003 0.4166666671875 0.010653409375 0.4422348484375 0.011363637499999999 0.4412878796875 0.067471590625 0.4337121203125 0.1186079546875 0.42329545468749996 0.1107954546875 0.391098484375 0.0816761375 0.38352272656249997
0 0.1214488625 0.33617424218749997 0.09375 0.3399621203125 0.09232954531250001 0.375 0.12215909062500001 0.3787878796875 0.12713068125 0.35606060624999997 0.1214488625 0.33617424218749997
0 0.0319602265625 0.3428030296875 0.0326704546875 0.3854166671875 0.07244318125 0.3787878796875 0.07173295468749999 0.34659090937500003 0.0582386375 0.33522727343750003 0.0319602265625 0.3428030296875
0 0.16690340937499998 0.3257575765625 0.1448863625 0.32670454531250004 0.1328125 0.3428030296875 0.1526988625 0.375 0.1832386375 0.3712121203125 0.1796875 0.3446969703125 0.16690340937499998 0.3257575765625
0 0.26420454531250004 0.3106060609375 0.2478693171875 0.30965909062499997 0.2336647734375 0.31534090937500003 0.2272727265625 0.34090909062499997 0.25284090937500003 0.3617424234375 0.28267045468749996 0.35227272656249997 0.28053977343750003 0.32954545468749996 0.26420454531250004 0.3106060609375
0 0.3494318171875 0.3428030296875 0.31889204531250004 0.3428030296875 0.2933238625 0.3551136359375 0.2947443171875 0.37784090937500003 0.2926136375 0.3797348484375 0.31107954531250004 0.39204545468749996 0.37215909062499997 0.38257575781250003 0.37784090937500003 0.3541666671875 0.3494318171875 0.3428030296875
0 0.47017045468749996 0.391098484375 0.49147727343750003 0.3731060609375 0.46946022656249997 0.3683712125 0.44176136406250005 0.3645833328125 0.41477272656249997 0.391098484375 0.43181818125 0.41761363593749995 0.46164772656249997 0.4109848484375 0.47017045468749996 0.391098484375
0 0.49360795468749996 0.33522727343750003 0.473721590625 0.327651515625 0.46164772656249997 0.3229166671875 0.44389204531250004 0.32481060624999997 0.43323863593749995 0.33522727343750003 0.42826704531250004 0.34375 0.434659090625 0.35606060624999997 0.455965909375 0.3617424234375 0.48863636406250005 0.353219696875 0.5007102265625 0.3503787875 0.49360795468749996 0.33522727343750003
0 0.5333806812499999 0.3077651515625 0.5198863640625 0.3077651515625 0.5063920453125 0.31534090937500003 0.49928977343750003 0.32481060624999997 0.49928977343750003 0.334280303125 0.5127840906250001 0.3418560609375 0.5340909093749999 0.3371212125 0.5561079546875 0.32670454531250004 0.5475852265625 0.3134469703125 0.5333806812499999 0.3077651515625
0 0.6328125 0.34659090937500003 0.6015625 0.3428030296875 0.5838068187500001 0.3456439390625 0.5724431812499999 0.35132575781250003 0.5717329546875 0.3702651515625 0.6214488640625 0.38731060624999997 0.6420454546875 0.37784090937500003 0.6455965906250001 0.365530303125 0.6328125 0.34659090937500003
0 0.7009943187500001 0.365530303125 0.6811079546875 0.36647727343750003 0.6640625 0.375 0.6519886359375 0.3768939390625 0.6519886359375 0.39772727343750003 0.7151988640625 0.41287878750000007 0.7329545453125 0.39867424218749997 0.7244318187500001 0.3797348484375 0.7009943187500001 0.365530303125
0 0.84375 0.39867424218749997 0.8132102265625001 0.38731060624999997 0.8032670453125 0.3958333328125 0.7805397734375 0.396780303125 0.7713068187500001 0.396780303125 0.7535511359375 0.4109848484375 0.7528409093749999 0.428030303125 0.84588068125 0.45643939375000003 0.8629261359375 0.440340909375 0.8636363640625 0.409090909375 0.84375 0.39867424218749997
0 0.5035511359375 0.3797348484375 0.48792613593749995 0.37784090937500003 0.47230113593749995 0.38920454531250004 0.463778409375 0.4024621203125 0.46946022656249997 0.41477272656249997 0.49005681875 0.42234848437499994 0.5113636359375 0.39867424218749997 0.5191761359375 0.3882575765625 0.5035511359375 0.3797348484375
0 0.5539772734375 0.3929924234375 0.5426136359375 0.39204545468749996 0.5269886359375 0.38731060624999997 0.5113636359375 0.39772727343750003 0.49928977343750003 0.409090909375 0.49857954531250004 0.428030303125 0.5262784093749999 0.4365530296875 0.5404829546875 0.42329545468749996 0.5681818187500001 0.4043560609375 0.5539772734375 0.3929924234375
0 0.6072443187500001 0.4356060609375 0.6292613640625 0.42045454531250004 0.609375 0.409090909375 0.5916193187500001 0.4043560609375 0.5724431812499999 0.403409090625 0.5553977265625 0.41287878750000007 0.5447443187500001 0.4270833328125 0.5348011359375 0.4450757578125 0.5546875 0.45738636406250005 0.5667613640625 0.4583333328125 0.5880681812499999 0.45643939375000003 0.6072443187500001 0.4356060609375
0 0.6903409093749999 0.44602272656249997 0.6789772734375 0.43087121249999993 0.6541193187500001 0.42234848437499994 0.6349431812499999 0.41856060624999997 0.6193181812499999 0.42045454531250004 0.6100852265625 0.43087121249999993 0.5958806812499999 0.44318181718750005 0.5880681812499999 0.45643939375000003 0.5894886359375 0.47537878750000007 0.6164772734375 0.48863636406250005 0.640625 0.4820075765625 0.6612215906250001 0.4725378796875 0.6903409093749999 0.44602272656249997
0 0.7421875 0.4696969703125 0.7294034093749999 0.45643939375000003 0.7052556812499999 0.4507575765625 0.6896306812499999 0.4507575765625 0.6711647734375 0.46022727343750003 0.6598011359375 0.478219696875 0.6555397734375 0.497159090625 0.6811079546875 0.51231060625 0.7024147734375 0.5085227265625 0.7301136359375 0.48768939375000003 0.7421875 0.4696969703125
0 0.7784090906250001 0.5227272734375 0.8004261359375 0.4990530296875 0.7919034093749999 0.48011363593749995 0.7727272734375 0.47537878750000007 0.7585227265625 0.4734848484375 0.7428977265625 0.47443181718750005 0.7294034093749999 0.49147727343750003 0.7151988640625 0.5075757578125 0.7116477265625 0.5227272734375 0.7308238640625 0.5331439390625 0.7478693187500001 0.540719696875 0.7578125 0.5426136359375 0.7784090906250001 0.5227272734375
0 0.8565340906250001 0.5416666671875 0.8707386359375 0.5160984843749999 0.8686079546875 0.5009469703125 0.8565340906250001 0.49337121249999993 0.83806818125 0.4867424234375 0.8252840906250001 0.48484848437499994 0.8139204546875 0.48863636406250005 0.80681818125 0.4924242421875 0.7961647734375 0.5113636359375 0.7862215906250001 0.5208333328125 0.7776988640625 0.5359848484375 0.7776988640625 0.55018939375 0.8018465906250001 0.5634469703125 0.8217329546875 0.5710227265625 0.8373579546875 0.5615530296875 0.8565340906250001 0.5416666671875
0 0.9232954546875 0.5852272734375 0.9360795453125 0.5700757578125 0.94744318125 0.5454545453125 0.94318181875 0.5331439390625 0.93181818125 0.521780303125 0.9140625 0.51231060625 0.8955965906250001 0.5085227265625 0.8856534093749999 0.5151515156250001 0.8764204546875 0.5255681828125 0.8707386359375 0.5378787875000001 0.86150568125 0.55018939375 0.8551136359375 0.5615530296875 0.8529829546875 0.5804924234375 0.8529829546875 0.5871212124999999 0.8778409093749999 0.5975378796874999 0.9012784093749999 0.6070075765625 0.9154829546875 0.6003787875000001 0.9232954546875 0.5852272734375
0 1 0.5596590906250001 0.9957386359375 0.5558712124999999 0.9857954546875 0.55018939375 0.9694602265625001 0.5549242421875 0.96306818125 0.5729166671875 0.9517045453125 0.5918560609375 0.9438920453125 0.6079545453125 0.9460227265625001 0.6335227265625 0.9723011359375 0.64393939375 0.9992897734374999 0.6496212124999999 1 0.64393939375 1 0.5596590906250001
0 0.40625 0.6676136359375 0.39772727343750003 0.6183712124999999 0.3480113625 0.6136363640625 0.30965909062499997 0.7566287875000001 0.35866477343750003 0.8049242421875 0.38423295468749996 0.7992424234375 0.40625 0.6676136359375
0 0.481534090625 0.6770833328125 0.42400568125 0.6723484843749999 0.39559659062499997 0.8541666671874999 0.44744318125 0.9005681828125001 0.48224431875 0.8958333328125001 0.481534090625 0.6770833328125
0 0.515625 0.76231060625 0.5065053328125 0.9129020265625 0.5007102265625 0.921401515625 0.5731534093749999 1 0.5894886359375 0.9981060609375 0.5845170453125 0.7708333328125 0.515625 0.76231060625
0 0.6839488640625 0.86268939375 0.6676136359375 0.8551136359375 0.6328125 0.859848484375 0.6136363640625 0.8787878796875 0.6044034093749999 0.9176136359375 0.6193181812499999 0.9971590906250001 0.71875 1 0.6938920453125 0.9053030296875001 0.6839488640625 0.86268939375
0 0.5830965906250001 0.2916666671875 0.5717329546875 0.2878787875 0.5589488640625 0.290719696875 0.5490056812499999 0.2992424234375 0.5461647734375 0.30965909062499997 0.5525568187500001 0.3229166671875 0.5880681812499999 0.3172348484375 0.6086647734375 0.3077651515625 0.5951704546875 0.29829545468749996 0.5830965906250001 0.2916666671875
0 0.10440340937499999 0.30018939375000003 0.094460228125 0.3106060609375 0.07244318125 0.3238636359375 0.08451704531250001 0.33522727343750003 0.1491477265625 0.33143939375000003 0.14985795468750002 0.3087121203125 0.1321022734375 0.296401515625 0.10440340937499999 0.30018939375000003
0 0.022727271875 0.3068181828125 0 0.3125 0.0042613640625 0.34375 0.059659090625 0.3418560609375 0.0589488625 0.3238636359375 0.0454545453125 0.3162878796875 0.022727271875 0.3068181828125
0 0.18536931875 0.2774621203125 0.15909090937499998 0.2869318171875 0.1647727265625 0.3257575765625 0.2350852265625 0.3172348484375 0.2336647734375 0.2992424234375 0.2116477265625 0.2878787875 0.18536931875 0.2774621203125
0 0.28764204531250004 0.2803030296875 0.2677556828125 0.27840909062499997 0.26065340937500003 0.2869318171875 0.2457386375 0.29545454531250004 0.2464488625 0.30965909062499997 0.2833806828125 0.3106060609375 0.3046875 0.303030303125 0.29971590937500003 0.2850378796875 0.28764204531250004 0.2803030296875
0 0.2933238625 0.28125 0.3046875 0.29356060624999997 0.34232954531250004 0.2859848484375 0.3323863625 0.265151515625 0.3125 0.2632575765625 0.3011363625 0.2708333328125 0.2933238625 0.28125
0 0.3025568171875 0.30397727343750003 0.2869318171875 0.3058712125 0.2691761375 0.3106060609375 0.28622159062499997 0.3446969703125 0.3025568171875 0.3456439390625 0.32670454531250004 0.33617424218749997 0.3167613625 0.3162878796875 0.3025568171875 0.30397727343750003
0 0.32173295468749996 0.3011363640625 0.30965909062499997 0.30397727343750003 0.32741477343750003 0.3371212125 0.33664772656249997 0.3323863640625 0.3572443171875 0.3304924234375 0.35085227343750003 0.3162878796875 0.33664772656249997 0.303030303125 0.32173295468749996 0.3011363640625
0 1 0.46022727343750003 0.9886363640625 0.4384469703125 0.9701704546875 0.4299242421875 0.9424715906250001 0.4242424234375 0.9133522734374999 0.4270833328125 0.9019886359375 0.4583333328125 0.9154829546875 0.4791666671875 0.94744318125 0.4924242421875 1 0.4895833328125 1 0.46022727343750003
0 0.3650568171875 0.2916666671875 0.3458806828125 0.2850378796875 0.33522727343750003 0.2916666671875 0.32528409062499997 0.29829545468749996 0.3480113625 0.31534090937500003 0.3629261375 0.32007575781250003 0.375 0.3162878796875 0.37571022656249997 0.296401515625 0.3650568171875 0.2916666671875
0 0.37571022656249997 0.2859848484375 0.36647727343750003 0.28882575781250003 0.3828125 0.3134469703125 0.403409090625 0.3162878796875 0.40482954531250004 0.3077651515625 0.3948863625 0.28882575781250003 0.37571022656249997 0.2859848484375
0 0.5390625 0.23768939375000003 0.5291193187500001 0.24053030312499998 0.5447443187500001 0.26420454531250004 0.5561079546875 0.265151515625 0.5696022734375 0.25852272656249997 0.5561079546875 0.24242424218749997 0.5390625 0.23768939375000003
0 0.7180397734375 0.234848484375 0.7059659093749999 0.234848484375 0.6867897734375 0.2443181828125 0.6775568187500001 0.2698863640625 0.6846590906250001 0.27840909062499997 0.7059659093749999 0.2803030296875 0.7180397734375 0.234848484375
0 0.6193181812499999 0.3371212125 0.6171875 0.327651515625 0.6029829546875 0.3143939390625 0.5909090906250001 0.3172348484375 0.5724431812499999 0.3238636359375 0.5731534093749999 0.34090909062499997 0.5802556812499999 0.3456439390625 0.5987215906250001 0.3399621203125 0.6193181812499999 0.3371212125