0 0.508946909375 0.186928003125 0.538139290625 0.1819517640625 0.5528272734375 0.1024329125 0.540487878125 0.09223465625 0.525914271875 0.0982538890625 0.508946909375 0.186928003125
0 0.4586203015625 0.14562479687500002 0.47461723906250003 0.16144526406249998 0.503696475 0.14314676875000001 0.514970465625 0.029182159375 0.49191095625000003 0.024977240625 0.46191422343750005 0.05198641875 0.4586203015625 0.14562479687500002
0 0.3014101046875 0.1764166375 0.38994297968749997 0.070419390625 0.352721521875 0.032972640625 0.268109334375 0.1433242515625 0.3014101046875 0.1764166375
0 0.232462359375 0.2712959296875 0.300360678125 0.1851922140625 0.27066640625 0.1580511828125 0.19984010624999998 0.24284898125 0.232462359375 0.2712959296875
0 0.164019453125 0.36747209375 0.21740322500000003 0.2944373359375 0.1815638765625 0.27020116875 0.1233669921875 0.35151195625 0.164019453125 0.36747209375
0 0.1590671 0.369958340625 0.07010802499999999 0.40932052187499995 0.08489835 0.439368371875 0.177045325 0.4017156078125 0.1590671 0.369958340625
0 0.27959847187500003 0.28420692812500004 0.2329129453125 0.3393837125 0.2679985640625 0.34721531250000004 0.3121204421875 0.2969750390625 0.27959847187500003 0.28420692812500004
0 0.412388728125 0.1988943265625 0.351867140625 0.2707508515625 0.375949740625 0.2893165484375 0.43507518906250003 0.2124034234375 0.412388728125 0.1988943265625
0 0.40571524531250003 0.313025075 0.46549711406250005 0.24735907343750002 0.44729328593749995 0.22285219375 0.3826514 0.3014342015625 0.40571524531250003 0.313025075
0 0.44496680624999996 0.3343430875 0.51508151875 0.2626931171875 0.4904328390625 0.2470047546875 0.42016085781249995 0.31068515625000004 0.44496680624999996 0.3343430875
0 0.44179358750000003 0.3383233046875 0.45784066562500003 0.3619831890625 0.54047916875 0.298087903125 0.52116485 0.27079938124999997 0.44179358750000003 0.3383233046875
0 0.48066372656249995 0.3488281390625 0.4688381828125 0.3765591359375 0.4928904015625 0.3838124984375 0.5490133171875 0.3332791984375 0.559607178125 0.3158558765625 0.5523440390625 0.29611374687500003 0.5171407046875001 0.31332371875 0.48066372656249995 0.3488281390625
0 0.5571713093749999 0.129015171875 0.5415046921875 0.2207497296875 0.5734441796875 0.2188244609375 0.595211740625 0.1294189890625 0.5571713093749999 0.129015171875
0 0.5927778640625 0.16325200625 0.5768095828125 0.257622428125 0.6098962875 0.25229656718750004 0.6356874343750001 0.16353693593750002 0.5927778640625 0.16325200625
0 0.6404504 0.2830087734375 0.65334535625 0.24410174843750002 0.6636857296875001 0.21453104843749998 0.6570271890625 0.20239889375 0.6333392203125 0.2029342921875 0.618578578125 0.2204901359375 0.6109815953125 0.285960409375 0.6255468109375 0.287712865625 0.6404504 0.2830087734375
0 0.7034615875 0.2657580796875 0.7025543359374999 0.24738111406250002 0.690684921875 0.2436729890625 0.6688731421874999 0.2494501734375 0.6573041234375 0.2721297078125 0.6556669703125 0.32723789375 0.668202575 0.3282545390625 0.6841063000000001 0.3216246078125 0.69517625 0.311144525 0.7004734 0.29244097812500003 0.7034615875 0.2657580796875
0 0.7628537828125 0.3207144609375 0.7627927531250001 0.311172484375 0.7352452703125001 0.30505290937499996 0.6918759640625 0.3689703578125 0.697606865625 0.3745760171875 0.7171186484375001 0.37802644375 0.7628537828125 0.3207144609375
0 0.772802725 0.36790566875 0.7897914671875 0.34887679843749997 0.794186634375 0.33638876875 0.782021584375 0.327615209375 0.77069258125 0.32608630625 0.7573341609375001 0.33651479375000004 0.7357678562500001 0.365335871875 0.71871665625 0.39042931406250003 0.7264673890625 0.39524162343749997 0.7473470234375 0.3948971484375 0.7550097296875 0.3859469921875 0.772802725 0.36790566875
0 0.8154553390625001 0.3577751328125 0.8018575515625 0.3513579390625 0.787535603125 0.3551897109375 0.7765327546874999 0.3634972328125 0.760363134375 0.39189255 0.747881009375 0.4190238578125 0.7591908968750001 0.42627070624999996 0.775991746875 0.421396284375 0.788636121875 0.40378293593750003 0.8121104828125001 0.36985061875 0.8154553390625001 0.3577751328125
0 0.5046805671875 0.371135953125 0.5049402749999999 0.39116229375 0.5207559875000001 0.39451613281250003 0.554707715625 0.3730096265625 0.5871555046875 0.3427271796875 0.5899599453125 0.32847246874999997 0.5795232671874999 0.3224079765625 0.5670063078124999 0.3203492296875 0.5046805671875 0.371135953125
0 0.56796875 0.3828125 0.0859375 0.0828125
0 0.6594989015625 0.3822347765625 0.58046245 0.44474948437500006 0.6075112765624999 0.467104784375 0.6841158125 0.4027431015625 0.6594989015625 0.3822347765625
0 0.6130249390625 0.472543084375 0.6366327078125 0.4910767015625 0.7102868265625 0.4328315984375 0.6878040734375 0.41213167500000003 0.6130249390625 0.472543084375
0 0.682234259375 0.48782286406250003 0.67143144375 0.46813965468749996 0.59741355625 0.5140255828125 0.6158973624999999 0.537516053125 0.682234259375 0.48782286406250003
0 0.5273089718749999 0.565246575 0.545661284375 0.5856288828125 0.6137013265625 0.5399354125 0.6017734953125 0.522418509375 0.588119278125 0.5243327828125001 0.5273089718749999 0.565246575
0 0.5517923515625001 0.5130553703125 0.49215106875 0.5586832562499999 0.5214169234375 0.57154564375 0.5732659609375 0.5317805843750001 0.5517923515625001 0.5130553703125
0 0.470511475 0.5406613796874999 0.494235115625 0.5550539828125001 0.55033046875 0.5114655234375001 0.5381268828125 0.495350246875 0.5251620515625001 0.49376045468749996 0.470511475 0.5406613796874999
0 0.43671775 0.513376934375 0.4436438734375 0.5279007015625 0.4624926828125 0.5368792546875001 0.5220899578125 0.48437096406249996 0.5103330078125 0.4713135484375 0.49734617031250006 0.46628355312499997 0.43671775 0.513376934375
0 0.492999015625 0.45684322499999996 0.47992416562500007 0.43805242812499995 0.4399318 0.4619516703125 0.4090825859375 0.4908817640625 0.41088012812499997 0.5048333078125 0.4258962515625 0.51553281875 0.4949952984375 0.4573524390625 0.492999015625 0.45684322499999996
0 0.4397609703125 0.41650308125 0.3787189171875 0.465698903125 0.401753178125 0.48359557343750004 0.438729115625 0.455492309375 0.46262434687500004 0.42994026406249997 0.4397609703125 0.41650308125
0 0.3780953546875 0.45899504062499996 0.4316099140625 0.4125403203125 0.42152948593749995 0.3945133453125 0.4055812296875 0.393879828125 0.376855171875 0.420898225 0.3587449 0.438358125 0.35511610312499997 0.449698871875 0.3621581 0.46008162343750003 0.3780953546875 0.45899504062499996
0 0.31406992499999997 0.42979817656249997 0.3444938 0.44565455624999994 0.4058834703125 0.38403569375 0.3774448765625 0.3669684265625 0.3772959984375 0.365949140625 0.31406992499999997 0.42979817656249997
0 0.309966375 0.42387546093750006 0.373776959375 0.3623834734375 0.350560815625 0.3383072140625 0.2853164578125 0.3982068359375 0.309966375 0.42387546093750006
0 0.2800386515625 0.391148678125 0.33997254374999997 0.32449724375 0.31522875625 0.306409834375 0.251451178125 0.373062125 0.2800386515625 0.391148678125
0 0.18977565937500002 0.4415426453125 0.188093990625 0.42345008906250003 0.17876895625 0.412239646875 0.0809284125 0.42825206875 0.077878271875 0.46329187968749996 0.1711967484375 0.452504484375 0.18977565937500002 0.4415426453125
0 0.2457916359375 0.47217657187500006 0.24889678593750003 0.44573726249999995 0.23291552499999998 0.4399434453125 0.15668132031249998 0.45091815156250004 0.1537360515625 0.48009684999999996 0.1665960140625 0.48754775781250004 0.2457916359375 0.47217657187500006
0 0.19538579218750002 0.4782569875 0.1978668609375 0.5100464828125 0.28012291718750004 0.50575971875 0.2880919 0.4830143609375 0.283851440625 0.46549574062500004 0.19538579218750002 0.4782569875
0 0.28448241093750004 0.5184673609375 0.2845318296875 0.533645234375 0.338177703125 0.552235853125 0.350332134375 0.538408609375 0.3567514671875 0.518211896875 0.356188959375 0.51929505 0.3028600015625 0.49797405 0.28448241093750004 0.5184673609375
0 0.423072359375 0.5604298875 0.3716545140625 0.534066453125 0.35029606874999997 0.5556043578125001 0.39945288125 0.5845803046875 0.423072359375 0.5604298875
0 0.4228679171875 0.5636749 0.4047356421875 0.5776945984374999 0.41011211875000003 0.5947670109375001 0.4359919234375 0.612408215625 0.45690887968749994 0.6108745671875 0.47472139531249996 0.59137609375 0.44038782187500003 0.5651999703125 0.4228679171875 0.5636749
0 0.4485187984375 0.6354340578125 0.4160099203125 0.6497117968749999 0.39906867031250004 0.6718857921875 0.4176417265625 0.6822659703125 0.4616875203125 0.6466436421874999 0.4485187984375 0.6354340578125
0 0.5625155984375 0.603357940625 0.5155150859375001 0.6354242640625001 0.5202654140625 0.6460140875 0.5284132015624999 0.6535448234375 0.5613335796875 0.6362069375 0.57794339375 0.6212513937499999 0.5785171296875 0.6120196390625 0.5726538765625 0.6055078375 0.5625155984375 0.603357940625
0 0.7923106609375 0.39736094375 0.8240634390625001 0.42067080625 0.8770484953125001 0.3804595421875 0.8889161718749999 0.366313825 0.8593085531250001 0.344532465625 0.7923106609375 0.39736094375
0 0.9956515640625 0.4125155921875 0.9929020453125 0.39556515625 0.9867203124999999 0.3861378234375 0.9139563296875 0.42290711875 0.9242249703125 0.4469520109375 0.97215825 0.429401015625 0.9956515640625 0.4125155921875
0 0.8997798109374999 0.4365793296875 0.8159020296874999 0.4679985953125 0.8133182437500001 0.47955286406250003 0.8194462015624999 0.48787695 0.8678715921875 0.4779963328125 0.883489084375 0.471430971875 0.90172623125 0.451550159375 0.901935971875 0.43982793124999997 0.8997798109374999 0.4365793296875
0 0.7268579828124999 0.49588325468749994 0.735520196875 0.524482371875 0.7990320859375 0.5016439921875 0.8094109328125001 0.4820457078125 0.805300809375 0.465806128125 0.7268579828124999 0.49588325468749994
0 0.68328404375 0.5321884156250001 0.6116780734375 0.572933575 0.6317975125 0.5922418734375 0.694715378125 0.5611090734374999 0.68328404375 0.5321884156250001
0 0.501150684375 0.6452820890625001 0.45582185 0.681482446875 0.47365240000000003 0.6951757390625 0.5172011203125 0.6615896015625 0.501150684375 0.6452820890625001
0 1 0.46071115625000003 0.9754212875 0.46668203906250005 0.9759002203125 0.5193043359375 1 0.5107972468749999 1 0.46071115625000003
0 0.9347125343749999 0.485960546875 0.9388752734375 0.5358426 0.9685716140625 0.5269806296875 0.9723830015624999 0.477415334375 0.9695044515625 0.4725105 0.9347125343749999 0.485960546875
0 0.9225801140625001 0.5398960203125001 0.91460669375 0.495175128125 0.88022840625 0.5065227375 0.8880639499999999 0.55194444375 0.9225801140625001 0.5398960203125001
0 0.87287169375 0.560532209375 0.8697070953124999 0.510904765625 0.8340329125 0.5199591953125 0.8404786874999999 0.570668934375 0.87287169375 0.560532209375
0 0.8403869265624999 0.5737979156249999 0.8188641625 0.5251301828125 0.787469296875 0.5355215125 0.80303621875 0.5878219046875001 0.8403869265624999 0.5737979156249999
0 0.751516734375 0.6046362921874999 0.7271814296875 0.561384321875 0.6963682203125 0.5766526328125 0.7155777984375 0.616812446875 0.751516734375 0.6046362921874999
0 0.6814489406249999 0.5959812671875 0.6609287562499999 0.61503439375 0.707874490625 0.642952859375 0.7287177328125 0.6266522140624999 0.7133301359375 0.6167469546875 0.6814489406249999 0.5959812671875
0 0.6380625296875 0.63073154375 0.678522825 0.6577344968750001 0.6945759515625001 0.6525068984375 0.7011881703125 0.6402098734375 0.66840424375 0.6114851031249999 0.6380625296875 0.63073154375
0 0.640282896875 0.6402702703125 0.6166194125 0.6575402875 0.6597873765625 0.684988590625 0.682154965625 0.66542539375 0.640282896875 0.6402702703125
0 0.6160990734375 0.65657925 0.5941561171874999 0.675760109375 0.6408480046875 0.697728778125 0.6578112593750001 0.6789949828124999 0.6160990734375 0.65657925
0 0.588363078125 0.6764291265625 0.5729604765625 0.6943343750000001 0.6141541625 0.7247136640625 0.6342167078125 0.7008825765625 0.588363078125 0.6764291265625
0 0.56781631875 0.6994981203124999 0.5396197640625 0.7202730625 0.5850597640624999 0.7468289515625 0.6031480328125001 0.7259288515625 0.56781631875 0.6994981203124999
0 0.5592069656249999 0.7684885765625 0.512630946875 0.7423788906250001 0.4953919421875 0.7625143109375 0.536461665625 0.789299859375 0.5592069656249999 0.7684885765625
0 1 0.5457130703125 0.9796704703125 0.5500188109375 0.979791490625 0.5689399125 1 0.5674997687500001 1 0.5457130703125
0 0.974242659375 0.5481359953125 0.9004953796875 0.5695581765625 0.9056511125 0.59663271875 0.9759683359375 0.573108953125 0.974242659375 0.5481359953125
0 0.814137921875 0.6456135359374999 0.814546403125 0.6204489765625001 0.8130576203125001 0.6102561078125001 0.7354996578125 0.63683945 0.7471627375 0.6574780812500001 0.769099840625 0.6596392421874999 0.814137921875 0.6456135359374999
0 0.733528584375 0.6741594703125 0.7465212765625 0.6578474484375 0.7329499265625 0.6504604046875 0.6861498109374999 0.680694775 0.6871251796875 0.6946835874999999 0.7050342703125 0.6928958375 0.733528584375 0.6741594703125
0 0.6411123187500001 0.7521831406249999 0.650106590625 0.75619470625 0.681225703125 0.7472050015625 0.6939756453125 0.73745490625 0.6940255078125 0.7229932906250001 0.6786397625 0.721276621875 0.6418405593750001 0.73249735625 0.6411123187500001 0.7521831406249999
0 0.364815353125 0.7221303171875 0.4113150671875 0.6917951640625 0.39257112968749996 0.676955496875 0.34622029374999996 0.7083099359375 0.364815353125 0.7221303171875
0 0.4085025265625 0.72306364375 0.41311072031249996 0.7312181625 0.42211651093749997 0.7343877562500001 0.44721248750000003 0.7205063953125 0.467720325 0.702985703125 0.44912526562500005 0.6891653234375 0.426735115625 0.704596321875 0.4085025265625 0.72306364375
0 0.3555248640625 0.7789000140625 0.3713022375 0.7750740406250001 0.3932782 0.761053484375 0.40259808750000003 0.7492018078125 0.39756337343750003 0.7410483703125 0.3844496625 0.7384392890625 0.3469022515625 0.7677629953125 0.3555248640625 0.7789000140625
0 0.646351621875 0.7476589296875 0.6407030515625001 0.7519237875 0.645102175 0.7677842187499999 0.6530780093749999 0.7726929921875 0.67135415625 0.768505121875 0.6820266609375001 0.76956341875 0.694498153125 0.763667971875 0.7008147328125001 0.75620251875 0.7018132234375 0.7456205859375 0.7005621609375 0.7401779734375 0.6903357640625 0.7365214250000001 0.6770833656249999 0.7457168203125 0.6677651578125 0.7467167625 0.6588552671875 0.748170190625 0.6520262984375 0.7474762328125 0.646351621875 0.7476589296875
0 0.6967824890625 0.7192105140625 0.7040008546875 0.7053109828124999 0.697759359375 0.70057073125 0.6897109171875 0.698937478125 0.685450790625 0.6993199406249999 0.6535650203125 0.71047940625 0.651997434375 0.72896308125 0.6575155078125 0.735091521875 0.6678253859375001 0.7326373515625 0.6802250296875 0.7274479359375 0.6967824890625 0.7192105140625
0 0.4926223421875 0.762235284375 0.47395872812500006 0.776573384375 0.4835543734375 0.7916136984375 0.510417021875 0.8024535296875 0.5295618609375 0.7871887953125001 0.4926223421875 0.762235284375
0 0.5728217640625 0.8521150296875 0.5848567765625 0.848678740625 0.5855600921875 0.825351878125 0.5324948484375 0.8307048828125 0.5391749140625001 0.8468903796875 0.550421903125 0.853537071875 0.5728217640625 0.8521150296875
0 0.6764554375 0.7830251828125 0.6877356734375 0.7758284484375 0.685735478125 0.7677626515625 0.657603584375 0.767932434375 0.6378551640625 0.7649937546875 0.628636603125 0.7708274875 0.6277306265625 0.7815100125 0.6410487046875 0.78826524375 0.6607783 0.788260840625 0.6764554375 0.7830251828125
0 0.4890015671875 0.8110791859375001 0.45501527968750005 0.790866659375 0.438385103125 0.7994271296875 0.4327283640625 0.809947209375 0.4412862640625 0.8150684546875 0.45523175625 0.8247121359375 0.46619578125 0.8252002015625 0.4781222515625 0.8238350000000001 0.4890015671875 0.8110791859375001
0 0.3330794921875 0.751393371875 0.34713853281249996 0.7407079125 0.35641857187500003 0.7254453796875 0.34237395312499996 0.7193443312500001 0.329385903125 0.7261054328125 0.308405884375 0.7400625375 0.30227733125 0.7529807953125001 0.3043766546875 0.7575039640625 0.3163219515625 0.75908184375 0.3330794921875 0.751393371875
0 0.3534141359375 0.7805753078125 0.3448562328125 0.7754540624999999 0.3355906140625 0.7739300859375 0.30685453125 0.7938841015625 0.306911003125 0.8027133578125 0.316686084375 0.8077253265625 0.3315375515625 0.8066864812500001 0.3470590890625 0.7961641984375001 0.3557681890625 0.786842471875 0.3534141359375 0.7805753078125
0 0.428627034375 0.8377082578125 0.4421716046875 0.84179285625 0.4583582046875 0.8400451921875 0.46830330625 0.8335572750000001 0.4695913796875 0.825490746875 0.461189078125 0.8256561250000001 0.4520225875 0.8205895171875 0.442610778125 0.81525045625 0.4342887828125 0.8089301234375 0.42104600156250005 0.81394723125 0.4174321109375 0.820161225 0.4199323546875 0.830243471875 0.428627034375 0.8377082578125
0 0.3945452859375 0.8391999562500001 0.40203219843750004 0.848245559375 0.4153408640625 0.8535292484375001 0.42556893125000006 0.8531999562499999 0.436622675 0.848673853125 0.4413357875 0.8429501265624999 0.4342497953125 0.8394636046875 0.42704585 0.8365766234375 0.4223942171875 0.8328715499999999 0.41760580625 0.8268229359375001 0.4134353953125 0.8221912250000001 0.4016457015625 0.8258999703125 0.39438027343750004 0.832441790625 0.3945452859375 0.8391999562500001
0 0.4847240234375 0.87064685 0.4946973640625 0.8685735625 0.505996421875 0.8643199125000001 0.5170501625 0.8597938078125 0.5238343640625 0.8541786234375 0.5294013875 0.848672715625 0.5287645609375 0.8443127265625 0.5261840140625 0.8407161921874999 0.5199425171875001 0.83597594375 0.49283895468749994 0.8445932515625 0.480360365625 0.854842346875 0.48041683749999997 0.8636716015625 0.4847240234375 0.87064685
0 0.4490889828125 0.874025303125 0.436464203125 0.880459315625 0.4307886390625 0.8880363125 0.4319255125 0.8944127500000001 0.4341522015625 0.8998079156250001 0.43686011406249997 0.9042764468750001 0.4463616390625 0.9046013359374999 0.45740596718750004 0.898603690625 0.4610198578125 0.892389696875 0.46816733125 0.8864474203125001 0.4726445390625 0.8819227843749999 0.477230290625 0.8753270625 0.473795834375 0.8715127125000001 0.46939893125000004 0.8695516359375001 0.46414811875 0.8673727421875 0.4490889828125 0.874025303125
0 0.9039301875 0.3810045015625 0.94456609375 0.3427085453125 0.9345829718750001 0.330357121875 0.8974328953124999 0.3535638734375 0.871242625 0.3745939 0.8537845890625 0.3954397515625 0.867530925 0.40767000312499996 0.8766103859375001 0.4025707609375 0.9039301875 0.3810045015625
0 0.8202083234374999 0.6159799265625 0.824281475 0.626823825 0.8463787234375 0.6222923640625 0.8768350359375001 0.6068199296875 0.8912593062499999 0.58871059375 0.8855208546875 0.5810733578125 0.82413490625 0.6039083078124999 0.8202083234374999 0.6159799265625
0 0.651492075 0.7885270828125 0.6444013375 0.78916366875 0.639391525 0.7876528734375 0.6352794546875 0.789165703125 0.6305888515625 0.7953051234374999 0.6323895625 0.8021688140625001 0.63498601875 0.8066737390625001 0.6439011328124999 0.8060367453125 0.6563943359375 0.8049151406249999 0.6646132515625001 0.80107304375 0.67297871875 0.7990149718749999 0.6812028578125 0.7959893078125 0.68711319375 0.7903939062500001 0.6851161578125 0.7845281234375 0.6838755375 0.7807183765625 0.6778186515625 0.784529753125 0.6691914171875 0.7879183671875001 0.6625037765624999 0.7881920046875 0.6583812625000001 0.7880719703125 0.651492075 0.7885270828125
0 0.3818844328125 0.9413853953125001 0.391024759375 0.9337028281249999 0.3994243375 0.9264135281250001 0.40553622031250003 0.92063665 0.40084839531250005 0.9166462421875 0.393540446875 0.91501500625 0.3891352765625 0.9129597859375 0.36141075 0.9308065624999999 0.3616906265625 0.9428715765625 0.36772384687500004 0.9459242984375 0.373131534375 0.9462557125 0.3818844328125 0.9413853953125001
0 0.33664959687499996 0.9556950750000001 0.3425414875 0.957780203125 0.3505247453125 0.9593508125 0.359756625 0.9554177749999999 0.364855546875 0.9497318390625 0.3648948796875 0.9453170406250001 0.36539752812500004 0.9393902234375 0.3611232421875 0.93666973125 0.3583513453125 0.93642844375 0.345143503125 0.9420254734375 0.3379977703125 0.9446275625 0.3345923375 0.9509783625000001 0.33664959687499996 0.9556950750000001
0 0.3333413203125 0.8944450484375001 0.3249340765625 0.889971659375 0.315066221875 0.889550525 0.30705407500000004 0.8940275796874999 0.30500970625 0.9018899906250001 0.30781815625000003 0.90784630625 0.3145266828125 0.9108383999999999 0.3227925984375 0.914344196875 0.330443425 0.9167615515625 0.3371362875 0.9173043468750001 0.342860740625 0.91433971875 0.3475565671875 0.9090167296875 0.35049345781249996 0.9033615156250001 0.34837598281250004 0.8997938703124999 0.3454523125 0.896952125 0.3333413203125 0.8944450484375001
0 0.29839544375 0.838826440625 0.3106815421875 0.8243930578124999 0.31353455937499997 0.81508233125 0.3022521484375 0.807543675 0.2946807125 0.8109901 0.2741945890625 0.8281717890625 0.26295185625 0.8593631015625001 0.2704547046875 0.8614561984375 0.28443311250000003 0.8513981796874999 0.29839544375 0.838826440625