0 0 0.3273892671875 0.0208937515625 0.3317773171875 0.0431635546875 0.33842285625 0.08533331093749999 0.334388215625 0.100857578125 0.304811309375 0.10044821875000001 0.2835422484375 0 0.25341532031249997 0 0.3273892671875
0 0 0.41743596250000004 0.009971271875 0.4220026359375 0.0287766796875 0.4207782671875 0.0484480265625 0.4250663765625 0.0793114296875 0.4289351828125 0.1084653046875 0.431626203125 0.13283288437500002 0.4225114296875 0.145963690625 0.3941216265625 0.1442094453125 0.3732495078125 0.11083890781250001 0.363871953125 0.07459596562500001 0.36159091718749997 0.0442568515625 0.3573270328125 0.013097140625 0.3530650109375 0 0.35631635 0 0.41743596250000004
0 0.1729023625 0.4909570796875 0.1863288515625 0.4771404875 0.185873521875 0.46453708125000004 0.19145867968750002 0.45231385 0.183230346875 0.44248531562500004 0.1660891203125 0.439373128125 0.14557419062500002 0.4394197125 0.1223924734375 0.43592735312500003 0.0959053828125 0.436775275 0.0735896078125 0.43879539218749997 0.053370985937500004 0.439235190625 0.032923759375 0.45464328125 0.0274746390625 0.48340953124999997 0.027383321874999998 0.48656084687499995 0.0413558359375 0.4963763390625 0.063808271875 0.49671924375 0.0937144125 0.4982268921875 0.118036021875 0.497777775 0.1487857453125 0.4949507296875 0.1729023625 0.4909570796875
0 0.23312275625 0.5436014234375001 0.2352888640625 0.5290226234375 0.2295453078125 0.514855671875 0.217191003125 0.5093692828124999 0.19669905781250002 0.5050830375 0.16820613125 0.504359959375 0.1491044140625 0.5051911125 0.1233012609375 0.5036741499999999 0.1006208453125 0.5041195390625 0.08614577968750001 0.518726290625 0.078440484375 0.53686266875 0.076593671875 0.5475018578124999 0.087260809375 0.5616576281250001 0.10111964843750001 0.56477726875 0.1210419609375 0.5639442531250001 0.13850248125 0.563116828125 0.15819681562500001 0.56307210625 0.1825184234375 0.562622990625 0.200366571875 0.559037465625 0.216117565625 0.5570322546875001 0.23312275625 0.5436014234375001
0 0.318960696875 0.1546383453125 0.2933165625 0.1653315703125 0.263478128125 0.17918543125 0.24186864687499998 0.1886878296875 0.2200311921875 0.1989785234375 0.210092084375 0.216332196875 0.214900740625 0.23798515625 0.22828063437499999 0.24701421406250001 0.2425954296875 0.248557265625 0.275488275 0.23548424531249998 0.3084041078125 0.2180784015625 0.3300135859375 0.2085760015625 0.3415025734375 0.1943699203125 0.34116154375 0.1742823703125 0.3337084625 0.1589376328125 0.318960696875 0.1546383453125
0 0.36703052812500003 0.23370082499999997 0.3614466203125 0.21756406718750002 0.3434618125 0.21878657031249998 0.3205757796875 0.2298674234375 0.2983736828125 0.23858339062499997 0.27712884375 0.24966051406249998 0.2597590140625 0.26151661875 0.2387191703125 0.276138278125 0.2368723578125 0.28677746718749997 0.235595178125 0.3025359140625 0.24320790625000002 0.3159108453125 0.254878275 0.32376211875 0.2853093296875 0.310694690625 0.30140260625000004 0.3004170421875 0.3232400625 0.290126346875 0.34247906562499997 0.277478221875 0.3642481921875 0.2660060171875 0.36805549375 0.2514234890625 0.36703052812500003 0.23370082499999997
0 0.3858787796875 0.2947107765625 0.3701737546875 0.28805033125 0.352234290625 0.294787175 0.3356397125 0.3011270765625 0.32798038749999997 0.3105977984375 0.314052596875 0.32047664062500003 0.29349169218750004 0.32918888125 0.273204115625 0.342627165625 0.2622394140625 0.35643816875 0.26217045781250004 0.3694366515625 0.2714927125 0.3839893671875 0.2818411828125 0.38790475468749996 0.29788848749999997 0.3862927609375 0.32034154843749996 0.372455671875 0.33771137812499996 0.36059956875 0.3542606109375 0.34874532812500003 0.3757334265625 0.3368799078125 0.3869944359375 0.3234621203125 0.388864234375 0.30849010468750004 0.3858787796875 0.2947107765625
0 0.4042474625 0.37581014218750003 0.40730249843750005 0.3624109890625 0.40133096406249996 0.34903233437500003 0.388315709375 0.3415780015625 0.372040428125 0.343978290625 0.35788465625 0.3546454296875 0.337756725 0.36611390781250003 0.31662556249999996 0.3838868828125 0.2991874015625 0.394561475 0.28993222812499997 0.4095502609375 0.2949688625 0.430414928125 0.306479584375 0.44023600781249994 0.32441904843749997 0.43349916562499996 0.3420851875 0.4220362765625 0.368960528125 0.4042502578125 0.3894077546875 0.38884216718750003 0.4042474625 0.37581014218750003
0 0.3910173609375 0.0713642046875 0.4060372 0.10874952812500001 0.461291790625 0.0849907375 0.4743306578125 0.0739322453125 0.475288540625 0.0621134078125 0.4711178484375 0.04676121875 0.45951580937500003 0.0400914546875 0.440596103125 0.04879996875 0.4122621984375 0.0602870796875 0.3910173609375 0.0713642046875
0 0.50982008125 0.1057566453125 0.5043958187500001 0.08765008125 0.503506890625 0.086470434375 0.4796182546875 0.0896757890625 0.45643591250000004 0.1003634234375 0.43272928281249995 0.1114461390625 0.4113018125 0.1288258984375 0.411985121875 0.140641009375 0.41328341249999995 0.1630897171875 0.42885177499999994 0.1673871421875 0.447680165625 0.1618299453125 0.47295965781250005 0.14956199375 0.4915830578125 0.1404602640625 0.5082919375 0.1266362171875 0.50982008125 0.1057566453125
0 0.5249535953125 0.1498378171875 0.51073011875 0.1451434515625 0.49564007343750005 0.149116603125 0.48155263125000003 0.1609652546875 0.46217696875 0.17125035625 0.4448301234375 0.17877363125 0.43635020156250004 0.1882462171875 0.433295165625 0.2016453703125 0.436052640625 0.21621299062500002 0.44234346875 0.2256520359375 0.4586870828125 0.22443325937499997 0.47911132500000003 0.2133579953125 0.501040096875 0.19991598593749998 0.5193671875 0.190421040625 0.5276191296875 0.1817367515625 0.5271867828125 0.16480051874999999 0.5249535953125 0.1498378171875
0 0.5465599484375 0.2112353953125 0.5352088734375 0.19944451093749999 0.519252884375 0.1979051859375 0.5062823515625 0.2101451875 0.483829290625 0.2239822796875 0.467462690625 0.22953388437500002 0.45576871093750004 0.240195434375 0.45449152968749995 0.2559538828125 0.45886721562500005 0.27485060625 0.46508971250000003 0.2831081375 0.47413926875 0.27875481406249997 0.4899815796875 0.2735982875 0.5083999859375 0.26095202500000003 0.5244932625 0.250674375 0.5422277328125 0.2403929984375 0.5446218171874999 0.225025903125 0.5465599484375 0.2112353953125
0 0.5356623296875 0.2545879015625 0.5211649015625001 0.259347484375 0.5091746125000001 0.26961581875 0.49023191875 0.2826571578125 0.477671996875 0.2878062328125 0.46506610156250006 0.3016209609375 0.4654301171875 0.3173756859375 0.4677999671875 0.3347014078125 0.4792883296875 0.33467531875 0.48931813125 0.328350325 0.5063003328125 0.3192523234375 0.5251746953125 0.3050294703125 0.54142761875 0.29278201406250004 0.5497255328125 0.27543206875 0.5475606765625 0.2616508796875 0.5356623296875 0.2545879015625
0 0.5322637625 0.3046194859375 0.52070644375 0.31764405625 0.501011484375 0.3318687703125 0.4823651 0.34530332812500003 0.47680230156250003 0.367373728125 0.4849163328125 0.38468640781249996 0.503448415625 0.3787359953125 0.515210725 0.3692559578125 0.5332644906249999 0.35503496874999996 0.5505659890625 0.34199735468750003 0.5606417609375 0.3270067046875 0.5582719109375 0.3096809828125 0.5464648796875 0.299466684375 0.5322637625 0.3046194859375
0 0.42275343281250005 0.4450925359375 0.40971519375 0.44197103281250005 0.393644903125 0.44791585468750006 0.3867378453125 0.45620320156250005 0.36854741562500004 0.46806116875 0.35400401875 0.481486409375 0.33335180000000003 0.49334996562500005 0.3235723390625 0.5087338328125 0.3257142109375 0.5268478484375 0.3489911046875 0.53264818125 0.36658891250000003 0.52000378125 0.3812689734375 0.5089415640625 0.3987301203125 0.49393414375000005 0.416920546875 0.4820761765625 0.42571590156249994 0.4632046890625 0.42275343281250005 0.4450925359375
0 0.2679321078125 0.5832499999999999 0.2577662703125 0.5730319765624999 0.2388471890625 0.5675604953125 0.21226878125 0.5715597328124999 0.1858500203125 0.573589165625 0.1625769875 0.5732481234375 0.1366365453125 0.5835481328125 0.124668615625 0.6036636343749999 0.1221832125 0.622182046875 0.13234905 0.6324000703125 0.1556904140625 0.6339226234375 0.1722620078125 0.63191555 0.1950107515625 0.6326516734375 0.21791914375000002 0.6314179875 0.240394565625 0.6274280640625001 0.25714879062499996 0.619118359375 0.265378375 0.6005869015624999 0.2679321078125 0.5832499999999999
0 0.305630484375 0.66272991875 0.299886928125 0.648562965625 0.2841589203125 0.646235346875 0.2683395921875 0.6470590453125 0.2471637109375 0.6451376875 0.2231384125 0.64598001875 0.20045799843749998 0.6464254078125 0.18696317499999998 0.659060490625 0.1778446640625 0.6764123 0.17296580156250002 0.6961178140625 0.18351926406250002 0.7035777359375001 0.1981303671875 0.7055140015625 0.21812101093749997 0.7058624984375 0.23610581874999997 0.7046399937500001 0.26649090468750003 0.7002382203125 0.2876214390625 0.696645240625 0.2984494765625 0.680471215625 0.305630484375 0.66272991875
0 0.578332246875 0.373390259375 0.5790168078125 0.356845378125 0.5694665750000001 0.3430809578125 0.5529633125 0.3462695421875 0.5399244484375 0.357328034375 0.518952934375 0.373131203125 0.5061190625 0.3877342265625 0.49435675156250003 0.397214265625 0.48897658593750004 0.41298203281249996 0.49590537812499996 0.428721846875 0.5078950421874999 0.4326335078125 0.5206146125 0.4255146296875 0.5405375515624999 0.41050161875 0.5564258328125 0.3966794359375 0.566706596875 0.38523331875 0.578332246875 0.373390259375
0 0.42749699531249996 0.48520326875 0.4111987265625 0.4919363875 0.4009179609375 0.5033825046875 0.3793538296875 0.5183992421875 0.354347659375 0.5353932390625 0.34351962343750003 0.5515672640625 0.34582114218750004 0.5677114750000001 0.3564429359375 0.5763529078125 0.372626903125 0.5771039375 0.3912732875 0.563669378125 0.41673541406250003 0.5450987921875 0.442585165625 0.523770103125 0.45063211562500005 0.5115412796875 0.44944750312500004 0.49578842187500005 0.4412191703125 0.48595988749999997 0.42749699531249996 0.48520326875
0 0.5558102296875 0.4002258328125 0.5442075656250001 0.40773606406249996 0.5313053640625001 0.42115757656249997 0.516397325 0.433008090625 0.509102640625 0.444053540625 0.5073011734375 0.46020706718750004 0.5139566421875 0.4712208390625 0.5265619125 0.4715861046875 0.532260746875 0.46605872187499997 0.5556257203125 0.4490684515625 0.5702374484375 0.43682472343749995 0.580313221875 0.42183407187500005 0.5792652703125001 0.4084442359375 0.571333246875 0.3990089171875 0.5558102296875 0.4002258328125
0 0.592097140625 0 0.5915076921875 0.0047198875000000005 0.5786048625 0.032321398437499996 0.5697826593750001 0.050066421875 0.5677302296875 0.0713410734375 0.57577593125 0.08747224218750001 0.5908200046875 0.09216474531249999 0.6067536328124999 0.0838569015625 0.61033295625 0.07006266875 0.619861453125 0.059799925 0.6298918796875 0.0392949375 0.6345427640625 0.020377715625 0.640219240625 0.0050031671875 0.6402956515625 0 0.592097140625 0
0 0.6533692796875 0.05736050625 0.6414709328125 0.050297528125000004 0.6246713625 0.0530928953125 0.6187215625 0.0637414015625 0.612612115625 0.0763597125 0.6049751515625 0.0956776015625 0.5958566390625 0.1130294109375 0.5915933796874999 0.1291885296875 0.5866461859375 0.14771253281250002 0.6015076296874999 0.1587076703125 0.6124033703125 0.15789515 0.62722009375 0.14919595624999998 0.634286796875 0.138938803125 0.637706475 0.127114375 0.64614105 0.1121274515625 0.646962275 0.0979455921875 0.6547129140625 0.0853235546875 0.6589761734375 0.0691644359375 0.6533692796875 0.05736050625
0 0.6427188734375 0.1806718578125 0.629110375 0.1866110921875 0.6115355515625 0.1949226609375 0.607363609375 0.20793046249999997 0.6072033359375 0.2240802640625 0.6099378265625 0.2429807125 0.6094582609375 0.2630701265625 0.6142899015625 0.2803902609375 0.625618615625 0.282333978125 0.6402756890625 0.27560458906249996 0.64747905625 0.26771045781249997 0.650032790625 0.2503735546875 0.6570311656250001 0.238934890625 0.65457 0.224760484375 0.6587195828125 0.2019055171875 0.6521554296875001 0.1877404296875 0.6427188734375 0.1806718578125
0 0.647626321875 0.2984491984375 0.6336531828124999 0.3028137046875 0.6240563546875 0.3118949359375 0.6229158375 0.33001640625 0.6254223484375 0.3497051515625 0.62441849375 0.37018964374999996 0.628931465625 0.3772693921875 0.6398955390625 0.3776383859375 0.6534586921875001 0.36618481406250003 0.65628575 0.35357395625 0.6595457796875001 0.34371933593750004 0.6603440171875 0.3338703046875 0.6584071375 0.31930082187500003 0.6550340578125 0.30827959531250004 0.647626321875 0.2984491984375
0 0.319071628125 0.7198368937499999 0.3043232375 0.7297176015625 0.280525290625 0.743951634375 0.2628591515625 0.7554145218749999 0.2432325234375 0.77082075 0.2402228328125 0.789734240625 0.2456017484375 0.802326465625 0.256634153125 0.80387696875 0.2779026953125 0.7928313015625 0.318134853125 0.7698628875 0.337738496875 0.7587894890625 0.3483155703125 0.7477365890625001 0.351005965625 0.7327627078125001 0.34562705 0.72017048125 0.33589418437499996 0.7127086984375001 0.319071628125 0.7198368937499999
0 0.35886903281250004 0.7551965093749999 0.348953534375 0.754037359375 0.3366215890625 0.7583981375 0.3301704875 0.7651088953125 0.3179752046875 0.77183269375 0.30486800937499997 0.781709675 0.286837228125 0.7915978359375 0.27352503906250003 0.7979302828125 0.26119247031250004 0.8164710578125 0.25857040625 0.8326264484375001 0.26506622812499997 0.845610025 0.2762352953125 0.8495235531249999 0.2910520171875 0.84082435625 0.32570035937499997 0.820263465625 0.3319234828125 0.8143410046874999 0.3461475859375 0.804855375 0.35859383125 0.7930104515624999 0.36427030781249997 0.777635903125 0.3636783125 0.762669475 0.35886903281250004 0.7551965093749999
0 0.3533279671875 0.801294071875 0.34313852031250003 0.8095888718750001 0.3196368859375 0.8242161203125 0.3010134859375 0.8333178515625 0.29050474375 0.8455522625 0.282229815625 0.8585693796875 0.28535193125 0.8747117281250001 0.29586004843749997 0.8766573109375001 0.325766815625 0.8639849609375 0.3457350984375 0.8544862906249999 0.3780812984375 0.8319611859375 0.390367896875 0.8220860671875 0.3916450765625 0.8063276187499999 0.38045364843749996 0.7925669265625 0.365090278125 0.791814034375 0.3533279671875 0.801294071875
0 0.327475715625 0.8793427421875 0.3109264828125 0.8911969828125 0.291185553125 0.9140873546874999 0.2756619109375 0.9294842640625 0.2688915140625 0.9401346328125 0.29576497968750004 0.9648885999999999 0.30843920625 0.95225538125 0.330436309375 0.9399948828125 0.35765393125 0.913936421875 0.369165903125 0.8953975125 0.36836891562499996 0.8768865531250001 0.359342971875 0.8627270546875 0.34293102656249996 0.8627643218750001 0.327475715625 0.8793427421875
0 0.3316418421875 0.9568663359375 0.3360417640625 0.9430702406249999 0.330548546875 0.9379621625000001 0.315503846875 0.9474496531250001 0.30351355625 0.9577179859375 0.2943497 0.9695554578125 0.3089162703125 0.98888595 0.3316418421875 0.9568663359375
0 0.4334541203125 0.8770381171875 0.42269503906250006 0.8802136578124999 0.411388684375 0.88811710625 0.4015408921875 0.9023194609375 0.3915334515625 0.9184916234375 0.38293922812500003 0.9354483546875001 0.3743450046875 0.952405084375 0.364405896875 0.9697587546875001 0.367482665625 0.9803867640625 0.37894804375 0.98469350625 0.39107499375 0.9767881953125 0.405801025 0.9570603203125 0.418383934375 0.94757841875 0.4279354171875 0.932982846875 0.4357773734375 0.9172094906250001 0.44086123125 0.901048509375 0.44273102968750006 0.8860764937500001 0.4334541203125 0.8770381171875
0 0.4842448375 0.7666339453125001 0.4670346546875 0.7765202437500001 0.4523769546875 0.797429628125 0.444010709375 0.8135980625 0.4352568375 0.8325245984375 0.426594284375 0.8482998187499999 0.4252487734375 0.86287675625 0.4363948546875 0.8711231093749999 0.45346775 0.8730537843749999 0.4654580390625 0.8627854515625 0.47719798906250005 0.8434582468749999 0.490054846875 0.82452239375 0.49477406406249996 0.8067866859375 0.4983533859375 0.792992453125 0.49769306249999995 0.776844515625 0.4842448375 0.7666339453125001
0 0.5611013093749999 0.8849884187500001 0.550137234375 0.8846194265625 0.5392638515625 0.8952791124999999 0.531262246875 0.9130222734375 0.5218474265624999 0.9299808671875001 0.5160113015625 0.9473252234375 0.5241029734375 0.9547907359375 0.5335855015625001 0.9531936484375001 0.5401049328124999 0.9476644015625 0.549132128125 0.9334639093750001 0.5594582390625 0.9275321312499999 0.5673001953125001 0.9117587781250001 0.5708795203125 0.89796454375 0.5671188140625001 0.8897014203125 0.5611013093749999 0.8849884187500001
0 0.42572199375 0.966043015625 0.43292473593749997 0.9723288796875 0.44974666875 0.979380678125 0.46308121562500004 0.9828953968749999 0.47260971406249996 0.972632653125 0.479836065625 0.96040569375 0.48109026093749996 0.9489800734375 0.472474303125 0.9419096421875001 0.44655747031250004 0.933696828125 0.44081266562500004 0.9478898671874999 0.42572199375 0.966043015625
0 0.451823959375 0.9112332125 0.4517096578125 0.9187173578125 0.47769482031250005 0.9281116828125 0.492533903125 0.929259653125 0.50491181875 0.9162332187500001 0.5105199625 0.8996771578124999 0.50055911875 0.8930036671874999 0.48255195000000006 0.8843790046875 0.46928573125 0.8820457968750001 0.45966591718750005 0.8954598578124999 0.451823959375 0.9112332125
0 0.4769226953125 0.862727909375 0.4940179515625 0.8745057515625 0.51177415625 0.8882515375000001 0.5234451499999999 0.8819228140625001 0.538399159375 0.861406646875 0.536963584375 0.850774909375 0.52597715 0.8405587515624999 0.508585584375 0.8283876906250001 0.49739353125 0.8288069953124999 0.485288940625 0.8465594734374999 0.4769226953125 0.862727909375
0 0.5795215890625001 0.829802171875 0.5725915453125 0.8424223468750001 0.5645445953125 0.85465116875 0.5578195453125 0.8708158765625 0.568281690625 0.8814271171874999 0.592375321875 0.8817662953125 0.6055514734375 0.8588908296875 0.6189326171875 0.8395598984375001 0.61986814375 0.81789389375 0.6171789984375 0.804507784375 0.6018386125 0.7994220640624999 0.5887084328125 0.8136318734374999 0.5795215890625001 0.829802171875
0 0.4880933234375 0.6244786453125 0.47336729218749996 0.6442065203125 0.45955317500000004 0.6607812140625 0.4438698859375 0.6781479296875 0.4448265203125 0.6946890828125001 0.451413659375 0.7045213453125 0.4649761859375 0.7072477687500001 0.48121519375000005 0.700436009375 0.5095866234375 0.6650003796874999 0.5151717828125 0.652777146875 0.523013740625 0.6370037890625 0.5269806906250001 0.62045145625 0.516153903125 0.6082654890625 0.498898375 0.61263745 0.4880933234375 0.6244786453125
0 0.5387032828125 0.47783712187500005 0.5227236828125 0.49481062187499997 0.5212868562499999 0.5125388765625 0.5286945921874999 0.5223692734375 0.5421434421875 0.518399846875 0.574580959375 0.4927234234375 0.5899449531250001 0.479296321875 0.5923390390625001 0.46392922499999995 0.588236678125 0.44975854687499994 0.57091281875 0.45294899375000003 0.5565974 0.4655859390625 0.5387032828125 0.47783712187500005
0 0.624139840625 0.40359203906249996 0.6279458921875001 0.41736950312500004 0.630384075 0.43587673593750004 0.6320929734375 0.45123451406250004 0.6418488234375 0.454363471875 0.65484171875 0.45197063593750003 0.671185959375 0.43657186406250004 0.671323246875 0.42475489062499994 0.6737173328125 0.40938779375 0.6700485671874999 0.3837933578125 0.65525545625 0.37397973125 0.6360847859375001 0.3878093671875 0.624139840625 0.40359203906249996
0 0.5476143 0.513660759375 0.5309967359375001 0.524333490625 0.5277820531249999 0.5397024484374999 0.5371726390625 0.5554366749999999 0.548661 0.5554105890625001 0.5601270015625001 0.5455373328124999 0.580437565625 0.5277662203125 0.5896244078125 0.5115959234375 0.5939559984375 0.496618315625 0.58700421875 0.485211328125 0.5760854906249999 0.49035667656250004 0.560653165625 0.50260226875 0.5476143 0.513660759375
0 0.549823253125 0.5613162796875 0.5343679406249999 0.5778946984375 0.52192169375 0.5897396234375 0.5271179765625 0.6086344828125 0.540680503125 0.6113609062500001 0.562107975 0.5939811484375 0.585951890625 0.571081459375 0.598900065625 0.5489942906249999 0.5997212890625 0.53481243125 0.5875949625 0.528537746875 0.574282771875 0.53487019375 0.5623608140624999 0.5463200390625 0.549823253125 0.5613162796875
0 0.5596890296875 0.6562210578125 0.5503655234375 0.670028334375 0.5364600890625 0.6897543453125 0.5269086078125 0.7043499171875001 0.5269992968749999 0.7153785953125 0.53338144375 0.7216663234375 0.5432056249999999 0.725976790625 0.55382804375 0.720438228125 0.578606859375 0.69005253125 0.5817302265625 0.6778348875 0.5925582640625 0.6616608625 0.5913736515625 0.6459080046875 0.57482504375 0.6435822499999999 0.5648182296875001 0.6455744140624999 0.5596890296875 0.6562210578125
0 0.5841677828125 0.7105221171875 0.577009759375 0.7239305859375 0.58102080625 0.7412525828125001 0.58325399375 0.7562152828125 0.5890435203125 0.7617165781249999 0.601215815625 0.7593256078125 0.6109039625 0.7470930578125 0.61334339375 0.7372402984375 0.6163071125 0.7269924640625 0.6122047515625 0.7128217859375 0.6083073828125001 0.7021956390625 0.598027246875 0.6994617625 0.5841677828125 0.7105221171875
0 0.645811396875 0.53707110625 0.6368525328125 0.552453109375 0.62486224375 0.5627214406250001 0.6186844671875 0.57415824375 0.61891181875 0.58754994375 0.62388075 0.5930531015625 0.6345485125 0.5930288781249999 0.6497982062500001 0.5870859203125 0.6624954171875 0.570119871875 0.6662114015625 0.5586886625 0.675238596875 0.5444881703125 0.6687657609375 0.5271717640625 0.6565251328125 0.5283812265625001 0.645811396875 0.53707110625
0 0.7448497203125 0.371814721875 0.729189415625 0.384848609375 0.731422603125 0.3998113109375 0.734887 0.4076812171875 0.7460212078125 0.406072503125 0.7592775656249999 0.3942336171875 0.769034040625 0.3831825796875 0.777901590625 0.37095189375 0.7796117390624999 0.35794968125 0.7713150765625 0.3469396375 0.7616499171875 0.3548393578125 0.7448497203125 0.371814721875
0 0.78050191875 0.3307693390625 0.7770822421875 0.342593765625 0.7770816171875 0.3567737625 0.7856522296875 0.3583298546875 0.797619534375 0.3523943484375 0.8022697937500001 0.347657125 0.8175654578125 0.3330485109375 0.8154006015625 0.319267321875 0.81389669375 0.307454075 0.8007441515625 0.31181671718750004 0.7921729140625 0.3244406171875 0.78050191875 0.3307693390625
0 0.70221963125 0.476685921875 0.6876762328125 0.49011116250000003 0.67536665 0.5043191078125 0.6737931609375 0.519684340625 0.6793547078125 0.5259739328124999 0.6908430703125 0.5259478453125 0.701488475 0.5160764546875 0.7134787640625 0.5058081203125 0.717627721875 0.4971331484375 0.7238738296875 0.486877859375 0.7231221875 0.47388123593750003 0.7133893234375 0.466419453125 0.70221963125 0.476685921875
0 0.7245136703124999 0.45063864374999996 0.7237154328125001 0.46048767343749997 0.7273618359375 0.4762349421875 0.7433408109374999 0.4734414359375 0.7602093390625 0.4576475859375 0.7672990296875 0.4430576046875 0.772587878125 0.43044115468750005 0.7627413359374999 0.4162835203125 0.7503180765625 0.423795615625 0.736435628125 0.43918879843749997 0.7245136703124999 0.45063864374999996
0 0.786859203125 0.38392988125 0.7785842734374999 0.396946996875 0.7785836484375 0.41112699375000006 0.788840803125 0.4181936984375 0.8018113359375001 0.405953696875 0.8136649625000001 0.39332234062500004 0.8173809500000001 0.3818911296875 0.8170852656250001 0.36731791875 0.8096545453124999 0.36182035 0.8006733203125 0.3673551859375 0.786859203125 0.38392988125
0 0.8185438265625 0.3736168265625 0.8280033687499999 0.3763525671875 0.8406546078125 0.3680521765625 0.8484965640625 0.35227882187500004 0.8529648171875 0.3396642359375 0.852053528125 0.328637421875 0.8390836203125 0.3266974296875 0.8308086906250001 0.33971454687499997 0.8161056468749999 0.35510959375 0.8185438265625 0.3736168265625
0 0.8590966234374999 0.336893090625 0.886176959375 0.32265160625 0.903797753125 0.30567438125 0.9048922984375001 0.296218565625 0.863679803125 0.302614365625 0.8506409375 0.313672859375 0.8464006640624999 0.3254991484375 0.8502980328125 0.33612529375 0.8590966234374999 0.336893090625
0 0.6025527171875 0.702216584375 0.6085472359375 0.7112624140625 0.6140857984375 0.7218848312499999 0.6120793390625 0.7344938265625001 0.62454794375 0.7324960703125 0.6350566875 0.7202616578125001 0.636014571875 0.7084428234375 0.636151859375 0.6966258484375001 0.6345796203125 0.6836310906249999 0.6284484406249999 0.6722222390625 0.616960078125 0.6722483265625 0.6072489484375 0.6888137046875 0.6025527171875 0.702216584375
0 0.6352175859375 0.6899318625 0.6356729156250001 0.702535265625 0.636675521875 0.7104107640625 0.6488248343749999 0.7123526203125 0.66323156875 0.6965643578125 0.6662182750000001 0.68198369375 0.6694329578125 0.666614734375 0.6623445171875 0.6528447234375 0.6498305640625001 0.649328140625 0.637612296875 0.6603847703125 0.6338733249999999 0.6761488078125 0.6352175859375 0.6899318625
0 0.654867825 0.6560128109375001 0.6640764015625 0.6638696765625001 0.667814121875 0.676465628125 0.6660586265624999 0.6839535 0.67458389375 0.6799952546875 0.68554859375 0.6661842499999999 0.6909057734374999 0.6547493140625 0.6944621125 0.645287909375 0.6889465343750001 0.6303326625000001 0.6810145125 0.62089734375 0.66524053125 0.62723538125 0.6544124921875001 0.6434094078125 0.654867825 0.6560128109375001
0 0.7100074890625 0.6539181625 0.6998633875 0.6677272999999999 0.685069025 0.6862736640625 0.6800764859374999 0.6992833296875001 0.6836092140625001 0.7083347468750001 0.6965791234375 0.710274740625 0.7135843125 0.6968439109375 0.7235687656249999 0.6850045765624999 0.735057753125 0.67079849375 0.7399589765625 0.660940146875 0.7301577796875 0.65229685 0.7195130015625 0.647988246875 0.7100074890625 0.6539181625
0 0.704442190625 0.73270854375 0.6973754828125001 0.7429656953125 0.6942521171875 0.7551833375 0.7193259921874999 0.7535508484375 0.7350782375 0.723185646875 0.732753734375 0.7113742640625 0.7375866265625 0.70033440625 0.731751753125 0.689318771875 0.7216766078125 0.6901294265625 0.713925965625 0.702751465625 0.71310474375 0.7169333234375 0.704442190625 0.73270854375
0 0.687278603125 0.7197491890625 0.679664625 0.7347342484375 0.6834936609375 0.7441788828125 0.6965548859374999 0.742967559375 0.7028463406250001 0.7382266093750001 0.7116455578124999 0.7248144125 0.714768925 0.71259676875 0.7157497953124999 0.6964451031250001 0.7075208359375 0.7007965656249999 0.6955535312500001 0.7067320687499999 0.687278603125 0.7197491890625
0 0.69147603125 0.6456885781249999 0.687760046875 0.6571197875 0.69266064375 0.6614414375 0.70104925 0.65512016875 0.708686215625 0.6358022812499999 0.70825386875 0.6188660484375 0.7057927015625001 0.6046916421875 0.69544423125 0.600776253125 0.680604525 0.6138082781249999 0.6780054453125001 0.6256308421875 0.6850485421875 0.6338865124999999 0.69147603125 0.6456885781249999
0 0.7075245875 0.61571659375 0.7112623078125 0.6283125453125 0.7244601953124999 0.6294642421875001 0.735493225 0.6168347515625 0.7392092109374999 0.6054035390625 0.7433128234375 0.591214228125 0.7388911671875 0.5809831609375 0.730662834375 0.5711546281250001 0.713908609375 0.5794643359375 0.704858428125 0.5979976546875 0.7075245875 0.61571659375
0 0.797703346875 0.519402975 0.8029455999999999 0.529632178125 0.8124511125 0.5237022625 0.8241450921875 0.5130407156250001 0.8278610796875 0.501609503125 0.8253545656249999 0.481920759375 0.817126234375 0.4720922265625 0.8064354843749999 0.47644927812500004 0.800234721875 0.49221890625000003 0.799504815625 0.5032494484375001 0.797703346875 0.519402975
0 0.8280666968749999 0.490974040625 0.825695596875 0.5020083109375 0.8321920437499999 0.5008118921875 0.83793685 0.486618853125 0.8422454546875 0.4759740734375 0.8408098781250001 0.4653423390625 0.83445071875 0.45472178281250003 0.8234866437499999 0.4543527890625 0.8156446859375001 0.47012614687500004 0.8208869406250001 0.48035534843749994 0.8280666968749999 0.490974040625
0 0.8393960375 0.47873776562500003 0.844752590625 0.4814828234375 0.855261334375 0.4692484109375 0.8579517296875 0.45427453125 0.8591375921875001 0.44166739843749997 0.8478548484375 0.4310580234375 0.8333344374999999 0.440150434375 0.831327975 0.4527594296875 0.8373224953125 0.461805259375 0.8393960375 0.47873776562500003
0 0.7399045796875 0.72631791875 0.74476045625 0.7109452328125 0.7466072703125 0.70030604375 0.74897836875 0.6892717765625 0.7476794546875001 0.6810030625 0.7370346765625 0.676694459375 0.7309994875 0.6905021453125 0.73698808125 0.699540109375 0.73208685625 0.70939845625 0.733978390625 0.7184536015625 0.7292821609375 0.7318564828125 0.7277546421875 0.7385560609375 0.731265009375 0.7377603109375 0.7399045796875 0.72631791875
0 0.7348443328125 0.7239660781249999 0.7272986828125 0.74013265 0.7411121781250001 0.73773795 0.7509599703125 0.7235355953125 0.7592802421875 0.716032815625 0.7686727046875 0.6892270578125 0.757138996875 0.6837388046874999 0.7478844484375 0.6845475953125 0.7442367937500001 0.6971603171874999 0.7434155703124999 0.7113421765625 0.7348443328125 0.7239660781249999
0 0.7381031109375 0.7424714484375 0.7507990718750001 0.7538653921875 0.75939266875 0.7510886578125 0.7656387765625 0.7408333671875 0.7683061875 0.7301923140625 0.7634739203125 0.727052178125 0.7594852375000001 0.71957735 0.7508233078125001 0.721172575 0.744326234375 0.7365489859375 0.7381031109375 0.7424714484375
0 0.793430409375 0.6206342015625 0.789053475 0.6300974703125 0.790740015625 0.6356080796875 0.805579096875 0.6367560531249999 0.8164301187499999 0.6162491984375 0.8170233625 0.6028556359375 0.8187335140625001 0.589853425 0.8127843406249999 0.5863219359375 0.801375490625 0.5924531156249999 0.7981496265625 0.6028984921875 0.793430409375 0.6206342015625
0 0.8243882546875 0.5504517140625 0.819122390625 0.5587353328125 0.8147454546875 0.5681986 0.817161278125 0.5768586671875 0.827373084375 0.578411034375 0.8356933578125 0.5709082546875 0.8425320859375001 0.561439396875 0.8479122531250001 0.5456716328125 0.8446988187500001 0.5326806000000001 0.836424515625 0.5315177234374999 0.828696859375 0.5398069343749999 0.8243882546875 0.5504517140625
0 0.8545472359374999 0.5042982515625 0.8457710046875 0.51337761875 0.8469786031250001 0.5247976484375 0.85538956875 0.5283235484375 0.8655790171875 0.5200287484375 0.878161925 0.510546846875 0.8870294718749999 0.4983161625 0.88126293125 0.4884820375 0.8706181515625 0.48417343281249997 0.8601323937500001 0.4920750171875 0.8545472359374999 0.5042982515625
0 0.9007771343750001 0.4380199703125 0.8922058953124999 0.450643871875 0.8922965875 0.46167255 0.9036482859375001 0.459283440625 0.9123332015625 0.4533553890625 0.9206534749999999 0.44585261093749995 0.9281761375 0.43401886875000006 0.9265125828125 0.42417542812500003 0.9134743437499999 0.421053925 0.907251221875 0.4269763859375 0.9007771343750001 0.4380199703125
0 0.93022794375 0.4269242125 0.938115246875 0.4166651953125 0.9392097937500001 0.40720938125000006 0.9384351671875001 0.3985455890625 0.9325543250000001 0.3961956078125 0.9225698703124999 0.40803494218749997 0.9156398265625001 0.4206551171875 0.9251676984375001 0.42457236875 0.93022794375 0.4269242125
0 0.941946159375 0.38356984375000003 0.9457298515625 0.3875001390625 0.953958809375 0.38314867812500003 0.9624157453125 0.378008921875 0.967157321875 0.3701203796875 0.9663826953125 0.3614565875 0.9565585140625 0.35714611875 0.9525692046875 0.3638512859375 0.9449782109375 0.37450351875 0.941946159375 0.38356984375000003
0 0.9692321140625 0.35869289531250004 0.9750905968750001 0.35119570625 0.9824306249999999 0.3456645984375 0.9882891078125 0.3381674109375 0.9833885109375 0.33384576250000003 0.9768467187500001 0.3295278390625 0.9689594140625 0.3397868578125 0.9606161546875001 0.3516224625 0.9632599531249999 0.359494234375 0.9692321140625 0.35869289531250004
0 0.7823234218749999 0.759702140625 0.7771724843750001 0.7463216203124999 0.7632453171875 0.7420204671875 0.7518929921875 0.758589571875 0.7566333171874999 0.7790610234375 0.767004771875 0.77864358125 0.7823234218749999 0.759702140625
0 0.7842603 0.774271625 0.772635278125 0.7719346890625001 0.7563363828125 0.792847803125 0.7587062328124999 0.8101735234375 0.7806803515625 0.8022458515625001 0.788795634375 0.7911985406250001 0.7842603 0.774271625
0 0.778581325 0.8463661546875001 0.78732864375 0.84161175 0.795603571875 0.8285946328125 0.7958781484374999 0.8049606859375 0.784139446875 0.7959279 0.7742233234375 0.8089487453125 0.7666093453125 0.82393380625 0.764967525 0.8381175265625 0.778581325 0.8463661546875001
0 0.8067036828124999 0.8455066421874999 0.8207457796875 0.8281436515625 0.823732484375 0.8135629874999999 0.8195841515625 0.808057965625 0.8061576593750001 0.8218745578125001 0.8007781203125001 0.8234623296875 0.7921838953125 0.8404190578125 0.7916136375 0.8494797953125 0.8067036828124999 0.8455066421874999
0 0.797587046875 0.820318465625 0.8069099281250001 0.820691184375 0.8157544890624999 0.8127933265625 0.826559540625 0.8009521296875001 0.8320080375 0.786365875 0.8219782375 0.79269086875 0.8131336749999999 0.8005887265625 0.8010980406250001 0.805342721875 0.797587046875 0.820318465625
0 0.800234596875 0.7431102640625 0.8000743265624999 0.7592600671875 0.8094885218750001 0.7564814671875 0.817877128125 0.7501602 0.8270863296875 0.74383706875 0.836341503125 0.72884828125 0.8319881796875 0.7197987265625 0.8237368593750001 0.7143030203125 0.800234596875 0.7431102640625
0 0.80253611875 0.7592544765625 0.7984554921875 0.7691109593750001 0.8069577734375001 0.7694855421875 0.8180361484375 0.7623703890625 0.8295251374999999 0.7481643078125 0.8355662531249999 0.734364484375 0.8318962390625 0.7371300390625 0.8220714296875 0.7469995671875 0.8114260265625 0.7568709578124999 0.80253611875 0.7592544765625
0 0.7964036859375 0.7762056140625 0.799708434375 0.7860453296875 0.8069341640625 0.787998365625 0.8180355234375 0.7765503859375 0.8266067625 0.7639264828125001 0.8352693171875 0.7481512640625 0.828613221875 0.7513174874999999 0.8207942515625 0.762758015625 0.8088269468749999 0.7686935203124999 0.7964036859375 0.7762056140625
0 0.801554621875 0.7895861359375 0.8001637687500001 0.7986487359375001 0.8104439046874999 0.8013826125 0.8245313453125 0.7895339609375001 0.8307091234374999 0.7780971609375 0.8353140375000001 0.7678455984375 0.8300258140624999 0.7662820515625001 0.820793625 0.7769380109374999 0.811721084375 0.7856241640625 0.801554621875 0.7895861359375