0 0.9378212671874999 0.40466404375 0.9252785625 0.3927771265625 0.9024414125 0.40250281406250005 0.8693175375 0.456691353125 0.8575568703125 0.4944487546875 0.8860527234375001 0.5068159390625 0.9396508078125001 0.418462853125 0.9378212671874999 0.40466404375
0 0.8777308906249999 0.44294795000000003 0.90338195625 0.39856821249999996 0.9076736765625 0.38204473125 0.8944828984375001 0.3685784328125 0.8645246796875 0.3837811671875 0.824161203125 0.4410822953125 0.8167515203125 0.46349844375 0.84035913125 0.46914171250000003 0.8593709781250001 0.46254708281249995 0.8777308906249999 0.44294795000000003
0 0.7826562328125 0.43022061562499997 0.7867224609375 0.44324358750000004 0.80055745 0.446864146875 0.814803446875 0.447335178125 0.8324560249999999 0.42497443593749995 0.843750278125 0.40060945468750003 0.857810759375 0.3746835609375 0.8688718062499999 0.3570147921875 0.8706936296875 0.3479633609375 0.85450341875 0.342754184375 0.8328438796875 0.35327418125 0.8104254515625 0.382700584375 0.7826562328125 0.43022061562499997
0 0.7662380625 0.27293818281250004 0.737572128125 0.279874559375 0.722982109375 0.30658552499999997 0.719405446875 0.3487208578125 0.723246184375 0.391290284375 0.7647434390625001 0.3793017203125 0.77636628125 0.28205425625 0.7662380625 0.27293818281250004
0 0.697852865625 0.327329946875 0.710708725 0.2206339 0.685042225 0.21931315156250003 0.6686819328125 0.2334075359375 0.6572730046874999 0.2668331828125 0.6518152515625 0.3168377203125 0.6577110203125 0.3436595015625 0.6860844796875 0.34223710937499996 0.697852865625 0.327329946875
0 0.6418609734375 0.29984320625 0.6532982984375 0.1761988171875 0.606150059375 0.18894475156249999 0.60260040625 0.31105593125 0.6418609734375 0.29984320625
0 0.598768775 0.12114215937499999 0.5583305984375 0.131560575 0.5439531046875 0.2646443140625 0.571915559375 0.26637145 0.5875685125000001 0.2495154578125 0.598768775 0.12114215937499999
0 0.5356943984375 0.2133836734375 0.5373552453125 0.07629145625 0.48885545468749997 0.0961215203125 0.4957857609375 0.22301701718750003 0.5356943984375 0.2133836734375
0 0.4658636578125 0.1708512515625 0.45515187968750004 0.00256855625 0.3968240609375 0.0306188046875 0.42071889999999995 0.18951755625 0.4658636578125 0.1708512515625
0 0.20004570781250003 0.24741919375000002 0.2630453828125 0.10829496875 0.2090531140625 0.075303478125 0.14546463437499998 0.21403055 0.20004570781250003 0.24741919375000002
0 0.23954120625000003 0 0.2120448296875 0.0441961125 0.2734545 0.0776216953125 0.3079353953125 0 0.23954120625000003 0
0 0.32989459375 0.3864047078125 0.3911986953125 0.281546609375 0.3504564703125 0.263203646875 0.2955699578125 0.3712482109375 0.32989459375 0.3864047078125
0 0.371525815625 0.4224810828125 0.44477995937500003 0.317687628125 0.409862659375 0.29070885625 0.3380231921875 0.4010255296875 0.371525815625 0.4224810828125
0 0.420041040625 0.44835150312499994 0.49423958749999997 0.35104856875 0.46820977187499996 0.3197842140625 0.3927189390625 0.42535350781250003 0.420041040625 0.44835150312499994
0 0.45978345468750004 0.46944684218750005 0.5305122953125 0.38236833125 0.5101927328125 0.3515288328125 0.4362866578125 0.4433177875 0.45978345468750004 0.46944684218750005
0 0.503528971875 0.490957803125 0.57243213125 0.40150560156250004 0.5446397593750001 0.3804749078125 0.473970184375 0.4687356453125 0.503528971875 0.490957803125
0 0.5449746765625 0.5006372546875 0.6148815062499999 0.4198578015625 0.59609129375 0.38548085625 0.5204780703125 0.477260575 0.5449746765625 0.5006372546875
0 0.5790106984375 0.53273285625 0.64979880625 0.44683657187500003 0.6277128281250001 0.41480561250000003 0.5509812625 0.5069732499999999 0.5790106984375 0.53273285625
0 0.651248209375 0.5551858796875 0.7218623765625 0.477168034375 0.6970694374999999 0.447880215625 0.6262220625 0.5325942703125001 0.651248209375 0.5551858796875
0 0.688168990625 0.5880850234375 0.7581350859375 0.5084877953125 0.7424112890625 0.48988619843750003 0.6606098234375 0.5603581171875 0.688168990625 0.5880850234375
0 0.9242258124999999 0.587392103125 0.9346387875 0.5681439515625 0.921033146875 0.546402059375 0.8288032734374999 0.5904216453125 0.840998096875 0.618065440625 0.8783183078125001 0.6135396921875 0.9242258124999999 0.587392103125
0 1 0.51620956875 0.9475809234374999 0.5426059765625 0.9545950375000001 0.569039840625 1 0.5560168156249999 1 0.51620956875
0 0.70586786875 0.702825734375 0.7280015390625 0.70176355625 0.7553120625 0.6904861906249999 0.7838556031249999 0.6697602375 0.787969521875 0.649690075 0.75564836875 0.64045395 0.6997981609374999 0.683882390625 0.70586786875 0.702825734375
0 0.6336573671875 0.7603485578125 0.6464255640625 0.7426890234375 0.645184828125 0.7292873656250001 0.62422876875 0.73114385 0.6013916203125 0.7408695390625 0.579735940625 0.762814659375 0.5906307640625 0.77587456875 0.6042879546875 0.7759484453125001 0.6336573671875 0.7603485578125
0 0.5718598421875 0.7986232296875 0.5729150609375 0.7856279609375 0.5574321875 0.7831803953125 0.5277110359375 0.8031120390625001 0.5167092546875 0.8219630375 0.533606803125 0.829933821875 0.560209990625 0.8158948453124999 0.5718598421875 0.7986232296875
0 0.7298917328125001 0.5465500078125001 0.662569471875 0.610796746875 0.6704648609375 0.632113778125 0.708132953125 0.6118311546874999 0.742552971875 0.5608013781250001 0.7298917328125001 0.5465500078125001
0 0.621447109375 0.6870042796875 0.67076119375 0.6380249171875 0.6530931843750001 0.614685175 0.58653366875 0.6714506296875 0.593251446875 0.6919733546875 0.621447109375 0.6870042796875
0 0.61719150625 0.6361592609375 0.595287184375 0.61910010625 0.54538429375 0.6676823140625 0.5672293500000001 0.6835592421875 0.61719150625 0.6361592609375
0 0.5853367640625 0.613530715625 0.5590183359374999 0.5992054640625 0.5106486515625 0.6556753468750001 0.531316096875 0.6707579640625 0.5853367640625 0.613530715625
0 0.5042310624999999 0.6524888796874999 0.5422431765625 0.60502425625 0.54529801875 0.586524240625 0.5185685828125 0.57534851875 0.4665513953125 0.638496140625 0.47774255156249995 0.6574671890625 0.5042310624999999 0.6524888796874999
0 0.4754118703125 0.554234709375 0.4150367359375 0.62088284375 0.44959843906249997 0.64076825 0.5115660453124999 0.58319001875 0.503907721875 0.5666018953124999 0.4754118703125 0.554234709375
0 0.46487264531249994 0.5482681656249999 0.43378450625 0.5295834546875 0.3820636515625 0.5986422171875 0.4090301546875 0.6145468484375 0.46487264531249994 0.5482681656249999
0 0.393279346875 0.515969403125 0.34220656250000003 0.5866075453125 0.37070241406250004 0.598974728125 0.4247192234375 0.53032235625 0.42218620468749996 0.5251870578125 0.393279346875 0.515969403125
0 0.34800447968750003 0.49799588906250003 0.29434326718750004 0.5737416265624999 0.33125633125 0.583790528125 0.3835659921875 0.5151289218749999 0.376970603125 0.5083957734375 0.34800447968750003 0.49799588906250003
0 0.3434679796875 0.48694021875000004 0.3073176609375 0.4694100328125 0.255071125 0.5506789875 0.2892772296875 0.563471028125 0.3434679796875 0.48694021875000004
0 0.289949840625 0.4634065484375 0.2824100484375 0.4491828796875 0.263923884375 0.443567315625 0.21214762031249998 0.52286896875 0.241587875 0.542726671875 0.289949840625 0.4634065484375
0 0.20678524999999998 0.506687234375 0.24755973281250002 0.446236578125 0.2155271921875 0.42006134843750004 0.1795224171875 0.48487146562500005 0.20678524999999998 0.506687234375
0 0.1837485390625 0.27412092499999996 0.1894549328125 0.2631206625 0.14759050468749998 0.2337404984375 0.09341133125 0.344546671875 0.14074894531249998 0.369622784375 0.1837485390625 0.27412092499999996
0 0.0713355390625 0.516985665625 0.1079214015625 0.42972245937500003 0.056347478124999996 0.41092693437500005 0.020998490624999998 0.5001666734375 0.0713355390625 0.516985665625
0 0 0.6162100796875001 0.082182671875 0.5631387109375 0.0698061875 0.5205231125 0 0.5654313296875 0 0.6162100796875001
0 0.1218142703125 0.6047198359375 0.1221660078125 0.6003880796875001 0.1020203875 0.56167014375 0.0102053765625 0.6139653234375 0.029936134375 0.644407665625 0.1218142703125 0.6047198359375
0 0.1558541484375 0.6482405578125 0.20494274531249998 0.6288076484375 0.20594255625 0.6260552734375 0.19916551093749998 0.6043503203125 0.1836787796875 0.5904776328125 0.1421222578125 0.60128396875 0.10663158749999999 0.6196085265625 0.10940552968749999 0.6408978578125 0.1558541484375 0.6482405578125
0 0.1747036296875 0.6837997296875 0.2562834625 0.654299384375 0.25150218125 0.6156645609375 0.1622124734375 0.6502447984375 0.1747036296875 0.6837997296875
0 0.357127640625 0.66863380625 0.2844198578125 0.6481480828125 0.26600839375 0.6894152296875 0.34530770624999996 0.7052089796875001 0.357127640625 0.66863380625
0 0.44149299375 0.6946981531249999 0.3810315828125 0.6801882109374999 0.3635013984375 0.716338528125 0.4295545265625 0.728908875 0.44149299375 0.6946981531249999
0 0.5143193078125 0.7175483296875 0.44702930468749996 0.70300145 0.4323838765625 0.739955309375 0.500792225 0.7541142734374999 0.5143193078125 0.7175483296875
0 1 0.615213584375 0.9853868421875 0.5818134125000001 0.9477187499999999 0.6020960375 0.9680460312499999 0.655785775 1 0.63304035625 1 0.615213584375
0 0.9311175328125 0.6000363890625 0.8887428609375 0.6285669046875 0.9200203703125001 0.685073659375 0.95362609375 0.6631931828125001 0.9311175328125 0.6000363890625
0 0.93868819375 0.705661028125 0.8559938765625 0.7469744109375 0.8826124953125 0.7786359203125001 0.9404661843750001 0.7411278515624999 0.93868819375 0.705661028125
0 0.7892527015625 0.7887680625 0.80044385625 0.807739109375 0.8269323703125 0.8027608 0.8599454296875001 0.76905805 0.84369209375 0.751241525 0.7892527015625 0.7887680625
0 0.8672804109375001 0.6997591890625 0.8266490015624999 0.6609304390624999 0.801934621875 0.6899504515625 0.8338524875 0.7251863468749999 0.8672804109375001 0.6997591890625
0 0.7765683125 0.7059659625 0.7550311640625 0.7302755359375 0.7992469546875001 0.749819196875 0.826553621875 0.727116709375 0.7765683125 0.7059659625
0 0.74372919375 0.7317902765625 0.7294909125 0.7541694859375 0.77647293125 0.772152234375 0.7937145015625 0.752941021875 0.74372919375 0.7317902765625
0 0.6986831640625 0.7800805828125 0.7433668734375 0.7988347390625 0.7609944046875 0.7895803734375 0.7678631874999999 0.77577994375 0.722256671875 0.7547768640625 0.6986831640625 0.7800805828125
0 0.735014509375 0.8045863843750001 0.7365488578125 0.7974888953125 0.69113925625 0.7804137625 0.6743538015625 0.8010793406250001 0.704144771875 0.8190049593750001 0.7203486453125 0.8136697749999999 0.735014509375 0.8045863843750001
0 0.7143708765625 0.8183123 0.6936936203124999 0.8152085359375001 0.6666148125 0.8029074234375001 0.6502757781249999 0.8217054703125 0.67872565 0.839810828125 0.6999318875 0.8373076203125001 0.7143708765625 0.8183123
0 0.6759364265625 0.854194309375 0.6802355312499999 0.8429979 0.6397702 0.8222096249999999 0.6166694140625 0.840784103125 0.634140984375 0.86612285625 0.6664961375 0.8651759109375 0.6759364265625 0.854194309375
0 0.7485453421875 0.826724915625 0.7562653609375001 0.8514499343749999 0.795071 0.839131225 0.807163525 0.8218061609375 0.8004525375 0.80643631875 0.7485453421875 0.826724915625
0 0.73984010625 0.8631417296875 0.7440939375 0.883360134375 0.7714766875 0.8855651984374999 0.8109256640625 0.87530690625 0.810301303125 0.8466933875 0.73984010625 0.8631417296875
0 0.45976086250000003 0.8618136640625 0.4777033234375 0.8750003312500001 0.5096346890625 0.8602135078125001 0.529072378125 0.83320446875 0.5080856890625001 0.8239282187500001 0.45976086250000003 0.8618136640625
0 0.46010392031249997 0.8848158296875 0.4400962984375 0.8789107765624999 0.439565484375 0.8790948999999999 0.4022470875 0.9103080859375 0.420077028125 0.921250209375 0.4535708734375 0.8999270375 0.46010392031249997 0.8848158296875
0 0.5858051703125 0.8714712203125 0.5753069171875 0.8936667625 0.6228978640625 0.9165505234375001 0.6345176671874999 0.9059546968750001 0.6369411984375 0.8842764593749999 0.5858051703125 0.8714712203125
0 0.6264294671874999 0.9492936437499999 0.62565280625 0.9661189374999999 0.66530235625 0.9706342890625 0.680470903125 0.9608056375 0.67414824375 0.9370231484374999 0.6264294671874999 0.9492936437499999
0 0.6122191828125 0.9836237421874999 0.6206522734375 0.9687098093750001 0.6100305109375 0.9561237265625 0.5676779578125 0.9730981078125 0.5717067484375 0.98882743125 0.59975913125 0.9882312000000001 0.6122191828125 0.9836237421874999
0 0.5605868203125 1 0.5638008078125 0.992711546875 0.5508888390625 0.9829179937499999 0.5256381515624999 1 0.5605868203125 1
0 0.59780898125 0.9223986265624999 0.6078644765625 0.91291630625 0.5765073640625 0.8906813453125 0.5702201625 0.8891513812499999 0.55348730625 0.9000935359375 0.551590925 0.9107419578125 0.5629104515625001 0.9210878796875 0.579676934375 0.926975403125 0.59780898125 0.9223986265624999
0 0.5601793203125001 0.942016478125 0.5645628171875 0.9325034765625 0.5352482328125 0.9186943125000001 0.512678259375 0.9370846671875 0.527940353125 0.9560536578125 0.5460742328125 0.956899728125 0.5601793203125001 0.942016478125
0 0.5489796421875 0.9556064859375001 0.54984435625 0.9513102906249999 0.5272407578125 0.9528709687499999 0.515251596875 0.9453263406250001 0.5061959765624999 0.9370496015625 0.49463243281249997 0.9487676953124999 0.4976277265625 0.9654263984375 0.5090842421875 0.9677323046874999 0.5249560468750001 0.9719320359375001 0.5381701234375 0.9662066921875001 0.5489796421875 0.9556064859375001
0 0.502825171875 0.9667634749999999 0.4946642265625 0.960174525 0.48639076093750006 0.951341034375 0.470411928125 0.9611653015625 0.470974534375 0.9723880078124999 0.481063653125 0.979735365625 0.4936943171875 0.9839175656249999 0.506741440625 0.9802482546875 0.5176916109375 0.9724537249999999 0.502825171875 0.9667634749999999