0 0.66015625 0.24140625 0.078125 0.0953125
0 0.63046875 0.26796875 0.0921875 0.109375
0 0.60234375 0.2921875 0.0875 0.10625
0 0.5796875 0.3203125 0.090625 0.1078125
0 0.55390625 0.33828125 0.090625 0.1078125
0 0.5296875 0.35625 0.0703125 0.084375
0 0.69140625 0.13125 0.0875 0.10625
0 0.77421875 0.234375 0.078125 0.0921875
0 0.8671875 0.35546875 0.0734375 0.0890625
0 0.92421875 0.44609375 0.0890625 0.1015625
0 0.90546875 0.4796875 0.0828125 0.090625
0 0.86953125 0.4953125 0.084375 0.0890625
0 0.8296875 0.53515625 0.0703125 0.0671875
0 0.77109375 0.5671875 0.0703125 0.0703125
0 0.77265625 0.3453125 0.0875 0.1078125
0 0.765625 0.37734375 0.078125 0.09375
0 0.7421875 0.4 0.078125 0.0921875
0 0.715625 0.41875 0.075 0.0875
0 0.7297108703124999 0.4564078328125 0.6766596125000001 0.40157010312499997 0.6637953890625 0.41568088124999997 0.7145220875 0.4779247515625 0.7315798796874999 0.47791891093750005 0.7297108703124999 0.4564078328125
0 0.67890625 0.4609375 0.0734375 0.0859375
0 0.65390625 0.47578125 0.0703125 0.08125
0 0.6328125 0.49609375 0.0828125 0.0953125
0 0.5984375 0.525 0.075 0.0875
0 0.58203125 0.54140625 0.0671875 0.078125
0 0.54609375 0.54609375 0.0796875 0.0921875
0 0.47265625 0.47578125 0.0796875 0.090625
0 0.4625 0.4328125 0.0859375 0.1
0 0.5453125 0.090625 0.1078125 0.1203125
0 0.509375 0.11875 0.0921875 0.1046875
0 0.48515625 0.15 0.1 0.1140625
0 0.46015625 0.18515625 0.09375 0.10625
0 0.43125 0.2265625 0.0953125 0.109375
0 0.40234375 0.2609375 0.096875 0.1078125
0 0.36484375 0.31328125 0.078125 0.09375
0 0.35625 0.346875 0.0625 0.071875
0 0.3421875 0.3796875 0.0484375 0.053125
0 0.43359375 0.53125 0.0796875 0.090625
0 0.50859375 0.58671875 0.0765625 0.0875
0 0.72734375 0.59140625 0.0578125 0.05625
0 0.68125 0.61875 0.0609375 0.0609375
0 0.58984375 0.65 0.0703125 0.0796875
0 0.6484375 0.6984375 0.059375 0.0671875
0 0.6984375 0.74375 0.0546875 0.0625
0 0.753125 0.79375 0.053125 0.0609375
0 0.8015625 0.83359375 0.046875 0.053125
0 0.44921875 0.61328125 0.053125 0.0546875
0 0.48125 0.6390625 0.0546875 0.0546875
0 0.51171875 0.66796875 0.0578125 0.059375
0 0.58125 0.73515625 0.04375 0.0453125
0 0.559375 0.71640625 0.040625 0.040625
0 0.54140625 0.6921875 0.0484375 0.05
0 0.34609375 0.5328125 0.0578125 0.0625
0 0.396875 0.6265625 0.0671875 0.075
0 0.47421875 0.703125 0.0609375 0.0671875
0 0.70703125 0.85078125 0.0421875 0.040625
0 0.68671875 0.83125 0.046875 0.0453125
0 0.6515625 0.80546875 0.04375 0.04375
0 0.64609375 0.8640625 0.046875 0.0515625
0 0.7 0.903125 0.04375 0.05
0 0.728125 0.86953125 0.040625 0.040625
0 0.49921875 0.75078125 0.065625 0.0734375
0 0.51015625 0.78046875 0.059375 0.0640625
0 0.48515625 0.8109375 0.0359375 0.0390625
0 0.50234375 0.8015625 0.0453125 0.05
0 0.4640625 0.82578125 0.03125 0.03125
0 0.4421875 0.83515625 0.04375 0.0453125
0 0.50859375 0.87890625 0.040625 0.046875
0 0.4796875 0.8765625 0.04375 0.05